product_token,name,category,sales_count,order_count,visit_count,date
p_wj3u3m87yx,Short Sleeve T-Shirt | Active | Crew Neck | Black,T-Shirts,0,0,0,2023-01-01 00:00:00
p_svsvrfrcb6,Black Active Long Sleeve Crew Neck T-Shirt,T-Shirts,0,0,0,2023-01-01 00:00:00
p_vjfh4zw9pd,Short Sleeve Active Polo Shirt | Black,Polos,0,0,0,2023-01-01 00:00:00
p_2gwdmudpww,Long Sleeve Shirt | Crew Neck | Black,Shirt,0,0,0,2023-01-01 00:00:00
p_p6zw3xeg4v,Short Sleeve T-Shirt | Crew Neck | Black,T-Shirts,0,0,0,2023-01-01 00:00:00
p_8jmz33scf8,Sweatshirt | Pullover Crew Neck | Fleece French Terry | Black,Sweatshirt,0,0,0,2023-01-01 00:00:00
p_26twzeayzk,Pullover Hoodie | Fleece French Terry | Black,Hoodie,0,0,0,2023-01-01 00:00:00
p_xnzebcgf9j,Zip Hoodie | Fleece French Terry | Black,Hoodie,0,0,0,2023-01-01 00:00:00
p_v9vmgr3m4t,Polo Shirt | Black,Polos,0,0,0,2023-01-01 00:00:00
p_uwm4psyppk,Black Tall Straight Hem Crew Neck T-Shirt,T-Shirts,0,0,0,2023-01-01 00:00:00
p_s7yfamyjwt,Black V-Neck T-Shirt,T-Shirts,0,0,0,2023-01-01 00:00:00
p_htnnbrvvmk,Carbon Active Crew Neck,T-Shirts,0,0,0,2023-01-01 00:00:00
p_rgamhxuwjz,Carbon Crew Neck Long Sleeve,Shirt,0,0,0,2023-01-01 00:00:00
p_szpx92nwke,Carbon Fleece French Terry Zip Hoodie,Hoodie,0,0,0,2023-01-01 00:00:00
p_prm2runmas,Carbon Long Sleeve Henley,T-Shirts,0,0,0,2023-01-01 00:00:00
p_gf9pckvcm8,Carbon Short Sleeve Polo Shirt,Polos,0,0,0,2023-01-01 00:00:00
p_ujs2rxbwwy,Charcoal Heather Gray Active Long Sleeve Crew Neck,T-Shirts,0,0,0,2023-01-01 00:00:00
p_73vqwcfbpf,Charcoal Heather Gray Short Sleeve Active Polo Shirt,Polos,0,0,0,2023-01-01 00:00:00
p_9744mpdv5n,Charcoal Heather Gray Long Sleeve,Shirt,0,0,0,2023-01-01 00:00:00
p_3dh3myqfyq,Charcoal Heather Gray Polo,Polos,0,0,0,2023-01-01 00:00:00
p_yjazyejt4q,Charcoal Heather Gray V-Neck,Shirt,0,0,0,2023-01-01 00:00:00
p_xhhgk2nnba,Heather Burgundy Crew Neck T-Shirt,Shirt,0,0,0,2023-01-01 00:00:00
p_gbd3qsz25s,Heather Charcoal Gray Crew Neck T-Shirt,Shirt,0,0,0,2023-01-01 00:00:00
p_ea2gekbzfm,Heather Gray Crew Neck Long Sleeve,T-Shirts,0,0,0,2023-01-01 00:00:00
p_bdybxrzhhw,Heather Gray Fleece French Terry Pullover Hoodie,Hoodie,0,0,0,2023-01-01 00:00:00
p_cz4mtzemgt,Heather Gray Fleece French Terry Zip Hoodie,Hoodie,0,0,0,2023-01-01 00:00:00
p_ddgsdeyzu9,Heather Gray Long Sleeve Henley,T-Shirts,0,0,0,2023-01-01 00:00:00
p_5rc5ezqwny,Heather Gray Short Sleeve Polo Shirt,Polos,0,0,0,2023-01-01 00:00:00
p_shhxbvvxxp,Heather Indigo Active Crew Neck T-Shirt,T-Shirts,0,0,0,2023-01-01 00:00:00
p_4fs9u74y4x,Heather Indigo Crew Neck Long Sleeve,T-Shirts,0,0,0,2023-01-01 00:00:00
p_hmkhv4g497,Heather Indigo Crew Neck T-Shirt,Shirt,0,0,0,2023-01-01 00:00:00
p_s6hq3cbp99,Heather Indigo Short Sleeve Polo Shirt,Polos,0,0,0,2023-01-01 00:00:00
p_5q6tnqwruf,Heather Light Gray Active Long Sleeve Crew Neck,T-Shirts,0,0,0,2023-01-01 00:00:00
p_ggx5q9x8xm,Heather Military Green Active Crew Neck T-Shirt,Shirt,0,0,0,2023-01-01 00:00:00
p_xngupz8qg8,Heather Military Green Active Long Sleeve Crew Neck,T-Shirts,0,0,0,2023-01-01 00:00:00
p_pzg4uy9ru4,Heather Military Green Short Sleeve Active Polo Shirt,Polos,0,0,0,2023-01-01 00:00:00
p_kajnxmygka,Heather Military Green Crew Neck T-Shirt,Shirt,0,0,0,2023-01-01 00:00:00
p_95axe6dfn6,Heather Navy Active Crew Neck T-Shirt,T-Shirts,0,0,0,2023-01-01 00:00:00
p_5kpddtqty2,Heather Navy Active Long Sleeve Crew Neck,T-Shirts,0,0,0,2023-01-01 00:00:00
p_ccse4psnan,Heather Navy Crew Neck Long Sleeve,T-Shirts,0,0,0,2023-01-01 00:00:00
p_ug6duq4hvt,Heather Navy Crew Neck T-Shirt,Shirt,0,0,0,2023-01-01 00:00:00
p_vrmxbznmh9,Indigo Long Sleeve Henley,Shirt,0,0,0,2023-01-01 00:00:00
p_bhfd33ejhy,Indigo Short Sleeve Polo Shirt,Polos,0,0,0,2023-01-01 00:00:00
p_955cnseek9,Light Heather Gray Crew Neck Long Sleeve,T-Shirts,0,0,0,2023-01-01 00:00:00
p_6zjn28jf23,Military Green Crew Neck Long Sleeve,Shirt,0,0,0,2023-01-01 00:00:00
p_shcbhfeqaq,Military Green Fleece French Terry Pullover Crew Neck Sweatshirt,Sweatshirt,0,0,0,2023-01-01 00:00:00
p_3wz546brng,Military Green Fleece French Terry Pullover Hoodie,Hoodie,0,0,0,2023-01-01 00:00:00
p_8q6kvd32nc,Military Green Fleece French Terry Zip Hoodie,Hoodie,0,0,0,2023-01-01 00:00:00
p_brwwn6xkwh,Military Green Long Sleeve Henley,T-Shirts,0,0,0,2023-01-01 00:00:00
p_mwv4sjthwt,Military Green Short Sleeve Polo Shirt,Polos,0,0,0,2023-01-01 00:00:00
p_vtkmnr87v2,Navy Active Crew Neck T-Shirt,T-Shirts,0,0,0,2023-01-01 00:00:00
p_tpzfdnukzs,Navy Active Long Sleeve Crew Neck,T-Shirts,0,0,0,2023-01-01 00:00:00
p_bptwztkuks,Navy Short Sleeve Active Polo Shirt,Polos,0,0,0,2023-01-01 00:00:00
p_tjh5t8a6tw,Navy Crew Neck Long Sleeve,Shirt,0,0,0,2023-01-01 00:00:00
p_rezzg23bjy,Navy Fleece French Terry Pullover Crew Neck Sweatshirt,Sweatshirt,0,0,0,2023-01-01 00:00:00
p_k6s6hftqfe,Navy Fleece French Terry Pullover Hoodie,Hoodie,0,0,0,2023-01-01 00:00:00
p_h9z43a8zde,Navy Fleece French Terry Zip Hoodie,Hoodie,0,0,0,2023-01-01 00:00:00
p_ngbbqfwzd5,Navy Long Sleeve Henley,Shirt,0,0,0,2023-01-01 00:00:00
p_rhexhysfzs,Navy Short Sleeve Polo Shirt,Polos,0,0,0,2023-01-01 00:00:00
p_xa4dn5yc22,Navy Tall Short Sleeve Polo Shirt,Polos,0,0,0,2023-01-01 00:00:00
p_2wu3jtehp2,Navy Short Sleeve V-Neck T-Shirt,Shirt,0,0,0,2023-01-01 00:00:00
p_8rbvhb5tdc,White Active Crew Neck T-Shirt,Shirt,0,0,0,2023-01-01 00:00:00
p_r5gttk27sm,White Active Long Sleeve Crew Neck,Shirt,0,0,0,2023-01-01 00:00:00
p_2cus7843n6,White Crew Neck Long Sleeve,Shirt,0,0,0,2023-01-01 00:00:00
p_twpefb4vpq,White Long Sleeve Henley,T-Shirts,0,0,0,2023-01-01 00:00:00
p_6hvvy94kq4,White Short Sleeve Polo Shirt,Polos,0,0,0,2023-01-01 00:00:00
p_m6x758mjvq,White Short Sleeve Tall Polo Shirt,Polos,0,0,0,2023-01-01 00:00:00
p_s49r5jxnqq,White Short Sleeve V-Neck T-Shirt,T-Shirts,0,0,0,2023-01-01 00:00:00
p_fx25mpavbf,Long Sleeve T-Shirt | Hooded | Black,T-Shirts,0,0,0,2023-01-01 00:00:00
p_gawdf2gbfa,Long Sleeve Polo Shirt | Black,Polos,0,0,0,2023-01-01 00:00:00
p_xafkdxwnvm,Black Waffle Hoodie,Hoodie,0,0,0,2023-01-01 00:00:00
p_yev838e3bk,Dark Olive Waffle Hoodie,Hoodie,0,0,0,2023-01-01 00:00:00
p_3h5wxbdgfn,White Long Sleeve Polo Shirt,Polos,0,0,0,2023-01-01 00:00:00
p_g5xjgypbqs,Long Sleeve Button Up Shirt | Black,Button Down Shirts,0,0,0,2023-01-01 00:00:00
p_pqjyybc86f,Black Waffle Long Sleeve Crew Neck T-Shirt,T-Shirts,0,0,0,2023-01-01 00:00:00
p_5pqpzmazbr,Carbon Long Sleeve Button Up Shirt,Button Down Shirts,0,0,0,2023-01-01 00:00:00
p_anqd83cjye,Military Green Waffle Long Sleeve Crew Neck,Sweatshirt,0,0,0,2023-01-01 00:00:00
p_vp3anzz9s3,White Button Up Shirt,Button Down Shirts,0,0,0,2023-01-01 00:00:00
p_92vf4hpdrt,White Commuter Short Sleeve Button Up,Button Down Shirts,0,0,0,2023-01-01 00:00:00
p_85skykpy7r,Short Sleeve Button Up Shirt | Commuter | Black,Button Down Shirts,0,0,0,2023-01-01 00:00:00
p_v5bwyyhget,Carbon Commuter Short Sleeve Button Up,Button Down Shirts,0,0,0,2023-01-01 00:00:00
p_5kr9enrf6j,Short Sleeve Tee | Loungewear | Charcoal Heather Gray,T-Shirts,0,0,0,2023-01-01 00:00:00
p_rpwqburrmc,Dark Heather Cadet Active Polo,Polos,0,0,0,2023-01-01 00:00:00
p_8tryb2ahrp,Dark Heather Cocoa Active Polo,Polos,0,0,0,2023-01-01 00:00:00
p_vnexp6dh3m,Heather Centurion Short Sleeve Active Polo Shirt,Polos,0,0,0,2023-01-01 00:00:00
p_8pczdfc69m,Heather Cocoa Short Sleeve Active Polo Shirt,Polos,0,0,0,2023-01-01 00:00:00
p_xdyq8mewrc,Short Sleeve Button Up Shirt | Black,Button Down Shirts,0,0,0,2023-01-01 00:00:00
p_56qjzafa6s,Carbon Short Sleeve Button Up Shirt,Button Down Shirts,0,0,0,2023-01-01 00:00:00
p_7dyz93zegj,"Shorts | Active Training | 7"" | Sapphire",Athletic Shorts,0,0,0,2023-01-01 00:00:00
p_3pkg63ym5k,"Shorts | Active Training | 7"" | Steel",Shorts,0,0,0,2023-01-01 00:00:00
p_k5hymg84ez,"Shorts | Training | 7"" | 2-in-1 Black",Athletic Shorts,0,0,0,2023-01-01 00:00:00
p_mm5tbn6qza,Sweatshirt | Comfort Crew | Black,Sweatshirt,0,0,0,2023-01-01 00:00:00
p_2uptnqrxy2,Hoodie | Active Comfort | Pullover | Black,Hoodie,0,0,0,2023-01-01 00:00:00
p_ys335pw23m,Pants | Active Comfort | Straight Leg | Black,Sweatpants & Joggers,0,0,0,2023-01-01 00:00:00
p_9attt36kqt,Blazer | Black,Blazer,0,0,0,2023-01-01 00:00:00
p_84w66d79b8,Pants | Comfort Chino | Black,Pants,0,0,0,2023-01-01 00:00:00
p_349fd5fte5,Sweater | Crew Neck | Black,Knit Sweaters,0,0,0,2023-01-01 00:00:00
p_zzvxdda285,Fleece Shacket | Black,Jacket,0,0,0,2023-01-01 00:00:00
p_z7kat66jsb,Puffer Vest | Black,Outerwear Vests,0,0,0,2023-01-01 00:00:00
p_w99wqwtmd8,Performance Shirt | Quarter Zip | Black,Athletic Tops,0,0,0,2023-01-01 00:00:00
p_vkp29t8hpk,Sleeveless Muscle Tee | Active | Black,Athletic Tops,0,0,0,2023-01-01 00:00:00
p_bxpjzp3q34,Sweater Hoodie | Black,Hoodie,0,0,0,2023-01-01 00:00:00
p_aaa5u2senn,Black Wash Slim Fit Comfort Jeans,Jeans,0,0,0,2023-01-01 00:00:00
p_mu7q5qx67m,Black Wash Straight Fit Comfort Jeans,Jeans,0,0,0,2023-01-01 00:00:00
p_kv4qxkyavb,Chino Pants | Comfort | Carbon,Pants,0,0,0,2023-01-01 00:00:00
p_av6ja2w28x,Charcoal Heather Active Comfort Crew Sweatshirt,Athletic Tops,0,0,0,2023-01-01 00:00:00
p_jqxjnq8mc8,Charcoal Heather Active Comfort Straight Leg Pant,Sweatpants & Joggers,0,0,0,2023-01-01 00:00:00
p_hzkzcd9ag9,Charcoal Heather Gray Long Sleeve Ripstop Commuter Shirt,Shirt,0,0,0,2023-01-01 00:00:00
p_zc74ftx9hy,Charcoal Heather Gray Pique Crew Sweater,Knit Sweaters,0,0,0,2023-01-01 00:00:00
p_4krqrmhc8s, Sleeveless Muscle Tee | Active | Charcoal Heather Gray,Athletic Tops,0,0,0,2023-01-01 00:00:00
p_qvscv7wqa7,Dark Oak Fleece French Terry Jogger,Sweatpants & Joggers,0,0,0,2023-01-01 00:00:00
p_yw7vvn467f,Dark Olive Long Sleeve Crew Neck T-Shirt,T-Shirts,0,0,0,2023-01-01 00:00:00
p_hc97kv4jxf,Deep Sea Blue Short Sleeve Crew Neck T-Shirt,T-Shirts,0,0,0,2023-01-01 00:00:00
p_zp4vn3rtz4,Deep Sea Blue Long Sleeve Crew Neck T-Shirt,T-Shirts,0,0,0,2023-01-01 00:00:00
p_8d5cs572ku,Evergreen Heather Short Sleeve Crew Neck T-Shirt,T-Shirts,0,0,0,2023-01-01 00:00:00
p_2qn4rb76qt,Evergreen Heather Long Sleeve Crew Neck T-Shirt,T-Shirts,0,0,0,2023-01-01 00:00:00
p_hun6quaf8f,Gray Wash Slim Fit Comfort Jeans,Jeans,0,0,0,2023-01-01 00:00:00
p_bn49najk97,Gray Wash Straight Fit Comfort Jeans,Jeans,0,0,0,2023-01-01 00:00:00
p_a66qgjtv8u, Sleeveless Muscle Tee | Active | Heather Cadet,Athletic Tops,0,0,0,2023-01-01 00:00:00
p_76w9v5r9gp,Heather Camel Pique Crew Sweater,Knit Sweaters,0,0,0,2023-01-01 00:00:00
p_m26nune3tt,Sleeveless Muscle Tee | Active | Heather Cocoa,Tank Top,0,0,0,2023-01-01 00:00:00
p_wtfwp7uyps,Heather Dark Oak Long Sleeve Crew Neck T-Shirt,T-Shirts,0,0,0,2023-01-01 00:00:00
p_guzmuvmxwg,Heather Dark Orchid Short Sleeve Crew Neck T-Shirt,T-Shirts,0,0,0,2023-01-01 00:00:00
p_auux7guqn5,Sleeveless Muscle Tee | Active| Heather Forest,Athletic Tops,0,0,0,2023-01-01 00:00:00
p_wvdzacyaq8,Heather Garnet Short Sleeve Crew Neck T-Shirt,T-Shirts,0,0,0,2023-01-01 00:00:00
p_59st4ejx9g,Heather Graphite Short Sleeve Crew Neck T-Shirt,T-Shirts,0,0,0,2023-01-01 00:00:00
p_mkhh2ymk98,Heather Navy Active Comfort Crew Sweatshirt,Sweatshirt,0,0,0,2023-01-01 00:00:00
p_4tw7w4865y,Medium Gray Wash Slim Fit Comfort Jeans,Jeans,0,0,0,2023-01-01 00:00:00
p_u25kmysesj,Medium Gray Wash Straight Fit Comfort Jeans,Jeans,0,0,0,2023-01-01 00:00:00
p_yrp9cazs3k,Olive Long Sleeve Ripstop Commuter Shirt,Shirt,0,0,0,2023-01-01 00:00:00
p_vjj8djm98g,"Voyager 7"" 2-in-1 Training Short",Athletic Shorts,0,0,0,2023-01-01 00:00:00
p_ens5k22dee,Coaches Jacket | Black,Jacket,0,0,0,2023-01-01 00:00:00
p_krqrvpb5nk,Short Sleeve Sweater Polo Shirt | Black,Polos,0,0,0,2023-01-01 00:00:00
p_ezjsg82fk7,Garnet Short Sleeve Sweater Polo Shirt,Polos,0,0,0,2023-01-01 00:00:00
p_zfqbnz8zdc,Heather Gray Short Sleeve Sweater Polo,Polos,0,0,0,2023-01-01 00:00:00
p_rdac8nxqpc,Navy Short Sleeve Sweater Polo,Polos,0,0,0,2023-01-01 00:00:00
p_tdz6dj3k93,Charcoal Heather Gray Active Shell Jacket,Jacket,0,0,0,2023-01-01 00:00:00
p_ef9p26sqwv,Navy Coaches Jacket,Jacket,0,0,0,2023-01-01 00:00:00
p_gvy838kdy9,Long Sleeve Button Up Sweater Shirt | Black + Carbon,Button Down Shirts,0,0,0,2023-01-01 00:00:00
p_cpfjz5js6m,Light Heather Gray Quarter Zip Performance Shirt,Athletic Tops,0,0,0,2023-01-01 00:00:00
p_encznv79zd,Charcoal Heather Gray Loungewear Jogger,Sweatpants & Joggers,0,0,0,2023-01-01 00:00:00
p_uqg73gd526,Dark Olive Short Sleeve V-Neck T-Shirt,T-Shirts,0,0,0,2023-01-01 00:00:00
p_dd7ynwa46b,Military Green Coaches Jacket,Jacket,0,0,0,2023-01-01 00:00:00
p_pds624ht98,Ankle Socks | Active | 3-Pack | Black,Socks,0,0,0,2023-01-01 00:00:00
p_h9thpv33ux,Crew Socks | Active | 3-Pack | Black,Socks,0,0,0,2023-01-01 00:00:00
p_vm4udwbmec,Ankle Socks | 3-Pack | Black,Socks,0,0,0,2023-01-01 00:00:00
p_hv5d9t5gb4,Black Boxer Trunks 3-Pack,Underwear,0,0,0,2023-01-01 00:00:00
p_eg72spursx,Half Crew Sock | 3-Pack | Black,Socks,0,0,0,2023-01-01 00:00:00
p_m5nrytn7g3,Boxer Briefs | Logo | 3-Pack | Black,Underwear,0,0,0,2023-01-01 00:00:00
p_7rzxq9sd8n,Never Show Socks | 3-Pack | Black,Socks,0,0,0,2023-01-01 00:00:00
p_h644hfsgj7,Sweater Beanie | Black,Beanie,0,0,0,2023-01-01 00:00:00
p_k8j2vzha5p,Burgundy Boxer Briefs 3-Pack,Underwear,0,0,0,2023-01-01 00:00:00
p_rd96dkwsx6,Carbon Boxer Trunks 3-Pack,Underwear,0,0,0,2023-01-01 00:00:00
p_3zf2yh34hr,Dark Olive Short Sleeve Polo Shirt,Polos,0,0,0,2023-01-01 00:00:00
p_fcgghnz6fh,Evergreen Sweater Beanie,Beanie,0,0,0,2023-01-01 00:00:00
p_vxfj55w6ma,Heather Burgundy Short Sleeve Polo Shirt,Polos,0,0,0,2023-01-01 00:00:00
p_tpv8fcqeja,Heather Gray Active Ankle Socks 3-Pack,Socks,0,0,0,2023-01-01 00:00:00
p_y6cg76w8k6,Heather Gray Half Crew Sock 3-Pack,Socks,0,0,0,2023-01-01 00:00:00
p_sgut9a5tns,Light Heather Gray Polo,Polos,0,0,0,2023-01-01 00:00:00
p_r5xrp6kuxu,True Red Short Sleeve Polo Shirt,Polos,0,0,0,2023-01-01 00:00:00
p_x285vx432e,White Ankle Socks 3-Pack,Socks,0,0,0,2023-01-01 00:00:00
p_3aup7bbqg3,Carbon Tall Long Sleeve T-Shirt,Shirt,0,0,0,2023-01-01 00:00:00
p_mxpb4sqvry,Charcoal Heather Gray Short Sleeve Tall Crew,T-Shirts,0,0,0,2023-01-01 00:00:00
p_92fw37ajex,Heather Seafarer Short Sleeve Tall Crew,Shirt,0,0,0,2023-01-01 00:00:00
p_rhk5rdjr7y,Heather Voyager Short Sleeve Tall Crew,T-Shirts,0,0,0,2023-01-01 00:00:00
p_hz3svpszdm,Military Green Tall Long Sleeve T-Shirt,T-Shirts,0,0,0,2023-01-01 00:00:00
p_3xnj548f3x,Sapphire Short Sleeve Tall Crew,T-Shirts,0,0,0,2023-01-01 00:00:00
p_j9huduq2g2,White Tall Straight Hem Crew Neck T-Shirt,T-Shirts,0,0,0,2023-01-01 00:00:00
p_ct8bqyz5rd,Bomber Jacket | Black,Bomber Jackets,0,0,0,2023-01-01 00:00:00
p_26x46r3gh3,Carbon Short Sleeve Tall Polo Shirt,Polos,0,0,0,2023-01-01 00:00:00
p_uwgqdnnawm,Charcoal Heather Gray Short Sleeve Tall Polo Shirt,Polos,0,0,0,2023-01-01 00:00:00
p_awt8ehv6fc,Heather Gray Short Sleeve Tall Polo Shirt,Polos,0,0,0,2023-01-01 00:00:00
p_ug78456eub,Mahogany Fleece French Terry Pullover Hoodie,Hoodie,0,0,0,2023-01-01 00:00:00
p_3hycs4vyy4,Mahogany Fleece French Terry Zip Hoodie,Hoodie,0,0,0,2023-01-01 00:00:00
p_487dnzupxz,Military Green Short Sleeve Tall Polo Shirt,Polos,0,0,0,2023-01-01 00:00:00
p_haens7aj79,Sapphire Short Sleeve Tall Polo Shirt,Polos,0,0,0,2023-01-01 00:00:00
p_n7npmmnfq3,Bomber Jacket | Army Green,Bomber Jackets,0,0,0,2023-01-01 00:00:00
p_vhct7fnamt,Sweater Fleece Jacket | Black,Jacket,0,0,0,2023-01-01 00:00:00
p_qvxdc36tay,Carbon Bomber Jacket,Bomber Jackets,0,0,0,2023-01-01 00:00:00
p_ubarpzrdvd,Gray Sweater Fleece Jacket,Knit Sweaters,0,0,0,2023-01-01 00:00:00
p_25m5nqdhtq,Gunmetal Puffer Jacket,Puffer Jackets,0,0,0,2023-01-01 00:00:00
p_9nq4jjbkbr,Military Green Puffer Jacket,Puffer Jackets,0,0,0,2023-01-01 00:00:00
p_6svhrtmsn3,Navy Bomber Jacket,Bomber Jackets,0,0,0,2023-01-01 00:00:00
p_dwbw45rvge,Navy Hooded Puffer Jacket,Puffer Jackets,0,0,0,2023-01-01 00:00:00
p_e6pz5d7uh9,Navy Sweater Fleece Jacket,Hoodie,0,0,0,2023-01-01 00:00:00
p_4xmfcxsvq4,Puffer Jacket | Hooded | Black,Puffer Jackets,0,0,0,2023-01-01 00:00:00
p_zrt8e4hahp,Chino Pants | Straight | Twill | Black,Pants,0,0,0,2023-01-01 00:00:00
p_6bppe3h2jj,Centurion Slim Twill Chino,Pants,0,0,0,2023-01-01 00:00:00
p_zd6gtes7qp,Centurion Straight Twill Chino,Pants,0,0,0,2023-01-01 00:00:00
p_ja9tudbs9q,Dark Oak Straight Twill Chino,Pants,0,0,0,2023-01-01 00:00:00
p_yqusyfjxtf,Gunmetal Hooded Puffer Jacket,Puffer Jackets,0,0,0,2023-01-01 00:00:00
p_kkdff6r47e,Meadow Slim Twill Chino,Pants,0,0,0,2023-01-01 00:00:00
p_rnmhwn9kcu,Navy Slim Twill Chino,Pants,0,0,0,2023-01-01 00:00:00
p_y5u5gs4evr,Navy Straight Twill Chino,Pants,0,0,0,2023-01-01 00:00:00
p_vqc6jejd69,Long Sleeve Button Up Shirt | Do-It-All Comfort | Black,Button Down Shirts,0,0,0,2023-01-01 00:00:00
p_p8ep2jre98,Hoodie | Active | Black,Hoodie,0,0,0,2023-01-01 00:00:00
p_vubwwnzvnt,Dark Heather Cadet Long Sleeve Active Crew Neck,T-Shirts,0,0,0,2023-01-01 00:00:00
p_e2426ac79u,Dark Heather Tempest Long Sleeve Active Crew Neck,Sweatshirt,0,0,0,2023-01-01 00:00:00
p_cjzvdmswjf,White Active Hoodie,Hoodie,0,0,0,2023-01-01 00:00:00
p_ncwnq5usm5,"Shorts | Active Training | 7"" | Slate Green",Athletic Shorts,0,0,0,2023-01-01 00:00:00
p_x443echvnq,"Chino Shorts | Comfort | 7"" | Military Green",Shorts,0,0,0,2023-01-01 00:00:00
p_qhjjf5kjgd,"Chino Shorts | Comfort | 7"" | Rosewood",Shorts,0,0,0,2023-01-01 00:00:00
p_f8rywmvjsy,"Chino Shorts | Comfort | 7"" | Sapphire",Shorts,0,0,0,2023-01-01 00:00:00
p_6kxr6rztwd,"Chino Shorts | Comfort | 7"" | Slate Green",Shorts,0,0,0,2023-01-01 00:00:00
p_56zbdasvhd,"Chino Shorts | Comfort | 9"" | Sapphire",Shorts,0,0,0,2023-01-01 00:00:00
p_xpmubyp2yg,"Chino Shorts | Comfort | 9"" | Slate Green",Shorts,0,0,0,2023-01-01 00:00:00
p_saytmbtmak,"Shorts | Classic Twill | 9"" | Black",Shorts,0,0,0,2023-01-01 00:00:00
p_aytxzkck8x,"Shorts | Classic Twill | 7"" | Black",Shorts,0,0,0,2023-01-01 00:00:00
p_fhdff8x3jt,"Shorts | Classic Twill | 7"" | Harbor",Shorts,0,0,0,2023-01-01 00:00:00
p_q2935cukf5,"Shorts | Classic Twill | 7"" | Khaki",Shorts,0,0,0,2023-01-01 00:00:00
p_qr5wafyaq4,"Shorts | Classic Twill | 7"" | Moss",Shorts,0,0,0,2023-01-01 00:00:00
p_j48puxsej5,"Shorts | Classic Twill | 7"" | Sandstone",Shorts,0,0,0,2023-01-01 00:00:00
p_b2wv3hqta7,"Shorts | Classic Twill | 9"" | Centurion",Shorts,0,0,0,2023-01-01 00:00:00
p_wungd9j4dh,"Shorts | Active Training | 7"" | Black",Shorts,0,0,0,2023-01-01 00:00:00
p_r9rn7a2dy5,"Shorts | Active Training | 7"" | Carbon",Shorts,0,0,0,2023-01-01 00:00:00
p_n9qtgjygdv,"Shorts | Active Training | 7"" | Sandstone",Athletic Shorts,0,0,0,2023-01-01 00:00:00
p_nu9kcajw2z,"Chino Shorts | Comfort | 7"" | Black",Shorts,0,0,0,2023-01-01 00:00:00
p_hmp7dkjce9,"Chino Shorts | Comfort | 7"" | Carbon",Shorts,0,0,0,2023-01-01 00:00:00
p_25upswaptj,"Chino Shorts | Comfort | 7"" | Khaki",Shorts,0,0,0,2023-01-01 00:00:00
p_kaq2j39v2p,"Chino Shorts | Comfort | 7"" | Navy",Shorts,0,0,0,2023-01-01 00:00:00
p_utfqrxy94f,Shorts | Commuter | Black,Shorts,0,0,0,2023-01-01 00:00:00
p_prrc5xwre5,Khaki Commuter Short,Shorts,0,0,0,2023-01-01 00:00:00
p_bj4epra3sv,Shorts | Fleece French Terry | Black,Shorts,0,0,0,2023-01-01 00:00:00
p_fvgyjfheyt,Sandstone Commuter Short,Shorts,0,0,0,2023-01-01 00:00:00
p_epuubwwz7s,Military Green Fleece French Terry Short,Shorts,0,0,0,2023-01-01 00:00:00
p_j4bf77xx5v,"Chino Shorts | Comfort | 9"" | Black",Shorts,0,0,0,2023-01-01 00:00:00
p_74gmgsy6yv,Navy Fleece French Terry Short,Shorts,0,0,0,2023-01-01 00:00:00
p_m5f29n89jy,"Chino Shorts | Comfort | 9"" | Carbon",Shorts,0,0,0,2023-01-01 00:00:00
p_47meu4bybx,"Chino Shorts | Comfort |  9"" | Ivory",Shorts,0,0,0,2023-01-01 00:00:00
p_5za8gj7unh,"Chino Shorts | Comfort | 9"" | Khaki",Shorts,0,0,0,2023-01-01 00:00:00
p_arxdch5qcv,"Chino Shorts | Comfort | 9"" | Military Green",Shorts,0,0,0,2023-01-01 00:00:00
p_en8vndps74,"Chino Shorts | Comfort | 9"" | Navy",Shorts,0,0,0,2023-01-01 00:00:00
p_rquj6mrdex,Dark Heather Navy Active Comfort Short,Shorts,0,0,0,2023-01-01 00:00:00
p_6ra9g27e7u,Burgundy Active Quick Dry Short with Liner,Swim Shorts,0,0,0,2023-01-01 00:00:00
p_5ek32kjgzp,Navy Active Quick Dry Short with Liner,Swim Shorts,0,0,0,2023-01-01 00:00:00
p_bp7w9cp3k9,Pants | Commuter | Black,Pants,0,0,0,2023-01-01 00:00:00
p_5p5sgcwp5f,"Shorts | Active Training | 7"" | Navy",Shorts,0,0,0,2023-01-01 00:00:00
p_47uf2puagk,"Shorts | Classic Twill | 7"" | Navy",Shorts,0,0,0,2023-01-01 00:00:00
p_9a5tjqerw5,"Shorts | Classic Twill | 9"" | Meadow",Shorts,0,0,0,2023-01-01 00:00:00
p_a69bzurkgs,Joggers | Active | Black,Sweatpants & Joggers,0,0,0,2023-01-01 00:00:00
p_2bkrkbfbk9,Classic Polarized Sunglasses | Black,Sunglasses,0,0,0,2023-01-01 00:00:00
p_vvkaza7v48,Long Sleeve Button Up Shirt | Commuter | Black,Button Down Shirts,0,0,0,2023-01-01 00:00:00
p_egq2tewvm7,Long Sleeve Henley | Black,T-Shirts,0,0,0,2023-01-01 00:00:00
p_yp2v99qxbf,Classic Polarized Sunglasses | Black Mirror,Sunglasses,0,0,0,2023-01-01 00:00:00
p_mef5fue56y,Dress Shirt | Lightweight Performance | Black,Button Down Shirts,0,0,0,2023-01-01 00:00:00
p_fpmkw85rke,Short Sleeve Polo Shirt | Black,Polos,0,0,0,2023-01-01 00:00:00
p_s7c853uk5c,Puffer Jacket | Black,Puffer Jackets,0,0,0,2023-01-01 00:00:00
p_8nhyuguh4z,Chino Pants | Slim | Twill | Black,Pants,0,0,0,2023-01-01 00:00:00
p_ka5fa3ne6y,Slippers | Black,Slippers,0,0,0,2023-01-01 00:00:00
p_6wnwzma24v,Long Sleeve Button Up Shirt | Stretch Oxford | Black,Button Down Shirts,0,0,0,2023-01-01 00:00:00
p_u3ffx96ehp,Short Sleeve T-Shirt | Tall | Active Crew Neck | Black,T-Shirts,0,0,0,2023-01-01 00:00:00
p_ufjg6nn927,Long Sleeve T-Shirt | Tall | Black,T-Shirts,0,0,0,2023-01-01 00:00:00
p_enhxmmv3xa,Polo Shirt | Tall | Black,Polos,0,0,0,2023-01-01 00:00:00
p_gqfhmx28rz,Blue Quartz Short Sleeve Crew Neck T-Shirt,T-Shirts,0,0,0,2023-01-01 00:00:00
p_6ccw4zmdj6,Bluestone Tall Round Hem Crew Neck T-Shirt,T-Shirts,0,0,0,2023-01-01 00:00:00
p_ryght7etrs,Bluestone V-Neck Short Sleeve T-Shirt,T-Shirts,0,0,0,2023-01-01 00:00:00
p_5q95b4bjyg,Burgundy Short Sleeve Crew Neck T-Shirt,T-Shirts,0,0,0,2023-01-01 00:00:00
p_2sxe2kvxmc,Burgundy Long Sleeve Crew Neck T-Shirt,T-Shirts,0,0,0,2023-01-01 00:00:00
p_srwzc2wwq6,Burgundy Long Sleeve Henley,T-Shirts,0,0,0,2023-01-01 00:00:00
p_8p9z2j6eqt,Burgundy Short Sleeve V-Neck T-Shirt,T-Shirts,0,0,0,2023-01-01 00:00:00
p_9tz4xs4maw,Carbon Commuter Long Sleeve Button Up Shirt,Button Down Shirts,0,0,0,2023-01-01 00:00:00
p_82erf6xepz,Carbon Commuter Pant,Pants,0,0,0,2023-01-01 00:00:00
p_gxqdqumwae,Carbon Short Sleeve Crew Neck T-Shirt,T-Shirts,0,0,0,2023-01-01 00:00:00
p_nmb6y3r32b,Carbon Fleece French Terry Jogger,Sweatpants & Joggers,0,0,0,2023-01-01 00:00:00
p_mqhey6peq9,Carbon Fleece French Terry Pullover Crew Neck Sweatshirt,Sweatshirt,0,0,0,2023-01-01 00:00:00
p_pgvy4mwya6,Carbon Fleece French Terry Pullover Hoodie,Hoodie,0,0,0,2023-01-01 00:00:00
p_dcfsb4qj5s,Carbon Performance Lightweight Dress Shirt,Button Down Shirts,0,0,0,2023-01-01 00:00:00
p_q9e4tw2vgn,Carbon Tall Active Crew Neck T-Shirt,T-Shirts,0,0,0,2023-01-01 00:00:00
p_3mznzzvw2f,Carbon Tall Round Hem Crew Neck T-Shirt,T-Shirts,0,0,0,2023-01-01 00:00:00
p_fcv57d39m8,Carbon Short Sleeve V-Neck T-Shirt,T-Shirts,0,0,0,2023-01-01 00:00:00
p_n6hvkgussy,Carbon Waffle Hoodie,Hoodie,0,0,0,2023-01-01 00:00:00
p_yg5234hu8z,Centurion Short Sleeve Sweater Polo Shirt,Polos,0,0,0,2023-01-01 00:00:00
p_qcw7eb8td6,Charcoal Heather Active Comfort Full Zip Hoodie,Hoodie,0,0,0,2023-01-01 00:00:00
p_agkp4c43e4,Charcoal Heather Active Comfort Pullover Hoodie,Hoodie,0,0,0,2023-01-01 00:00:00
p_cn8axvjmp9,Charcoal Heather Gray Active Comfort Short,Athletic Shorts,0,0,0,2023-01-01 00:00:00
p_6c6nrcr2c3, Short Sleeve T-Shirt | Active Crew Neck | Charcoal Heather Gray,T-Shirts,0,0,0,2023-01-01 00:00:00
p_znfcswnte7,Charcoal Heather Gray Active Hoodie,Hoodie,0,0,0,2023-01-01 00:00:00
p_bdbtrvs35c,Charcoal Heather Gray Active Joggers,Sweatpants & Joggers,0,0,0,2023-01-01 00:00:00
p_pxnmvcumyj,Charcoal Heather Gray Do-It-All Comfort Long Sleeve Button Up Shirt,Button Down Shirts,0,0,0,2023-01-01 00:00:00
p_yra4pxjn2n,Charcoal Heather Gray Fleece French Terry Full Zip,Hoodie,0,0,0,2023-01-01 00:00:00
p_k727r3s7q8,Charcoal Heather Gray Fleece French Terry Jogger,Sweatpants & Joggers,0,0,0,2023-01-01 00:00:00
p_qsxubmrtfw,Long Sleeve Tee | Loungewear | Charcoal Heather Gray,T-Shirts,0,0,0,2023-01-01 00:00:00
p_hrqsaa2u6g,Charcoal Heather Gray Loungewear Pant,Pants,0,0,0,2023-01-01 00:00:00
p_z9gg92dcqx,Charcoal Heather Gray Short Sleeve Polo Shirt,Polos,0,0,0,2023-01-01 00:00:00
p_3shyn5zkky,Charcoal Heather Gray Tall Crew T-Shirt,T-Shirts,0,0,0,2023-01-01 00:00:00
p_mvqwbcmhah,Charcoal Heather Gray Tall Round Hem Crew Neck T-Shirt,T-Shirts,0,0,0,2023-01-01 00:00:00
p_yupfqc6yfm,Charcoal Heather Gray Short Sleeve V-Neck T-Shirt,T-Shirts,0,0,0,2023-01-01 00:00:00
p_6k245nh69q,Crimson Long Sleeve Crew Neck T-Shirt,T-Shirts,0,0,0,2023-01-01 00:00:00
p_rhxjthz5x8,Dark Heather Burgundy Active Comfort Short,Swim Shorts,0,0,0,2023-01-01 00:00:00
p_ucy8r4cqe3,Dark Heather Burgundy Active Joggers,Sweatpants & Joggers,0,0,0,2023-01-01 00:00:00
p_2eh6mejec7,Dark Heather Cadet Active Crew Neck T-Shirt,T-Shirts,0,0,0,2023-01-01 00:00:00
p_sfn5q4bv26,Dark Heather Cadet Short Sleeve Active Polo Shirt,Polos,0,0,0,2023-01-01 00:00:00
p_ncvpa3z4h7,Dark Heather Cadet Long Sleeve Active Crew Neck T-Shirt,T-Shirts,0,0,0,2023-01-01 00:00:00
p_6njreat3aq,Dark Heather Cocoa Active Crew Neck T-Shirt,T-Shirts,0,0,0,2023-01-01 00:00:00
p_mjrxd2wgtf,Dark Heather Cocoa Short Sleeve Active Polo Shirt,Polos,0,0,0,2023-01-01 00:00:00
p_zf9muhc3as,Dark Heather Indigo Active Comfort Short,Shorts,0,0,0,2023-01-01 00:00:00
p_x5p88uuzy5,Dark Heather Indigo Active Joggers,Sweatpants & Joggers,0,0,0,2023-01-01 00:00:00
p_npx42jpcmt,Dark Heather Military Green Active Comfort Short,Shorts,0,0,0,2023-01-01 00:00:00
p_9m3e7uj62s,Dark Heather Military Green Active Joggers,Sweatpants & Joggers,0,0,0,2023-01-01 00:00:00
p_t2tpzxuynp,Dark Heather Navy Active Joggers,Sweatpants & Joggers,0,0,0,2023-01-01 00:00:00
p_vybqnpjdfb,Dark Heather Tempest Active Crew Neck T-Shirt,T-Shirts,0,0,0,2023-01-01 00:00:00
p_gzgm33n9cz,Dark Heather Tempest Short Sleeve Active Polo Shirt,Polos,0,0,0,2023-01-01 00:00:00
p_sph8dsebwy,Dark Oak Fleece French Terry Pullover Crew Neck Sweatshirt,Sweatshirt,0,0,0,2023-01-01 00:00:00
p_zpj5m6rzbh,Dark Oak Fleece French Terry Pullover Hoodie,Hoodie,0,0,0,2023-01-01 00:00:00
p_bvsv82u2jt,Dark Oak Fleece French Terry Zip Hoodie,Hoodie,0,0,0,2023-01-01 00:00:00
p_xdyn8gxhhe,Dark Oak Long Sleeve Waffle Crew,Sweatshirt,0,0,0,2023-01-01 00:00:00
p_hvyht2dd2v,Dark Oak Slim Twill Chino Pant,Pants,0,0,0,2023-01-01 00:00:00
p_9mtccasba9,Dark Oak Waffle Hoodie,Hoodie,0,0,0,2023-01-01 00:00:00
p_2wxxfw7mca,Dark Olive Fleece Shacket,Shirt Jackets,0,0,0,2023-01-01 00:00:00
p_b3ppfm2vay,Dark Olive Long Sleeve Waffle Crew,Shirt,0,0,0,2023-01-01 00:00:00
p_a6yxedr8jx,Dark Purple Short Sleeve V-Neck T-Shirt ,T-Shirts,0,0,0,2023-01-01 00:00:00
p_zwwudtzed5,Deep Sea Blue Heather Active Hoodie,Hoodie,0,0,0,2023-01-01 00:00:00
p_9y7p8njxta,Deep Sea Blue Heather Active Long Sleeve Crew T-Shirt,T-Shirts,0,0,0,2023-01-01 00:00:00
p_wht3v5efkm,Deep Sea Blue Long Sleeve Waffle Crew,T-Shirts,0,0,0,2023-01-01 00:00:00
p_z7xekuufwm,Ecru Do-It-All Comfort Long Sleeve Button Up Shirt,Button Down Shirts,0,0,0,2023-01-01 00:00:00
p_kvuhf7884a,Electric Blue Short Sleeve Polo Shirt,Polos,0,0,0,2023-01-01 00:00:00
p_ysyjzgmtu6,Evergreen Heather Active Hoodie,Hoodie,0,0,0,2023-01-01 00:00:00
p_shc7xvk932,Evergreen Heather Active Long Sleeve Crew Neck T-Shirt,T-Shirts,0,0,0,2023-01-01 00:00:00
p_2d43kb3hj3,Evergreen Heather Long Sleeve Waffle Crew,Sweatshirt,0,0,0,2023-01-01 00:00:00
p_yszdpmgyju,Evergreen Sweater Scarf,Scarf,0,0,0,2023-01-01 00:00:00
p_ydptv6rbpw,Gradient Classic Polarized Sunglasses,Sunglasses,0,0,0,2023-01-01 00:00:00
p_3wdph5p4a5,Gunmetal Puffer Vest,Outerwear Vests,0,0,0,2023-01-01 00:00:00
p_2c7s8a7bmw,Heather Black Active Jogger,Sweatpants & Joggers,0,0,0,2023-01-01 00:00:00
p_dny6u2yy3n,Heather Burgundy Active Crew Neck T-Shirt,T-Shirts,0,0,0,2023-01-01 00:00:00
p_5a5sfcgqkq,Heather Burgundy Active Long Sleeve Crew Neck T-Shirt,T-Shirts,0,0,0,2023-01-01 00:00:00
p_ctw749pxad,Heather Burgundy Long Sleeve Crew Neck T-Shirt,T-Shirts,0,0,0,2023-01-01 00:00:00
p_pqwkc9p2hu,Heather Burgundy Short Sleeve Crew Neck T-Shirt,T-Shirts,0,0,0,2023-01-01 00:00:00
p_a2wcem7cms,Heather Burgundy Short Sleeve V-Neck T-Shirt,T-Shirts,0,0,0,2023-01-01 00:00:00
p_25hy766nzk,Heather Cayenne Short Sleeve Crew Neck T-Shirt,T-Shirts,0,0,0,2023-01-01 00:00:00
p_x7cgdhmyp3,Heather Navy Short Sleeve Polo Shirt,Polos,0,0,0,2023-01-01 00:00:00
p_2hkre8aznc,Military Green Tall Straight Hem Crew Neck T-Shirt,T-Shirts,0,0,0,2023-01-01 00:00:00
p_73kjt62een,Heather Cayenne Short Sleeve Polo Shirt,Polos,0,0,0,2023-01-01 00:00:00
p_dpgtwv5dut,Heather Cayenne Short Sleeve Tall Polo,Polos,0,0,0,2023-01-01 00:00:00
p_rpenkmstmg,Heather Centurion Active Crew Neck T-Shirt,T-Shirts,0,0,0,2023-01-01 00:00:00
p_kzqm93unyy,Heather Cocoa Active Crew Neck T-Shirt,T-Shirts,0,0,0,2023-01-01 00:00:00
p_rua2yj3jmt,Heather Dark Oak Crew Short Sleeve Neck T-Shirt,T-Shirts,0,0,0,2023-01-01 00:00:00
p_cve5gy56m8,Heather Dark Oak Short Sleeve V-Neck T-Shirt,T-Shirts,0,0,0,2023-01-01 00:00:00
p_cvrhss99ts,Heather Dark Orchid Short Sleeve V-Neck T-Shirt,Shirt,0,0,0,2023-01-01 00:00:00
p_y3r2ug2mpu,Heather Forest Active Crew Neck T-Shirt,T-Shirts,0,0,0,2023-01-01 00:00:00
p_h75hjs7973,Heather Forest Short Sleeve Active Polo Shirt,Polos,0,0,0,2023-01-01 00:00:00
p_x5pshyk4q9,Heather Graphite Short Sleeve Polo Shirt,Polos,0,0,0,2023-01-01 00:00:00
p_g4xkdswn5e,Heather Gray Active Comfort Short,Shorts,0,0,0,2023-01-01 00:00:00
p_9p8bns7rmp,Heather Gray Active Crew Socks 3-Pack,Socks,0,0,0,2023-01-01 00:00:00
p_bjecaeres5,Heather Gray Active Never Show Socks 3-Pack,Socks,0,0,0,2023-01-01 00:00:00
p_nw97q8x9x2,Heather Gray Ankle Socks 3-Pack,Socks,0,0,0,2023-01-01 00:00:00
p_n3jnq4u8q7,Heather Gray Crew Neck Sweater,Knit Sweaters,0,0,0,2023-01-01 00:00:00
p_gbh9ypmsjv,Heather Gray Do-It-All Comfort Long Sleeve Button Up Shirt,Button Down Shirts,0,0,0,2023-01-01 00:00:00
p_bz2jmxhgzb,Heather Gray Fleece French Terry Joggers,Sweatpants & Joggers,0,0,0,2023-01-01 00:00:00
p_dvj7aj4rxq,Heather Gray Fleece French Terry Pullover Crew Neck Sweatshirt,Sweatshirt,0,0,0,2023-01-01 00:00:00
p_ttdapkruav,Heather Gray Fleece French Terry Pullover Hoodie,Hoodie,0,0,0,2023-01-01 00:00:00
p_e3w27784ez,Heather Gray Long Sleeve Lightweight Flannel Shirt,Button Down Shirts,0,0,0,2023-01-01 00:00:00
p_7cvqeq727k,Heather Gray Long Sleeve Polo Shirt,Polos,0,0,0,2023-01-01 00:00:00
p_mbdbf8ya5d,Heather Gray Sweater Long Sleeve Button Up Shirt,Button Down Shirts,0,0,0,2023-01-01 00:00:00
p_gzymf76rmw,Heather Navy Loungewear Jogger,Sweatpants & Joggers,0,0,0,2023-01-01 00:00:00
p_8nxyvmkrbc,Heather Navy Loungewear Pant,Pants,0,0,0,2023-01-01 00:00:00
p_yb98yp2sqv,Indigo Rinse Slim Authentic Stretch Jeans,Jeans,0,0,0,2023-01-01 00:00:00
p_juu2rq3qu8,Indigo Rinse Straight Authentic Stretch Jeans,Jeans,0,0,0,2023-01-01 00:00:00
p_jwjqtb338j,Khaki Comfort Chino Pants,Pants,0,0,0,2023-01-01 00:00:00
p_t83m3bqcj4,Khaki Commuter Pant,Pants,0,0,0,2023-01-01 00:00:00
p_spf5g5jf32,Khaki Slim Twill Chino,Pants,0,0,0,2023-01-01 00:00:00
p_jx3q5n329x,Khaki Straight Twill Chino,Pants,0,0,0,2023-01-01 00:00:00
p_rhugz6jch8,Light Indigo Wash Slim Authentic Stretch Jeans,Jeans,0,0,0,2023-01-01 00:00:00
p_katetzgtwe,Light Indigo Wash Straight Authentic Stretch Jeans,Jeans,0,0,0,2023-01-01 00:00:00
p_s57sjtnm4q,Meadow Straight Twill Chino,Pants,0,0,0,2023-01-01 00:00:00
p_d3c8r9bpvv,Medium Indigo Wash Slim Authentic Stretch Jeans,Jeans,0,0,0,2023-01-01 00:00:00
p_xgzt58skmg,Medium Indigo Wash Straight Authentic Stretch Jeans,Jeans,0,0,0,2023-01-01 00:00:00
p_egd9fym6xg,Navy Commuter Pant,Pants,0,0,0,2023-01-01 00:00:00
p_ymb5bq3vdv,Navy Fleece Shacket,Shirt Jackets,0,0,0,2023-01-01 00:00:00
p_accagka8uw,Reversible Dress Belt,Belt,0,0,0,2023-01-01 00:00:00
p_pjpnhtycns,Sandstone Commuter Pant,Pants,0,0,0,2023-01-01 00:00:00
p_dks9q92uqc,Heather Gray Tall Round Hem Crew Neck T-Shirt,T-Shirts,0,0,0,2023-01-01 00:00:00
p_udqn8s72v2,Navy Tall Round Hem Crew Neck T-Shirt,T-Shirts,0,0,0,2023-01-01 00:00:00
p_8y5vsf82td,Heather Emerald Short Sleeve Crew Neck T-Shirt,T-Shirts,0,0,0,2023-01-01 00:00:00
p_xqh3f9cwus,Heather Emerald Short Sleeve V-Neck T-Shirt,T-Shirts,0,0,0,2023-01-01 00:00:00
p_vst6extntp,Heather Gray Active Jogger,Sweatpants & Joggers,0,0,0,2023-01-01 00:00:00
p_75cz36rfz9,Heather Gray Sweater Hoodie,Hoodie,0,0,0,2023-01-01 00:00:00
p_6cj8gtxf2x,Heather Gray Tall Long Sleeve T-Shirt,Shirt,0,0,0,2023-01-01 00:00:00
p_34upddt2cp,Heather Gray Tall Straight Hem Crew Neck T-Shirt,T-Shirts,0,0,0,2023-01-01 00:00:00
p_behk4g2psv,Heather Gray Short Sleeve V-Neck T-Shirt,T-Shirts,0,0,0,2023-01-01 00:00:00
p_kgcgy98rwb,Heather Gray Waffle Hoodie,Hoodie,0,0,0,2023-01-01 00:00:00
p_6suxvjsvfc,Heather Indigo Tall Round Hem Crew Neck T-Shirt,T-Shirts,0,0,0,2023-01-01 00:00:00
p_jpmpa7s5yw,Heather Indigo Short Sleeve V-Neck T-Shirt,T-Shirts,0,0,0,2023-01-01 00:00:00
p_4pdddcg9t6,Heather Military Green Long Sleeve Crew T-Shirt,T-Shirts,0,0,0,2023-01-01 00:00:00
p_284qkebjr8,Heather Military Green Short Sleeve Polo Shirt,Polos,0,0,0,2023-01-01 00:00:00
p_tbp6wvu828,Heather Military Green Short Sleeve V-Neck T-Shirt,T-Shirts,0,0,0,2023-01-01 00:00:00
p_x8z28nbvwg,Heather Mist Short Sleeve Crew Neck T-Shirt,T-Shirts,0,0,0,2023-01-01 00:00:00
p_rejmm7td92,Heather Mist Short Sleeve V-Neck T-Shirt,T-Shirts,0,0,0,2023-01-01 00:00:00
p_6wj7x98tcn,Heather Navy Active Comfort Crew Sweatshirt,Sweatshirt,0,0,0,2023-01-01 00:00:00
p_mtqhyqahab,Heather Navy Active Comfort Pullover Hoodie,Hoodie,0,0,0,2023-01-01 00:00:00
p_bxnehsqcdv,Heather Navy Short Sleeve Active Polo Shirt,Polos,0,0,0,2023-01-01 00:00:00
p_7bmuq9q6qw,Heather Navy Long Sleeve Ripstop Commuter Shirt,Shirt,0,0,0,2023-01-01 00:00:00
p_g6dg3x3nta,Heather Navy Pique Crew Sweater,Knit Sweaters,0,0,0,2023-01-01 00:00:00
p_5gc6jyy4vw,Heather Navy Tall Round Hem Crew Neck T-Shirt,T-Shirts,0,0,0,2023-01-01 00:00:00
p_u4zzshtv4s,Heather Navy Short Sleeve V-Neck T-Shirt,Shirt,0,0,0,2023-01-01 00:00:00
p_7tce4kfut5,Heather Oatmeal Crew Neck Sweater,Knit Sweaters,0,0,0,2023-01-01 00:00:00
p_eyc8fnh7za,Heather Purple Short Sleeve Crew Neck T-Shirt,T-Shirts,0,0,0,2023-01-01 00:00:00
p_fzwwcz6x6s,Heather Sage Short Sleeve Crew Neck T-Shirt,T-Shirts,0,0,0,2023-01-01 00:00:00
p_xvg4py479t,Heather Sage V-Neck Short Sleeve T-Shirt,T-Shirts,0,0,0,2023-01-01 00:00:00
p_up97jdnnsw,Heather Sapphire Short Sleeve Crew Neck T-Shirt,T-Shirts,0,0,0,2023-01-01 00:00:00
p_84xru5kzx9,Heather Dusty Pink Short Sleeve Crew Neck T-Shirt,T-Shirts,0,0,0,2023-01-01 00:00:00
p_xrvchd55bc,Heather Military Green Short Sleeve Tall Crew,Screen Printed T-Shirts,0,0,0,2023-01-01 00:00:00
p_xqcme6qpqk,Heather Navy Active Comfort Full Zip Hoodie,Hoodie,0,0,0,2023-01-01 00:00:00
p_5f676x59tf,Long Sleeve Tee | Loungewear | Heather Navy,T-Shirts,0,0,0,2023-01-01 00:00:00
p_ztgcvk5gkn,Short Sleeve Tee | Loungewear | Heather Navy,T-Shirts,0,0,0,2023-01-01 00:00:00
p_spgwfvgehe,Heather Navy Sweater Long Sleeve Button Up Shirt,Button Down Shirts,0,0,0,2023-01-01 00:00:00
p_6mr5zpx479,Indigo Wash Straight Fit Comfort Jeans,Jeans,0,0,0,2023-01-01 00:00:00
p_5bvpjy99x9,Ivory Active Jacket,Jacket,0,0,0,2023-01-01 00:00:00
p_23ej4qec4x,Khaki Coaches Jacket,Jacket,0,0,0,2023-01-01 00:00:00
p_ukpa96wyhm,Light Gray Stretch Oxford Long Sleeve Button Up Shirt,Button Down Shirts,0,0,0,2023-01-01 00:00:00
p_mzcrkdhuvj,Light Heather Gray Tall Round Hem Crew Neck T-Shirt,T-Shirts,0,0,0,2023-01-01 00:00:00
p_f7jft6kfqg,Light Indigo Wash Long Sleeve Chambray Shirt,Shirt,0,0,0,2023-01-01 00:00:00
p_ae6rxxhgmc,Medium Indigo Wash Long Sleeve Chambray Shirt,Shirt,0,0,0,2023-01-01 00:00:00
p_4axmubbqfb,Medium Indigo Wash Slim Fit Comfort Jeans,Jeans,0,0,0,2023-01-01 00:00:00
p_6b6wk8uxa6,Military Green Comfort Chino Pants,Pants,0,0,0,2023-01-01 00:00:00
p_ewa8pkqm8u,Military Green Fleece French Terry Jogger,Sweatpants & Joggers,0,0,0,2023-01-01 00:00:00
p_9fu3j9tbue,Military Green Tall Round Hem Crew Neck T-Shirt,T-Shirts,0,0,0,2023-01-01 00:00:00
p_26dpvscejy,Navy Comfort Chino Pants,Pants,0,0,0,2023-01-01 00:00:00
p_gqs2hwpkjy,Navy Commuter Long Sleeve Button Up Shirt,Shirt,0,0,0,2023-01-01 00:00:00
p_e58dmnpc9e,Navy Fleece French Terry Jogger,Sweatpants & Joggers,0,0,0,2023-01-01 00:00:00
p_r3gbt3j2kw,Navy Long Sleeve Button Up Shirt,Shirt,0,0,0,2023-01-01 00:00:00
p_byy2kmxasx,Navy Long Sleeve Lightweight Flannel Shirt,Shirt,0,0,0,2023-01-01 00:00:00
p_dr2dsqwwjd,Navy Performance Lightweight Dress Shirt,Button Down Shirts,0,0,0,2023-01-01 00:00:00
p_2d9wqf9yrd,Navy Puffer Vest,Outerwear Vests,0,0,0,2023-01-01 00:00:00
p_m753ak35t9,Navy Stretch Oxford Long Sleeve Button Up Shirt,Shirt,0,0,0,2023-01-01 00:00:00
p_wzprzguypw,Sandstone Comfort Chino Pants,Pants,0,0,0,2023-01-01 00:00:00
p_fyejvaduhb,Stone Blue Active Jogger,Sweatpants & Joggers,0,0,0,2023-01-01 00:00:00
p_gv8hh5kma3,Stone Stretch Oxford Long Sleeve Button Up Shirt,Button Down Shirts,0,0,0,2023-01-01 00:00:00
p_9absn9mpzt,Suede Brown Comfort Chino Pant,Pants,0,0,0,2023-01-01 00:00:00
p_f3zjdpjr6y,White Active Ankle Socks 3-Pack,Socks,0,0,0,2023-01-01 00:00:00
p_vdzeqmc9rs,White Active Crew Socks 3-Pack,Socks,0,0,0,2023-01-01 00:00:00
p_u9kx69bqms,White Active Never Show Socks 3-Pack,Socks,0,0,0,2023-01-01 00:00:00
p_jybua995rp,White Long Sleeve Button Up Shirt,Button Down Shirts,0,0,0,2023-01-01 00:00:00
p_yabrk8yt6y,White Commuter Long Sleeve Button Up Shirt,Button Down Shirts,0,0,0,2023-01-01 00:00:00
p_jc3jqkdafw,White Commuter Short Sleeve Button Up,Button Down Shirts,0,0,0,2023-01-01 00:00:00
p_hvfwhakq9c,White Performance Lightweight Dress Shirt,Button Down Shirts,0,0,0,2023-01-01 00:00:00
p_btfq53bzn6,White Short Sleeve Active Polo Shirt,Polos,0,0,0,2023-01-01 00:00:00
p_p42j2ebh8r,White Short Sleeve Button Up Shirt,Shirt,0,0,0,2023-01-01 00:00:00
p_xug2xuwpqn,White Stretch Oxford Long Sleeve Button Up Shirt,Shirt,0,0,0,2023-01-01 00:00:00
p_2xrckgaktx,White Tall Round Hem Crew Neck T-Shirt,T-Shirts,0,0,0,2023-01-01 00:00:00
p_p29249kscd,White Waffle Hoodie,Hoodie,0,0,0,2023-01-01 00:00:00
p_395td7np9f,Heather Military Green Short Sleeve Tall Polo Shirt,Polos,0,0,0,2023-01-01 00:00:00
p_tmjb73g498,Heather Navy Short Sleeve Tall Polo Shirt,Polos,0,0,0,2023-01-01 00:00:00
p_p7dtyf9kd8,Heather Pale Blue Short Sleeve V-Neck T-Shirt,T-Shirts,0,0,0,2023-01-01 00:00:00
p_3fgxkpaxye,Heather Seafarer Short Sleeve Polo Shirt,Polos,0,0,0,2023-01-01 00:00:00
p_jre675wesy,Heather Seafarer Short Sleeve Tall Polo Shirt,Polos,0,0,0,2023-01-01 00:00:00
p_mqgpa9st88,Heather Sapphire Short Sleeve V-Neck T-Shirt,T-Shirts,0,0,0,2023-01-01 00:00:00
p_vaexg8brvb,Heather Navy Short Sleeve Tall Crew,T-Shirts,0,0,0,2023-01-01 00:00:00
p_dqknx7njuf,Heather Slate Green Short Sleeve Polo Shirt,Polos,0,0,0,2023-01-01 00:00:00
p_zscv6ea69y,Heather Voyager Short Sleeve Crew Neck T-Shirt,T-Shirts,0,0,0,2023-01-01 00:00:00
p_jzwpw7njj6,Heather Voyager Short Sleeve Polo Shirt,Polos,0,0,0,2023-01-01 00:00:00
p_6e9uas44v6,Heather Voyager Short Sleeve V-Neck T-Shirt,T-Shirts,0,0,0,2023-01-01 00:00:00
p_28xdw49sqx,Indigo Short Sleeve Crew Neck T-Shirt,T-Shirts,0,0,0,2023-01-01 00:00:00
p_79pyfxzssb,Indigo Short Sleeve V-Neck T-Shirt,T-Shirts,0,0,0,2023-01-01 00:00:00
p_cje82wcjgv,Iron Gray Active Crew Neck T-Shirt,T-Shirts,0,0,0,2023-01-01 00:00:00
p_42exp9424a,Light Heather Gray Active Crew Neck T-Shirt,T-Shirts,0,0,0,2023-01-01 00:00:00
p_8v2uvftad7,Light Heather Gray Short Sleeve Crew Neck T-Shirt,T-Shirts,0,0,0,2023-01-01 00:00:00
p_39k28x38p7,Light Heather Gray Short Sleeve Polo Shirt,Polos,0,0,0,2023-01-01 00:00:00
p_cgxstjpjhj,Light Khaki Short Sleeve Crew Neck T-Shirt,T-Shirts,0,0,0,2023-01-01 00:00:00
p_4rudftw6u6,Lilac Gray Short Sleeve V-Neck T-Shirt,T-Shirts,0,0,0,2023-01-01 00:00:00
p_zymrwj8fj9,Mahogany Short Sleeve Crew Neck T-Shirt,T-Shirts,0,0,0,2023-01-01 00:00:00
p_6b99p4bqsk,Mahogany Short Sleeve Polo Shirt,Polos,0,0,0,2023-01-01 00:00:00
p_tgudk6vxpb,Military Beige Short Sleeve V-Neck T-Shirt,T-Shirts,0,0,0,2023-01-01 00:00:00
p_cbxu2v3ntm,Military Green Short Sleeve Active Crew Neck T-Shirt,T-Shirts,0,0,0,2023-01-01 00:00:00
p_j9ak85wp57,Military Green Active Quick Dry Short with Liner,Shorts,0,0,0,2023-01-01 00:00:00
p_tfc9aqbuz4,Military Green Short Sleeve Crew Neck T-Shirt,T-Shirts,0,0,0,2023-01-01 00:00:00
p_ch6qn6a8en,Military Green Short Sleeve V-Neck T-Shirt,T-Shirts,0,0,0,2023-01-01 00:00:00
p_t4px9w63de,Navy Short Sleeve Crew Neck T-Shirt,T-Shirts,0,0,0,2023-01-01 00:00:00
p_cty4s4ehz9,Orange Short Sleeve V-Neck T-Shirt,T-Shirts,0,0,0,2023-01-01 00:00:00
p_wc3k5eupk3,Oxford Blue Short Sleeve V-Neck T-Shirt,T-Shirts,0,0,0,2023-01-01 00:00:00
p_zc2fube8nb,Periwinkle Blue Short Sleeve Polo Shirt,Polos,0,0,0,2023-01-01 00:00:00
p_hed6qt6arh,Raspberry Short Sleeve Polo Shirt,Polos,0,0,0,2023-01-01 00:00:00
p_uwx92gahmk,Mahogany Long Sleeve Henley,T-Shirts,0,0,0,2023-01-01 00:00:00
p_mdphbu2y54,Indigo Long Sleeve T-Shirt,T-Shirts,0,0,0,2023-01-01 00:00:00
p_vhh2e6dge7,Mellow Yellow Short Sleeve Crew Neck T-Shirt,T-Shirts,0,0,0,2023-01-01 00:00:00
p_w24fe8f3xz,Mellow Yellow Short Sleeve V-Neck T-Shirt,T-Shirts,0,0,0,2023-01-01 00:00:00
p_77barf9kfn,Mahogany Long Sleeve Waffle Crew,Sweatshirt,0,0,0,2023-01-01 00:00:00
p_624s29xq4x,Sweater Scarf | Black,Scarf,0,0,0,2023-01-01 00:00:00
p_c4xj5zhjn2,Heather Navy Sweater Button Up Shirt,Button Down Shirts,0,0,0,2023-01-01 00:00:00
p_qek9etj5vj,Heather Voyager Short Sleeve Crew Neck T-Shirt,Shirt,0,0,0,2023-01-01 00:00:00
p_u9qz9yabud,Indigo Wash Slim Fit Comfort Jeans,Jeans,0,0,0,2023-01-01 00:00:00
p_erspmns4ce,Heather Seafarer Short Sleeve V-Neck Neck T-Shirt,Shirt,0,0,0,2023-01-01 00:00:00
p_q4h28hmd8q,Never Show Socks | Active | 3-Pack | Black,Socks,0,0,0,2023-01-01 00:00:00
p_aj2ry7xdv9,"Chino Shorts | Comfort | 7"" | Rosewood",Shorts,0,0,0,2023-01-01 00:00:00
p_9y7cp9jumm,"Shorts | Classic Twill | 9"" | Sandstone",Shorts,0,0,0,2023-01-01 00:00:00
p_3pskc4cwbp,"Shorts | Classic Twill | 9"" Khaki",Shorts,0,0,0,2023-01-01 00:00:00
p_6bn53rdnz2,"Shorts | Classic Twill | 9"" | Navy",Shorts,0,0,0,2023-01-01 00:00:00
p_h4877neu4n,Sandstone Commuter Short,Shorts,0,0,0,2023-01-01 00:00:00
p_xsbj94sm6q,Heather Gray Fleece French Terry Short,Shorts,0,0,0,2023-01-01 00:00:00
p_jqam2z9s7w,"Chino Shorts | Comfort | 9"" | Ivory",Shorts,0,0,0,2023-01-01 00:00:00
p_kvcynwabcy,"Chino Shorts | Comfort | 9"" | Sandstone",Shorts,0,0,0,2023-01-01 00:00:00
p_7y7ms9wtr4,Shorts | Active Comfort | Black,Shorts,0,0,0,2023-01-01 00:00:00
p_r5du83g9df,Shorts | Active | Quick Dry with Liner | Black,Swim Shorts,0,0,0,2023-01-01 00:00:00
p_7pvp4dcq5n,Carbon Active Quick Dry Short with Liner,Swim Shorts,0,0,0,2023-01-01 00:00:00
p_gmhetj6qvj,Long Sleeve Button Up Shirt | Stretch Oxford | Banker Blue,Button Down Shirts,0,0,0,2023-01-01 00:00:00
p_8q3s9r6qwu,Hoodie | Active Comfort | Full Zip | Black,Hoodie,0,0,0,2023-01-01 00:00:00
p_fc9era585c,Jacket | Active | Black,Athletic Jackets,0,0,0,2023-01-01 00:00:00
p_m26ckp2n6s,Black Tall Round Hem Crew Neck T-Shirt,T-Shirts,0,0,0,2023-01-01 00:00:00
p_cfg5xu3gvw,Dark Olive Short Sleeve Crew Neck T-Shirt,T-Shirts,0,0,0,2023-01-01 00:00:00
p_yhput7au44,Dark Olive Long Sleeve Henley,T-Shirts,0,0,0,2023-01-01 00:00:00
p_ez9ax3esv6,Emerald Long Sleeve Crew Neck T-Shirt,T-Shirts,0,0,0,2023-01-01 00:00:00
p_8vx6ygsmsd,Heather Gray Hooded Long Sleeve T-Shirt,Hoodie,0,0,0,2023-01-01 00:00:00
p_23ubcbvz89,Heather Gray Never Show Socks 3-Pack,Socks,0,0,0,2023-01-01 00:00:00
p_pz6x448p9t,Heather Gray Short Sleeve Sweater Polo Shirt,Knit Tops,0,0,0,2023-01-01 00:00:00
p_jg78h55jmw,Heather Gray Sweater Beanie,Beanie,0,0,0,2023-01-01 00:00:00
p_w7ysprckp8,Heather Navy Active Comfort Straight Leg Pant,Sweatpants & Joggers,0,0,0,2023-01-01 00:00:00
p_8nnyqj3ewe,Heather Emerald Tall Round Hem Crew Neck T-Shirt,T-Shirts,0,0,0,2023-01-01 00:00:00
p_ttezb89gxf,Heather Mauve Short Sleeve Crew Neck T-Shirt,T-Shirts,0,0,0,2023-01-01 00:00:00
p_qtjb9pcnn3,Heather Navy Active Shell Jacket,Jacket,0,0,0,2023-01-01 00:00:00
p_f92h3kv2cv,Heather Pale Blue Short Sleeve Crew Neck T-Shirt,T-Shirts,0,0,0,2023-01-01 00:00:00
p_vjgaj8nyrd,Heather Gray Sweater Scarf,Scarf,0,0,0,2023-01-01 00:00:00
p_dy7mjs4bpm,Sleeveless Muscle Tee | Active | Light Heather Gray,Tank Top,0,0,0,2023-01-01 00:00:00
p_6sdgsje2m3,Mahogany Fleece French Terry Jogger,Sweatpants & Joggers,0,0,0,2023-01-01 00:00:00
p_xfct3t2vkk,Mahogany Waffle Hoodie,Hoodie,0,0,0,2023-01-01 00:00:00
p_wtnvenruq9,Medium indigo Wash Straight Fit Comfort Jeans,Jeans,0,0,0,2023-01-01 00:00:00
p_v8pfb5wryd,Military Green Waffle Hoodie,Hoodie,0,0,0,2023-01-01 00:00:00
p_x525p5gyt4,Moss Short Sleeve Sweater Polo Shirt,T-Shirts,0,0,0,2023-01-01 00:00:00
p_t58yx24wsb,Navy Hooded Long Sleeve T-Shirt,Sweatshirt,0,0,0,2023-01-01 00:00:00
p_msfd479sz8,Navy Short Sleeve Button Up Shirt,Shirt,0,0,0,2023-01-01 00:00:00
p_mau5qbhasg,Navy Short Sleeve Sweater Polo Shirt,Knit Sweaters,0,0,0,2023-01-01 00:00:00
p_dbg2vhd8gn,Navy Waffle Long Sleeve Crew Neck,Sweatshirt,0,0,0,2023-01-01 00:00:00
p_7kzk6kwsxk,Oatmeal Sweater Hoodie,Hoodie,0,0,0,2023-01-01 00:00:00
p_xhubfpt2bh,Olive Long Sleeve Ripstop Commuter Shirt,Shirt,0,0,0,2023-01-01 00:00:00
p_29wrd4wkfa,Pale Blue Button Up Shirt,Button Down Shirts,0,0,0,2023-01-01 00:00:00
p_u2rhgedcvp,White Long Sleeve Polo Shirt,Polos,0,0,0,2023-01-01 00:00:00
p_5e7t6v6gv8,Heather Sapphire Short Sleeve V-Neck T-Shirt,T-Shirts,0,0,0,2023-01-01 00:00:00
p_wctjf5cy38,Heather Seafarer Short Sleeve Crew Neck T-Shirt,T-Shirts,0,0,0,2023-01-01 00:00:00
p_dxzcer2fk8,Heather Slate Green Short Sleeve Crew Neck T-Shirt,T-Shirts,0,0,0,2023-01-01 00:00:00
p_dbcpnaxxzz,Navy Boxer Briefs 3-Pack,Underwear,0,0,0,2023-01-01 00:00:00
p_4juc2hdg85,Navy Tall Straight Hem Crew Neck T-Shirt,T-Shirts,0,0,0,2023-01-01 00:00:00
p_drc7rrjfsv,Mahogany Long Sleeve T-Shirt,Shirt,0,0,0,2023-01-01 00:00:00
p_rpcku7uhxu,Mahogany Short Sleeve V-Neck T-Shirt,T-Shirts,0,0,0,2023-01-01 00:00:00
p_zm5cpgbxrk,Sapphire Short Sleeve Crew Neck T-Shirt,T-Shirts,0,0,0,2023-01-01 00:00:00
p_npv4nzv5x2,Sapphire Short Sleeve Polo Shirt,Polos,0,0,0,2023-01-01 00:00:00
p_ps2ys9u9da,Short Sleeve T-Shirt | Crew Neck | Steel,T-Shirts,0,0,0,2023-01-01 00:00:00
p_wue6hk6hmr,Short Sleeve T-Shirt | V-Neck | Steel,T-Shirts,0,0,0,2023-01-01 00:00:00
p_avsdr3kjaw,Military Green Boxer Briefs 3-Pack,Underwear,0,0,0,2023-01-01 00:00:00
p_9xxg4dd5wv,Navy Tall Long Sleeve T-Shirt,Shirt,0,0,0,2023-01-01 00:00:00
p_4qvba3a9f7,Off White Short Sleeve Crew Neck T-Shirt,T-Shirts,0,0,0,2023-01-01 00:00:00
p_rh632vzkvf,Raspberry Short Sleeve Crew Neck T-Shirt,T-Shirts,0,0,0,2023-01-01 00:00:00
p_jgnjyyepyv,White Short Sleeve Crew Neck T-Shirt,T-Shirts,0,0,0,2023-01-01 00:00:00
p_2nzpxxx9qd,White Tall Long Sleeve T-Shirt,T-Shirts,0,0,0,2023-01-01 00:00:00
p_fsr8s5rfne,Navy Tall Active Crew Neck,T-Shirts,0,0,0,2023-01-01 00:00:00
p_xzhwz3h8uh,Heather Light Khaki Crew Neck,Sweatshirt,0,0,0,2023-01-01 00:00:00
p_g2f7b4qvq8,Kelly Green Short Sleeve Crew Neck T-Shirt,T-Shirts,0,0,0,2023-01-01 00:00:00
p_jdmt24d7hn,Pale Blue Short Sleeve Crew Neck T-Shirt,T-Shirts,0,0,0,2023-01-01 00:00:00
p_xx645fy2er,Pink Opal Short Sleeve Crew Neck T-Shirt,T-Shirts,0,0,0,2023-01-01 00:00:00
p_m9zcd62yqy,Sandstone Short Sleeve Crew Neck T-Shirt,T-Shirts,0,0,0,2023-01-01 00:00:00
p_4m97kku3wq,Tan 499 Short Sleeve Crew Neck T-Shirt,T-Shirts,0,0,0,2023-01-01 00:00:00
p_6q2v79acx5,Light Blue Short Sleeve V-Neck T-Shirt,T-Shirts,0,0,0,2023-01-01 00:00:00
p_ce7amvu2k2,Light Heather Short Sleeve Gray V-Neck T-Shirt,T-Shirts,0,0,0,2023-01-01 00:00:00
p_ar4zzgjk5p,Periwinkle Blue Short Sleeve Crew Neck T-Shirt,T-Shirts,0,0,0,2023-01-01 00:00:00
p_e34ttzx6kf,True Red Short Sleeve Crew Neck T-Shirt,T-Shirts,0,0,0,2023-01-01 00:00:00
p_qsrzg2ce35,Turquoise Short Sleeve Crew Neck T-Shirt,T-Shirts,0,0,0,2023-01-01 00:00:00
p_bg7f7edphc,Stone Blue Active Comfort Short,Shorts,0,0,0,2023-01-01 00:00:00
p_ka34xhhhr8,Indigo Boxer Briefs 3-Pack,Underwear,0,0,0,2023-01-01 00:00:00
p_axzk47pvme,Teal Boxer Briefs 3-Pack,Underwear,0,0,0,2023-01-01 00:00:00
p_cnrb9yncvy,White Half Crew Sock 3-Pack,Socks,0,0,0,2023-01-01 00:00:00
p_pkqtyg3hqm,White Never Show Socks 3-Pack,Socks,0,0,0,2023-01-01 00:00:00
p_8q6fwp8wgq,Yellow Short Sleeve Polo Shirt,Polos,0,0,0,2023-01-01 00:00:00
p_8497zwuxp3,Mahogany Fleece French Terry Pullover Crew Sweatshirt,Sweatshirt,0,0,0,2023-01-01 00:00:00
p_dcqnnrpypu,Long Sleeve Tee And Jogger Set | Loungewear | Charcoal Heather Gray,Sweatshirt,0,0,0,2023-01-01 00:00:00
p_cc9s42vn4x,Short Sleeve Tee And Pant Set | Loungewear | Charcoal Heather Gray,Sweatpants & Joggers,0,0,0,2023-01-01 00:00:00
p_zwuqmdbfnt,Charcoal Heather Gray Short Sleeve Tall Active Crew Neck,T-Shirts,0,0,0,2023-01-01 00:00:00
p_un65wg283k,Long Sleeve Tee And Jogger Set | Loungewear | Heather Navy,Sweatshirt,0,0,0,2023-01-01 00:00:00
p_pqxd5rn6d9,Short Sleeve Tee And Pant Set | Loungewear | Heather Navy,Lounge Sweatpants & Joggers,0,0,0,2023-01-01 00:00:00
p_f8nexh4476,Heather Navy Short Sleeve Tall Active Crew Neck,T-Shirts,0,0,0,2023-01-01 00:00:00
p_v4vw7cyjx6,White Short Sleeve Tall Active Crew Neck,T-Shirts,0,0,0,2023-01-01 00:00:00
p_fbcq86jv23,Heather Dusty Pink Short Sleeve V-Neck T-Shirt,T-Shirts,0,0,0,2023-01-01 00:00:00
p_d47n8u8fab,Black Long Sleeve Henley,Shirt,0,0,0,2023-01-01 00:00:00
p_7ekanr458k,Heather Burgundy Active Crew Neck T-Shirt,Shirt,0,0,0,2023-01-01 00:00:00
p_adhb2jnwk7,Military Green Tall Straight Hem Crew Neck T-Shirt,T-Shirts,0,0,0,2023-01-01 00:00:00
p_4xegh3d2dq,White Short Sleeve Active Polo Shirt,Polos,0,0,0,2023-01-01 00:00:00
p_jgj485u9gx,Heather Gray Hooded Long Sleeve T-Shirt,Hoodie,0,0,0,2023-01-01 00:00:00
p_5uvd4uv28m,Mahogany Waffle Hoodie,Hoodie,0,0,0,2023-01-01 00:00:00
p_qh5ucmcku5,Military Green Waffle Hoodie,Hoodie,0,0,0,2023-01-01 00:00:00
p_wrcbv4f2uu,Navy Hooded Long Sleeve T-Shirt,Sweatshirt,0,0,0,2023-01-01 00:00:00
p_3rcm54jqbs,Navy Waffle Hoodie,Hoodie,0,0,0,2023-01-01 00:00:00
p_vjd833ph3z,White Waffle Hoodie,Hoodie,0,0,0,2023-01-01 00:00:00
p_5uapency29,Navy Waffle Long Sleeve Crew Neck,Sweatshirt,0,0,0,2023-01-01 00:00:00
p_4ssfur9upr,Pale Blue Button Up Shirt,Button Down Shirts,0,0,0,2023-01-01 00:00:00
p_u9t2zm725p,Short Sleeve Active Polo Shirt | Black,Polos,0,0,0,2023-01-01 00:00:00
p_mnk33hmpwg,White Short Sleeve Active Polo,Polos,0,0,0,2023-01-01 00:00:00
p_ch7bwuavhv,Heather Gray Sweater Scarf,Scarf,0,0,0,2023-01-01 00:00:00
p_5crt48k7v7,Navy Short Sleeve Button Up Shirt,Shirt,0,0,0,2023-01-01 00:00:00
p_r6t642amsw,White Short Sleeve Button Up Shirt,Shirt,0,0,0,2023-01-01 00:00:00
p_pzx9wvv4qb,Heather Mauve Short Sleeve Crew Neck T-Shirt,T-Shirts,0,0,0,2023-01-01 00:00:00
p_tvdv27amhe,Heather Navy Active Comfort Straight Leg Pant,Sweatpants & Joggers,0,0,0,2023-01-01 00:00:00
p_2rhbv3znrg,Heather Navy Active Shell Jacket,Jacket,0,0,0,2023-01-01 00:00:00
p_ne28r8hbv2,Heather Seafarer Short Sleeve Crew Neck T-Shirt,T-Shirts,0,0,0,2023-01-01 00:00:00
p_yxq99tj7cv,Heather Slate Green Short Sleeve Crew Neck T-Shirt,Shirt,0,0,0,2023-01-01 00:00:00
p_2mwcc7hpkx,Light Heather Gray Sleeveless Active Muscle Tee,Tank Top,0,0,0,2023-01-01 00:00:00
p_cyyubbh7u4,Mahogany Fleece French Terry Jogger,Sweatpants & Joggers,0,0,0,2023-01-01 00:00:00
p_fqsqmarq3k,Mahogany Long Sleeve T-Shirt,Shirt,0,0,0,2023-01-01 00:00:00
p_r6f5ekuzmt,Mahogany V-Neck T-Shirt,Shirt,0,0,0,2023-01-01 00:00:00
p_zm7a3rkwma,Navy Tall Straight Hem Crew Neck T-Shirt,T-Shirts,0,0,0,2023-01-01 00:00:00
p_qktubda8xw,Heather Sapphire Short Sleeve V-Neck T-Shirt,T-Shirts,0,0,0,2023-01-01 00:00:00
p_bpux6v6hy3,Moss Short Sleeve Sweater Polo Shirt,T-Shirts,0,0,0,2023-01-01 00:00:00
p_x53atty9z2,Steel Short Sleeve V-Neck T-Shirt,T-Shirts,0,0,0,2023-01-01 00:00:00
p_55tcz9qg6f,Black Boxer Briefs 3-Pack,Underwear,0,0,0,2023-01-01 00:00:00
p_3t9x6drd9q,Never Show Socks | 3-Pack | Black,Socks,0,0,0,2023-01-01 00:00:00
p_9u87cuwg9k,Carbon Boxer Briefs 3-Pack,Underwear,0,0,0,2023-01-01 00:00:00
p_wuqcj8q3tb,Heather Gray Never Show Socks 3-Pack,Socks,0,0,0,2023-01-01 00:00:00
p_hj4kerceu3,Heather Gray Sweater Beanie,Beanie,0,0,0,2023-01-01 00:00:00
p_zkfhub8juv,Indigo Boxer Briefs 3-Pack,Underwear,0,0,0,2023-01-01 00:00:00
p_gky7ujn5kk,Military Green Boxer Briefs 3-Pack,Underwear,0,0,0,2023-01-01 00:00:00
p_hcstkqf7xs,Navy Boxer Briefs 3-Pack,Underwear,0,0,0,2023-01-01 00:00:00
p_vvxrx4e62u,Navy Boxer Trunks 3-Pack,Underwear,0,0,0,2023-01-01 00:00:00
p_ebtxk5mjkc,Teal Boxer Briefs 3-Pack,Underwear,0,0,0,2023-01-01 00:00:00
p_n52bwwvypc,White Active Crew Socks 3-Pack,Socks,0,0,0,2023-01-01 00:00:00
p_ngty2gftav,White Active Never Show Socks 3-Pack,Socks,0,0,0,2023-01-01 00:00:00
p_kdjpvxj7fs,White Half Crew Sock 3-Pack,Socks,0,0,0,2023-01-01 00:00:00
p_yefeaupknw,White Never Show Socks 3-Pack,Socks,0,0,0,2023-01-01 00:00:00
p_39acmqrp48,White Never Show Socks 3-Pack,Socks,0,0,0,2023-01-01 00:00:00
p_ntuxn2s2c5,Yellow Polo,Polos,0,0,0,2023-01-01 00:00:00
p_d53wqyy6nw,Oatmeal Sweater Hoodie,Hoodie,0,0,0,2023-01-01 00:00:00
p_xqd85rvpxs,Black Puffer Jacket,Puffer Jackets,0,0,0,2023-01-01 00:00:00
p_cad333s5q5,Heather Burgundy Active Long Sleeve Crew Neck,Sweatshirt,0,0,0,2023-01-01 00:00:00
p_heevyaqhce,"9"" Sandstone Classic Twill Shorts",Shorts,0,0,0,2023-01-01 00:00:00
p_yptjy3dzdz,"Shorts | Classic Twill | 7"" | Navy",Shorts,0,0,0,2023-01-01 00:00:00
p_v7wa7rn4tb,"Shorts | Classic Twill | 9"" | Khaki",Shorts,0,0,0,2023-01-01 00:00:00
p_x53vukk5e9,"Shorts | Classic Twill | 9"" | Meadow",Shorts,0,0,0,2023-01-01 00:00:00
p_yacuttmhrh,"9"" Navy Classic Twill Shorts",Shorts,0,0,0,2023-01-01 00:00:00
p_2432p8f6a5,"Shorts | Active Training | 7"" | Navy",Shorts,0,0,0,2023-01-01 00:00:00
p_64vbv6tpdm,Heather Gray Fleece French Terry Shorts,Shorts,0,0,0,2023-01-01 00:00:00
p_bmga62pefz,"9"" Sandstone Comfort Chino Shorts",Shorts,0,0,0,2023-01-01 00:00:00
p_b9pagk3ugb,Shorts | Active Comfort | Black,Shorts,0,0,0,2023-01-01 00:00:00
p_yn26dfj46r,Dark Heather Burgundy Active Comfort Short,Swim Shorts,0,0,0,2023-01-01 00:00:00
p_pe2azubxe8,Dark Heather Indigo Active Comfort Short,Shorts,0,0,0,2023-01-01 00:00:00
p_p58c6d9vvb,Dark Heather Military Green Active Comfort Short,Shorts,0,0,0,2023-01-01 00:00:00
p_6uh7rmkygu,Black Active Quick Dry Short with Liner,Swim Shorts,0,0,0,2023-01-01 00:00:00
p_wdbckwxtef,Carbon Active Quick Dry Short with Liner,Swim Shorts,0,0,0,2023-01-01 00:00:00
p_use9g4kaed,Black Active Never Show Socks 3-Pack,Socks,0,0,0,2023-01-01 00:00:00
p_85umjtnpsy,Sweater Scarf | Black,Scarf,0,0,0,2023-01-01 00:00:00
p_atrr9sdp25,Charcoal Heather Gray Short Sleeve Tall Polo Shirt,Polos,0,0,0,2023-01-01 00:00:00
p_9h2qsu97ew,Dark Heather Navy Active Comfort Short,Shorts,0,0,0,2023-01-01 00:00:00
p_znadcksnfx,Reversible Casual Belt,Belt,0,0,0,2023-01-01 00:00:00
p_rbz7y8npg6,Indigo Wash Slim Fit Comfort Jeans,Jeans,0,0,0,2023-01-01 00:00:00
p_p54vvkv29d,Light Heather Gray Quarter Zip Performance Shirt,Athletic Tops,0,0,0,2023-01-01 00:00:00
p_rujp4wvbzv,Mahogany Long Sleeve Waffle Crew,Sweatshirt,0,0,0,2023-01-01 00:00:00
p_vsyjxxtp4a,Navy Short Sleeve Active Polo Shirt,Polos,0,0,0,2023-01-01 00:00:00
p_tfhcx4fbf5,Heather Gray Never Show Socks 3-Pack,Socks,0,0,0,2023-01-01 00:00:00
p_ggkq2n25rk,Carbon Waffle Hoodie,Hoodie,0,0,0,2023-01-01 00:00:00
p_fsar8whm4b,Dark Oak Waffle Hoodie,Hoodie,0,0,0,2023-01-01 00:00:00
p_nqbh5bzsfh,Heather Gray Long Sleeve Polo,Polos,0,0,0,2023-01-01 00:00:00
p_ter2rcscz6,Heather Gray Waffle Hoodie,Hoodie,0,0,0,2023-01-01 00:00:00
p_5z9rynrdat,Dark Oak Long Sleeve Waffle Crew,Sweatshirt,0,0,0,2023-01-01 00:00:00
p_ap2c64hjnc,Dark Olive Long Sleeve Waffle Crew,Shirt,0,0,0,2023-01-01 00:00:00
p_zwzpj7gynb,Deep Sea Blue Long Sleeve Waffle Crew,T-Shirts,0,0,0,2023-01-01 00:00:00
p_ejzn2bhevc,Evergreen Heather Long Sleeve Waffle Crew,Sweatshirt,0,0,0,2023-01-01 00:00:00
p_456rdfdknv,Navy Long Sleeve Button Up Shirt,Shirt,0,0,0,2023-01-01 00:00:00
p_9ueremsrcn,Heather Navy Short Sleeve Loungewear Tee,T-Shirts,0,0,0,2023-01-01 00:00:00
p_pxj9zkmurj,Charcoal Heather Active Comfort Pullover Hoodie,Hoodie,0,0,0,2023-01-01 00:00:00
p_ab6dzqm4qc,Charcoal Heather Gray Fleece French Terry Jogger,Sweatpants & Joggers,0,0,0,2023-01-01 00:00:00
p_r7g7s9ued2,Dark Olive Fleece Shacket,Jacket,0,0,0,2023-01-01 00:00:00
p_pevetyjchy,Heather Dark Oak V-Neck T-Shirt,Screen Printed T-Shirts,0,0,0,2023-01-01 00:00:00
p_7bmm7jjbng,Heather Gray Long Sleeve Lightweight Flannel Shirt,Button Down Shirts,0,0,0,2023-01-01 00:00:00
p_jdy7juawjw,Heather Gray Pique Crew Sweater,Knit Sweaters,0,0,0,2023-01-01 00:00:00
p_hdbwf4s669,Heather Gray Tall Straight Hem Crew Neck T-Shirt,T-Shirts,0,0,0,2023-01-01 00:00:00
p_zsnvka2svc,Heather Mist Short Sleeve Crew Neck T-Shirt,T-Shirts,0,0,0,2023-01-01 00:00:00
p_h4edseg6hf,Heather Navy Active Comfort Pullover Hoodie,Hoodie,0,0,0,2023-01-01 00:00:00
p_n6kve3ddkw,Heather Navy Long Sleeve Ripstop Commuter Shirt,Shirt,0,0,0,2023-01-01 00:00:00
p_h8jucbuvcu,Heather Navy Pique Crew Sweater,Knit Sweaters,0,0,0,2023-01-01 00:00:00
p_sxcevd7ww2,Heather Oatmeal Crew Neck Sweater,Knit Sweaters,0,0,0,2023-01-01 00:00:00
p_ex8zw8z5dh,Heather Sapphire Short Sleeve Crew Neck T-Shirt,T-Shirts,0,0,0,2023-01-01 00:00:00
p_fdgw8vn8mw,Indigo Wash Straight Fit Comfort Jeans,Jeans,0,0,0,2023-01-01 00:00:00
p_gkhuhrbvc5,Light Indigo Wash Long Sleeve Chambray Shirt,Shirt,0,0,0,2023-01-01 00:00:00
p_5ez35speq8,Medium Indigo Wash Long Sleeve Chambray Shirt,Shirt,0,0,0,2023-01-01 00:00:00
p_36tbyhq9p3,Navy Fleece Shacket,Shirt Jackets,0,0,0,2023-01-01 00:00:00
p_grdphsazq4,Reversible Dress Belt,Belt,0,0,0,2023-01-01 00:00:00
p_qj9xh26ctj,Sapphire Short Sleeve Crew Neck T-Shirt,Screen Printed T-Shirts,0,0,0,2023-01-01 00:00:00
p_7nraatq97j,Steel Short Sleeve Crew Neck T-Shirt,T-Shirts,0,0,0,2023-01-01 00:00:00
p_37z5p8b2wz,Heather Dark Orchid Short Sleeve Vee Neck T-Shirt,Shirt,0,0,0,2023-01-01 00:00:00
p_rr9yu69cdx,Heather Mist Short Sleeve Vee Neck T-Shirt,T-Shirts,0,0,0,2023-01-01 00:00:00
p_7fgbszq45t,Heather Voyager Short Sleeve Vee Neck T-Shirt,T-Shirts,0,0,0,2023-01-01 00:00:00
p_aj728cj6p2,Reversible Casual Belt,Belt,0,0,0,2023-01-01 00:00:00
p_wkggwhgxue,Navy Long Sleeve Lightweight Flannel Shirt,Shirt,0,0,0,2023-01-01 00:00:00
p_8fx2h79sez,Black Slippers,Slippers,0,0,0,2023-01-01 00:00:00
p_cguvv472kt,Heather Navy Loungewear Pant,Pants,0,0,0,2023-01-01 00:00:00
p_e6aypq2yyn,Charcoal Heather Active Comfort Full Zip Hoodie,Hoodie,0,0,0,2023-01-01 00:00:00
p_zg2kz56sep,Khaki Coaches Jacket,Jacket,0,0,0,2023-01-01 00:00:00
p_v6xzqb4euh,Electric Blue Polo,Polos,0,0,0,2023-01-01 00:00:00
p_kyjxexravk,Heather Gray Active Crew Socks 3-Pack,Socks,0,0,0,2023-01-01 00:00:00
p_v4pawc4ufa,Heather Gray Ankle Socks 3-Pack,Socks,0,0,0,2023-01-01 00:00:00
p_r3b5cqykd8,Heather Gray Never Show Socks 3-Pack,Socks,0,0,0,2023-01-01 00:00:00
p_xsa4epqty5,Mahogany Polo,Polos,0,0,0,2023-01-01 00:00:00
p_perj37fvaa,Periwinkle Blue Polo,Polos,0,0,0,2023-01-01 00:00:00
p_ump27mtkuq,Raspberry Polo,Polos,0,0,0,2023-01-01 00:00:00
p_szsv98dxsn,White Active Ankle Socks 3-Pack,Socks,0,0,0,2023-01-01 00:00:00
p_yvahsdbd7s,Heather Seafarer Short Sleeve Polo,Polos,0,0,0,2023-01-01 00:00:00
p_njb9h744v3,Indigo Rinse Straight Authentic Stretch Jeans,Jeans,0,0,0,2023-01-01 00:00:00
p_nyn3pcwdu8,Light Indigo Wash Slim Authentic Stretch Jeans,Jeans,0,0,0,2023-01-01 00:00:00
p_9f3wn27yj9,Indigo Rinse Slim Authentic Stretch Jeans,Jeans,0,0,0,2023-01-01 00:00:00
p_3dxryrdx2k,Medium Indigo Wash Slim Authentic Stretch Jeans,Jeans,0,0,0,2023-01-01 00:00:00
p_75westm75x,Light Indigo Wash Straight Authentic Stretch Jeans,Jeans,0,0,0,2023-01-01 00:00:00
p_7sfgw9sa4n,Medium Indigo Wash Straight Authentic Stretch Jeans,Jeans,0,0,0,2023-01-01 00:00:00
p_sy5ta2zsks,Heather Cayenne Short Sleeve Crew Neck T-Shirt,Shirt,0,0,0,2023-01-01 00:00:00
p_qcke957864,"Chino Shorts | Comfort | 7"" | Military Green",Shorts,0,0,0,2023-01-01 00:00:00
p_uy62gqzk94,"Shorts | Comfort Chino | 7"" | Sapphire",Shorts,0,0,0,2023-01-01 00:00:00
p_svgga79dfc,"Chino Shorts | Comfort | 7"" | Slate Green",Shorts,0,0,0,2023-01-01 00:00:00
p_n2cq64ucyu,"9"" Sapphire Comfort Chino Short",Shorts,0,0,0,2023-01-01 00:00:00
p_hubt8gp9tb,"9"" Slate Green Comfort Chino Short",Shorts,0,0,0,2023-01-01 00:00:00
p_vahhav9rn7,"Shorts | Classic Twill | 9"" | Black",Shorts,0,0,0,2023-01-01 00:00:00
p_jxeh4td3j3,"Shorts | 9"" | Classic Twill | Centurion",Shorts,0,0,0,2023-01-01 00:00:00
p_3mav9fu9q9,"Shorts | Active Training 7"" | Black",Shorts,0,0,0,2023-01-01 00:00:00
p_3he4jy8f99,"Shorts | Active Training | 7"" | Carbon",Shorts,0,0,0,2023-01-01 00:00:00
p_sdkp4ngqy8,"Shorts | Active Training | 7"" | Sandstone",Shorts,0,0,0,2023-01-01 00:00:00
p_n5vm5c3nb9,"Chino Shorts | Comfort | 7"" | Black",Shorts,0,0,0,2023-01-01 00:00:00
p_t3995sdwge,"Shorts | Comfort Chino | 7"" | Carbon",Shorts,0,0,0,2023-01-01 00:00:00
p_ys9u6f3mbt,"Chino Shorts | Comfort | 7"" | Khaki",Shorts,0,0,0,2023-01-01 00:00:00
p_2vpu7ymaay,Black Commuter Short,Shorts,0,0,0,2023-01-01 00:00:00
p_jnvzcqrwxp,Khaki Commuter Short,Shorts,0,0,0,2023-01-01 00:00:00
p_pgq6zgcvgq,Black Fleece French Terry Short,Shorts,0,0,0,2023-01-01 00:00:00
p_8hbywkfrwc,Military Green Fleece French Terry Short,Shorts,0,0,0,2023-01-01 00:00:00
p_v7655zp7an,"Chino Shorts | Comfort | 9"" | Black",Shorts,0,0,0,2023-01-01 00:00:00
p_29aky289rv,Navy Fleece French Terry Short,Shorts,0,0,0,2023-01-01 00:00:00
p_juczmrnmtc,"Shorts | Comfort Chino | 9"" | Carbon",Shorts,0,0,0,2023-01-01 00:00:00
p_jw2fyemxq7,"9"" Khaki Comfort Chino Short",Shorts,0,0,0,2023-01-01 00:00:00
p_uqn6yzvkpa,"9"" Navy Comfort Chino Short",Shorts,0,0,0,2023-01-01 00:00:00
p_8an2wybh3y,Charcoal Heather Gray Active Comfort Short,Athletic Shorts,0,0,0,2023-01-01 00:00:00
p_aw48ckctp9,Burgundy Active Quick Dry Short with Liner,Swim Shorts,0,0,0,2023-01-01 00:00:00
p_vey4w66jst,Military Green Active Quick Dry Short with Liner,Shorts,0,0,0,2023-01-01 00:00:00
p_nuk7mzc8jt,Navy Active Quick Dry Short with Liner,Swim Shorts,0,0,0,2023-01-01 00:00:00
p_r2e57cmagz,Joggers | Active | Black,Sweatpants & Joggers,0,0,0,2023-01-01 00:00:00
p_csr594d6ws,Heather Navy Loungewear Jogger,Sweatpants & Joggers,0,0,0,2023-01-01 00:00:00
p_2krzrc4m74,Carbon Fleece French Terry Jogger,Sweatpants & Joggers,0,0,0,2023-01-01 00:00:00
p_phdjj3n8yh,Heather Gray Fleece French Terry Joggers,Sweatpants & Joggers,0,0,0,2023-01-01 00:00:00
p_eaxfgdw35q,Medium Gray Wash Slim Fit Comfort Jeans,Jeans,0,0,0,2023-01-01 00:00:00
p_wcjsyc8zup,Medium Gray Wash Straight Fit Comfort Jeans,Jeans,0,0,0,2023-01-01 00:00:00
p_qjxt4q7gff,Military Green Coaches Jacket,Jacket,0,0,0,2023-01-01 00:00:00
p_fm6edfx4ep,Military Green Fleece French Terry Jogger,Sweatpants & Joggers,0,0,0,2023-01-01 00:00:00
p_28tc85jmdq,Military Green Waffle Long Sleeve Crew Neck,Sweatshirt,0,0,0,2023-01-01 00:00:00
p_mxsupz7eaq,Navy Coaches Jacket,Jacket,0,0,0,2023-01-01 00:00:00
p_qqk283mjjn,Navy Fleece French Terry Jogger,Sweatpants & Joggers,0,0,0,2023-01-01 00:00:00
p_xanpax5dbd,True Red Polo,Polos,0,0,0,2023-01-01 00:00:00
p_mrvwze8wph,White Ankle Socks 3-Pack,Socks,0,0,0,2023-01-01 00:00:00
p_ga52js5nmp,White Never Show Socks 3-Pack,Socks,0,0,0,2023-01-01 00:00:00
p_yhe8c62x9c,Heather Navy Quarter Zip Performance Shirt,Athletic Tops,0,0,0,2023-01-01 00:00:00
p_a7p3mw83t9,Heather Military Green Active Long Sleeve Crew Neck,T-Shirts,0,0,0,2023-01-01 00:00:00
p_rwwrukwyz9,Charcoal Heather Gray Short Sleeve Tall Active Crew Neck,T-Shirts,0,0,0,2023-01-01 00:00:00
p_qy223hzmfv,White Short Sleeve Tall Active Crew Neck,T-Shirts,0,0,0,2023-01-01 00:00:00
p_hfj965wa8c,Charcoal Heather Gray Loungewear Long Sleeve Tee And Jogger Set,Sweatshirt,0,0,0,2023-01-01 00:00:00
p_f3v8s3b963,Charcoal Heather Gray Loungewear Short Sleeve Tee And Pant Set,Sweatpants & Joggers,0,0,0,2023-01-01 00:00:00
p_3vtx7z4d8y,Heather Dusty Pink V-Neck T-Shirt,Screen Printed T-Shirts,0,0,0,2023-01-01 00:00:00
p_3kckyj2khu,Heather Navy Loungewear Short Sleeve Tee And Pant Set,Lounge Sweatpants & Joggers,0,0,0,2023-01-01 00:00:00
p_36tjt6cs8z,Heather Gray Pique Crew Sweater,Knit Sweaters,0,0,0,2023-01-01 00:00:00
p_dnq23rfcgu,"Carbon 7"" 2-in-1 Training Short",Athletic Shorts,0,0,0,2023-01-01 00:00:00
p_kccxqadagn,Navy Waffle Hoodie,Hoodie,0,0,0,2023-01-01 00:00:00
p_j23j35syzx,Black Wash Long Sleeve Chambray Shirt,Shirt,0,0,0,2023-01-01 00:00:00
p_4yh4m8q3v7,Navy Puffer Jacket,Puffer Jackets,0,0,0,2023-01-01 00:00:00
p_jj6vbqjbcj,Navy Boxer Trunks 3-Pack,Underwear,0,0,0,2023-01-01 00:00:00
p_h5b94d3deu,Centurion Short Sleeve Sweater Polo,Polos,0,0,0,2023-01-01 00:00:00
p_pznn6yemfk,Heather Navy Quarter Zip Performance Shirt,Athletic Tops,0,0,0,2023-01-01 00:00:00
p_wj3u3m87yx,Short Sleeve T-Shirt | Active | Crew Neck | Black,T-Shirts,0,0,0,2023-02-01 00:00:00
p_svsvrfrcb6,Black Active Long Sleeve Crew Neck T-Shirt,T-Shirts,0,0,0,2023-02-01 00:00:00
p_vjfh4zw9pd,Short Sleeve Active Polo Shirt | Black,Polos,0,0,0,2023-02-01 00:00:00
p_2gwdmudpww,Long Sleeve Shirt | Crew Neck | Black,Shirt,0,0,0,2023-02-01 00:00:00
p_p6zw3xeg4v,Short Sleeve T-Shirt | Crew Neck | Black,T-Shirts,0,0,0,2023-02-01 00:00:00
p_8jmz33scf8,Sweatshirt | Pullover Crew Neck | Fleece French Terry | Black,Sweatshirt,0,0,0,2023-02-01 00:00:00
p_26twzeayzk,Pullover Hoodie | Fleece French Terry | Black,Hoodie,0,0,0,2023-02-01 00:00:00
p_xnzebcgf9j,Zip Hoodie | Fleece French Terry | Black,Hoodie,0,0,0,2023-02-01 00:00:00
p_v9vmgr3m4t,Polo Shirt | Black,Polos,0,0,0,2023-02-01 00:00:00
p_uwm4psyppk,Black Tall Straight Hem Crew Neck T-Shirt,T-Shirts,0,0,0,2023-02-01 00:00:00
p_s7yfamyjwt,Black V-Neck T-Shirt,T-Shirts,0,0,0,2023-02-01 00:00:00
p_htnnbrvvmk,Carbon Active Crew Neck,T-Shirts,0,0,0,2023-02-01 00:00:00
p_rgamhxuwjz,Carbon Crew Neck Long Sleeve,Shirt,0,0,0,2023-02-01 00:00:00
p_szpx92nwke,Carbon Fleece French Terry Zip Hoodie,Hoodie,0,0,0,2023-02-01 00:00:00
p_prm2runmas,Carbon Long Sleeve Henley,T-Shirts,0,0,0,2023-02-01 00:00:00
p_gf9pckvcm8,Carbon Short Sleeve Polo Shirt,Polos,0,0,0,2023-02-01 00:00:00
p_ujs2rxbwwy,Charcoal Heather Gray Active Long Sleeve Crew Neck,T-Shirts,0,0,0,2023-02-01 00:00:00
p_73vqwcfbpf,Charcoal Heather Gray Short Sleeve Active Polo Shirt,Polos,0,0,0,2023-02-01 00:00:00
p_9744mpdv5n,Charcoal Heather Gray Long Sleeve,Shirt,0,0,0,2023-02-01 00:00:00
p_3dh3myqfyq,Charcoal Heather Gray Polo,Polos,0,0,0,2023-02-01 00:00:00
p_yjazyejt4q,Charcoal Heather Gray V-Neck,Shirt,0,0,0,2023-02-01 00:00:00
p_xhhgk2nnba,Heather Burgundy Crew Neck T-Shirt,Shirt,0,0,0,2023-02-01 00:00:00
p_gbd3qsz25s,Heather Charcoal Gray Crew Neck T-Shirt,Shirt,0,0,0,2023-02-01 00:00:00
p_ea2gekbzfm,Heather Gray Crew Neck Long Sleeve,T-Shirts,0,0,0,2023-02-01 00:00:00
p_bdybxrzhhw,Heather Gray Fleece French Terry Pullover Hoodie,Hoodie,0,0,0,2023-02-01 00:00:00
p_cz4mtzemgt,Heather Gray Fleece French Terry Zip Hoodie,Hoodie,0,0,0,2023-02-01 00:00:00
p_ddgsdeyzu9,Heather Gray Long Sleeve Henley,T-Shirts,0,0,0,2023-02-01 00:00:00
p_5rc5ezqwny,Heather Gray Short Sleeve Polo Shirt,Polos,0,0,0,2023-02-01 00:00:00
p_shhxbvvxxp,Heather Indigo Active Crew Neck T-Shirt,T-Shirts,0,0,0,2023-02-01 00:00:00
p_4fs9u74y4x,Heather Indigo Crew Neck Long Sleeve,T-Shirts,0,0,0,2023-02-01 00:00:00
p_hmkhv4g497,Heather Indigo Crew Neck T-Shirt,Shirt,0,0,0,2023-02-01 00:00:00
p_s6hq3cbp99,Heather Indigo Short Sleeve Polo Shirt,Polos,0,0,0,2023-02-01 00:00:00
p_5q6tnqwruf,Heather Light Gray Active Long Sleeve Crew Neck,T-Shirts,0,0,0,2023-02-01 00:00:00
p_ggx5q9x8xm,Heather Military Green Active Crew Neck T-Shirt,Shirt,0,0,0,2023-02-01 00:00:00
p_xngupz8qg8,Heather Military Green Active Long Sleeve Crew Neck,T-Shirts,0,0,0,2023-02-01 00:00:00
p_pzg4uy9ru4,Heather Military Green Short Sleeve Active Polo Shirt,Polos,0,0,0,2023-02-01 00:00:00
p_kajnxmygka,Heather Military Green Crew Neck T-Shirt,Shirt,0,0,0,2023-02-01 00:00:00
p_95axe6dfn6,Heather Navy Active Crew Neck T-Shirt,T-Shirts,0,0,0,2023-02-01 00:00:00
p_5kpddtqty2,Heather Navy Active Long Sleeve Crew Neck,T-Shirts,0,0,0,2023-02-01 00:00:00
p_ccse4psnan,Heather Navy Crew Neck Long Sleeve,T-Shirts,0,0,0,2023-02-01 00:00:00
p_ug6duq4hvt,Heather Navy Crew Neck T-Shirt,Shirt,0,0,0,2023-02-01 00:00:00
p_vrmxbznmh9,Indigo Long Sleeve Henley,Shirt,0,0,0,2023-02-01 00:00:00
p_bhfd33ejhy,Indigo Short Sleeve Polo Shirt,Polos,0,0,0,2023-02-01 00:00:00
p_955cnseek9,Light Heather Gray Crew Neck Long Sleeve,T-Shirts,0,0,0,2023-02-01 00:00:00
p_6zjn28jf23,Military Green Crew Neck Long Sleeve,Shirt,0,0,0,2023-02-01 00:00:00
p_shcbhfeqaq,Military Green Fleece French Terry Pullover Crew Neck Sweatshirt,Sweatshirt,0,0,0,2023-02-01 00:00:00
p_3wz546brng,Military Green Fleece French Terry Pullover Hoodie,Hoodie,0,0,0,2023-02-01 00:00:00
p_8q6kvd32nc,Military Green Fleece French Terry Zip Hoodie,Hoodie,0,0,0,2023-02-01 00:00:00
p_brwwn6xkwh,Military Green Long Sleeve Henley,T-Shirts,0,0,0,2023-02-01 00:00:00
p_mwv4sjthwt,Military Green Short Sleeve Polo Shirt,Polos,0,0,0,2023-02-01 00:00:00
p_vtkmnr87v2,Navy Active Crew Neck T-Shirt,T-Shirts,0,0,0,2023-02-01 00:00:00
p_tpzfdnukzs,Navy Active Long Sleeve Crew Neck,T-Shirts,0,0,0,2023-02-01 00:00:00
p_bptwztkuks,Navy Short Sleeve Active Polo Shirt,Polos,0,0,0,2023-02-01 00:00:00
p_tjh5t8a6tw,Navy Crew Neck Long Sleeve,Shirt,0,0,0,2023-02-01 00:00:00
p_rezzg23bjy,Navy Fleece French Terry Pullover Crew Neck Sweatshirt,Sweatshirt,0,0,0,2023-02-01 00:00:00
p_k6s6hftqfe,Navy Fleece French Terry Pullover Hoodie,Hoodie,0,0,0,2023-02-01 00:00:00
p_h9z43a8zde,Navy Fleece French Terry Zip Hoodie,Hoodie,0,0,0,2023-02-01 00:00:00
p_ngbbqfwzd5,Navy Long Sleeve Henley,Shirt,0,0,0,2023-02-01 00:00:00
p_rhexhysfzs,Navy Short Sleeve Polo Shirt,Polos,0,0,0,2023-02-01 00:00:00
p_xa4dn5yc22,Navy Tall Short Sleeve Polo Shirt,Polos,0,0,0,2023-02-01 00:00:00
p_2wu3jtehp2,Navy Short Sleeve V-Neck T-Shirt,Shirt,0,0,0,2023-02-01 00:00:00
p_8rbvhb5tdc,White Active Crew Neck T-Shirt,Shirt,0,0,0,2023-02-01 00:00:00
p_r5gttk27sm,White Active Long Sleeve Crew Neck,Shirt,0,0,0,2023-02-01 00:00:00
p_2cus7843n6,White Crew Neck Long Sleeve,Shirt,0,0,0,2023-02-01 00:00:00
p_twpefb4vpq,White Long Sleeve Henley,T-Shirts,0,0,0,2023-02-01 00:00:00
p_6hvvy94kq4,White Short Sleeve Polo Shirt,Polos,0,0,0,2023-02-01 00:00:00
p_m6x758mjvq,White Short Sleeve Tall Polo Shirt,Polos,0,0,0,2023-02-01 00:00:00
p_s49r5jxnqq,White Short Sleeve V-Neck T-Shirt,T-Shirts,0,0,0,2023-02-01 00:00:00
p_fx25mpavbf,Long Sleeve T-Shirt | Hooded | Black,T-Shirts,0,0,0,2023-02-01 00:00:00
p_gawdf2gbfa,Long Sleeve Polo Shirt | Black,Polos,0,0,0,2023-02-01 00:00:00
p_xafkdxwnvm,Black Waffle Hoodie,Hoodie,0,0,0,2023-02-01 00:00:00
p_yev838e3bk,Dark Olive Waffle Hoodie,Hoodie,0,0,0,2023-02-01 00:00:00
p_3h5wxbdgfn,White Long Sleeve Polo Shirt,Polos,0,0,0,2023-02-01 00:00:00
p_g5xjgypbqs,Long Sleeve Button Up Shirt | Black,Button Down Shirts,0,0,0,2023-02-01 00:00:00
p_pqjyybc86f,Black Waffle Long Sleeve Crew Neck T-Shirt,T-Shirts,0,0,0,2023-02-01 00:00:00
p_5pqpzmazbr,Carbon Long Sleeve Button Up Shirt,Button Down Shirts,0,0,0,2023-02-01 00:00:00
p_anqd83cjye,Military Green Waffle Long Sleeve Crew Neck,Sweatshirt,0,0,0,2023-02-01 00:00:00
p_vp3anzz9s3,White Button Up Shirt,Button Down Shirts,0,0,0,2023-02-01 00:00:00
p_92vf4hpdrt,White Commuter Short Sleeve Button Up,Button Down Shirts,0,0,0,2023-02-01 00:00:00
p_85skykpy7r,Short Sleeve Button Up Shirt | Commuter | Black,Button Down Shirts,0,0,0,2023-02-01 00:00:00
p_v5bwyyhget,Carbon Commuter Short Sleeve Button Up,Button Down Shirts,0,0,0,2023-02-01 00:00:00
p_5kr9enrf6j,Short Sleeve Tee | Loungewear | Charcoal Heather Gray,T-Shirts,0,0,0,2023-02-01 00:00:00
p_rpwqburrmc,Dark Heather Cadet Active Polo,Polos,0,0,0,2023-02-01 00:00:00
p_8tryb2ahrp,Dark Heather Cocoa Active Polo,Polos,0,0,0,2023-02-01 00:00:00
p_vnexp6dh3m,Heather Centurion Short Sleeve Active Polo Shirt,Polos,0,0,0,2023-02-01 00:00:00
p_8pczdfc69m,Heather Cocoa Short Sleeve Active Polo Shirt,Polos,0,0,0,2023-02-01 00:00:00
p_xdyq8mewrc,Short Sleeve Button Up Shirt | Black,Button Down Shirts,0,0,0,2023-02-01 00:00:00
p_56qjzafa6s,Carbon Short Sleeve Button Up Shirt,Button Down Shirts,0,0,0,2023-02-01 00:00:00
p_7dyz93zegj,"Shorts | Active Training | 7"" | Sapphire",Athletic Shorts,0,0,0,2023-02-01 00:00:00
p_3pkg63ym5k,"Shorts | Active Training | 7"" | Steel",Shorts,0,0,0,2023-02-01 00:00:00
p_k5hymg84ez,"Shorts | Training | 7"" | 2-in-1 Black",Athletic Shorts,0,0,0,2023-02-01 00:00:00
p_mm5tbn6qza,Sweatshirt | Comfort Crew | Black,Sweatshirt,0,0,0,2023-02-01 00:00:00
p_2uptnqrxy2,Hoodie | Active Comfort | Pullover | Black,Hoodie,0,0,0,2023-02-01 00:00:00
p_ys335pw23m,Pants | Active Comfort | Straight Leg | Black,Sweatpants & Joggers,0,0,0,2023-02-01 00:00:00
p_9attt36kqt,Blazer | Black,Blazer,0,0,0,2023-02-01 00:00:00
p_84w66d79b8,Pants | Comfort Chino | Black,Pants,0,0,0,2023-02-01 00:00:00
p_349fd5fte5,Sweater | Crew Neck | Black,Knit Sweaters,0,0,0,2023-02-01 00:00:00
p_zzvxdda285,Fleece Shacket | Black,Jacket,0,0,0,2023-02-01 00:00:00
p_z7kat66jsb,Puffer Vest | Black,Outerwear Vests,0,0,0,2023-02-01 00:00:00
p_w99wqwtmd8,Performance Shirt | Quarter Zip | Black,Athletic Tops,0,0,0,2023-02-01 00:00:00
p_vkp29t8hpk,Sleeveless Muscle Tee | Active | Black,Athletic Tops,0,0,0,2023-02-01 00:00:00
p_bxpjzp3q34,Sweater Hoodie | Black,Hoodie,0,0,0,2023-02-01 00:00:00
p_j23j35syzx,Black Wash Long Sleeve Chambray Shirt,Shirt,0,0,0,2023-02-01 00:00:00
p_aaa5u2senn,Black Wash Slim Fit Comfort Jeans,Jeans,0,0,0,2023-02-01 00:00:00
p_mu7q5qx67m,Black Wash Straight Fit Comfort Jeans,Jeans,0,0,0,2023-02-01 00:00:00
p_kv4qxkyavb,Chino Pants | Comfort | Carbon,Pants,0,0,0,2023-02-01 00:00:00
p_av6ja2w28x,Charcoal Heather Active Comfort Crew Sweatshirt,Athletic Tops,0,0,0,2023-02-01 00:00:00
p_jqxjnq8mc8,Charcoal Heather Active Comfort Straight Leg Pant,Sweatpants & Joggers,0,0,0,2023-02-01 00:00:00
p_hzkzcd9ag9,Charcoal Heather Gray Long Sleeve Ripstop Commuter Shirt,Shirt,0,0,0,2023-02-01 00:00:00
p_zc74ftx9hy,Charcoal Heather Gray Pique Crew Sweater,Knit Sweaters,0,0,0,2023-02-01 00:00:00
p_4krqrmhc8s, Sleeveless Muscle Tee | Active | Charcoal Heather Gray,Athletic Tops,0,0,0,2023-02-01 00:00:00
p_qvscv7wqa7,Dark Oak Fleece French Terry Jogger,Sweatpants & Joggers,0,0,0,2023-02-01 00:00:00
p_yw7vvn467f,Dark Olive Long Sleeve Crew Neck T-Shirt,T-Shirts,0,0,0,2023-02-01 00:00:00
p_hc97kv4jxf,Deep Sea Blue Short Sleeve Crew Neck T-Shirt,T-Shirts,0,0,0,2023-02-01 00:00:00
p_zp4vn3rtz4,Deep Sea Blue Long Sleeve Crew Neck T-Shirt,T-Shirts,0,0,0,2023-02-01 00:00:00
p_8d5cs572ku,Evergreen Heather Short Sleeve Crew Neck T-Shirt,T-Shirts,0,0,0,2023-02-01 00:00:00
p_2qn4rb76qt,Evergreen Heather Long Sleeve Crew Neck T-Shirt,T-Shirts,0,0,0,2023-02-01 00:00:00
p_hun6quaf8f,Gray Wash Slim Fit Comfort Jeans,Jeans,0,0,0,2023-02-01 00:00:00
p_bn49najk97,Gray Wash Straight Fit Comfort Jeans,Jeans,0,0,0,2023-02-01 00:00:00
p_a66qgjtv8u, Sleeveless Muscle Tee | Active | Heather Cadet,Athletic Tops,0,0,0,2023-02-01 00:00:00
p_76w9v5r9gp,Heather Camel Pique Crew Sweater,Knit Sweaters,0,0,0,2023-02-01 00:00:00
p_m26nune3tt,Sleeveless Muscle Tee | Active | Heather Cocoa,Tank Top,0,0,0,2023-02-01 00:00:00
p_wtfwp7uyps,Heather Dark Oak Long Sleeve Crew Neck T-Shirt,T-Shirts,0,0,0,2023-02-01 00:00:00
p_guzmuvmxwg,Heather Dark Orchid Short Sleeve Crew Neck T-Shirt,T-Shirts,0,0,0,2023-02-01 00:00:00
p_auux7guqn5,Sleeveless Muscle Tee | Active| Heather Forest,Athletic Tops,0,0,0,2023-02-01 00:00:00
p_wvdzacyaq8,Heather Garnet Short Sleeve Crew Neck T-Shirt,T-Shirts,0,0,0,2023-02-01 00:00:00
p_59st4ejx9g,Heather Graphite Short Sleeve Crew Neck T-Shirt,T-Shirts,0,0,0,2023-02-01 00:00:00
p_mkhh2ymk98,Heather Navy Active Comfort Crew Sweatshirt,Sweatshirt,0,0,0,2023-02-01 00:00:00
p_4tw7w4865y,Medium Gray Wash Slim Fit Comfort Jeans,Jeans,0,0,0,2023-02-01 00:00:00
p_u25kmysesj,Medium Gray Wash Straight Fit Comfort Jeans,Jeans,0,0,0,2023-02-01 00:00:00
p_yrp9cazs3k,Olive Long Sleeve Ripstop Commuter Shirt,Shirt,0,0,0,2023-02-01 00:00:00
p_vjj8djm98g,"Voyager 7"" 2-in-1 Training Short",Athletic Shorts,0,0,0,2023-02-01 00:00:00
p_ens5k22dee,Coaches Jacket | Black,Jacket,0,0,0,2023-02-01 00:00:00
p_krqrvpb5nk,Short Sleeve Sweater Polo Shirt | Black,Polos,0,0,0,2023-02-01 00:00:00
p_ezjsg82fk7,Garnet Short Sleeve Sweater Polo Shirt,Polos,0,0,0,2023-02-01 00:00:00
p_zfqbnz8zdc,Heather Gray Short Sleeve Sweater Polo,Polos,0,0,0,2023-02-01 00:00:00
p_rdac8nxqpc,Navy Short Sleeve Sweater Polo,Polos,0,0,0,2023-02-01 00:00:00
p_tdz6dj3k93,Charcoal Heather Gray Active Shell Jacket,Jacket,0,0,0,2023-02-01 00:00:00
p_ef9p26sqwv,Navy Coaches Jacket,Jacket,0,0,0,2023-02-01 00:00:00
p_gvy838kdy9,Long Sleeve Button Up Sweater Shirt | Black + Carbon,Button Down Shirts,0,0,0,2023-02-01 00:00:00
p_cpfjz5js6m,Light Heather Gray Quarter Zip Performance Shirt,Athletic Tops,0,0,0,2023-02-01 00:00:00
p_encznv79zd,Charcoal Heather Gray Loungewear Jogger,Sweatpants & Joggers,0,0,0,2023-02-01 00:00:00
p_uqg73gd526,Dark Olive Short Sleeve V-Neck T-Shirt,T-Shirts,0,0,0,2023-02-01 00:00:00
p_dd7ynwa46b,Military Green Coaches Jacket,Jacket,0,0,0,2023-02-01 00:00:00
p_pds624ht98,Ankle Socks | Active | 3-Pack | Black,Socks,0,0,0,2023-02-01 00:00:00
p_h9thpv33ux,Crew Socks | Active | 3-Pack | Black,Socks,0,0,0,2023-02-01 00:00:00
p_vm4udwbmec,Ankle Socks | 3-Pack | Black,Socks,0,0,0,2023-02-01 00:00:00
p_hv5d9t5gb4,Black Boxer Trunks 3-Pack,Underwear,0,0,0,2023-02-01 00:00:00
p_eg72spursx,Half Crew Sock | 3-Pack | Black,Socks,0,0,0,2023-02-01 00:00:00
p_m5nrytn7g3,Boxer Briefs | Logo | 3-Pack | Black,Underwear,0,0,0,2023-02-01 00:00:00
p_7rzxq9sd8n,Never Show Socks | 3-Pack | Black,Socks,0,0,0,2023-02-01 00:00:00
p_h644hfsgj7,Sweater Beanie | Black,Beanie,0,0,0,2023-02-01 00:00:00
p_k8j2vzha5p,Burgundy Boxer Briefs 3-Pack,Underwear,0,0,0,2023-02-01 00:00:00
p_rd96dkwsx6,Carbon Boxer Trunks 3-Pack,Underwear,0,0,0,2023-02-01 00:00:00
p_3zf2yh34hr,Dark Olive Short Sleeve Polo Shirt,Polos,0,0,0,2023-02-01 00:00:00
p_fcgghnz6fh,Evergreen Sweater Beanie,Beanie,0,0,0,2023-02-01 00:00:00
p_vxfj55w6ma,Heather Burgundy Short Sleeve Polo Shirt,Polos,0,0,0,2023-02-01 00:00:00
p_tpv8fcqeja,Heather Gray Active Ankle Socks 3-Pack,Socks,0,0,0,2023-02-01 00:00:00
p_y6cg76w8k6,Heather Gray Half Crew Sock 3-Pack,Socks,0,0,0,2023-02-01 00:00:00
p_sgut9a5tns,Light Heather Gray Polo,Polos,0,0,0,2023-02-01 00:00:00
p_r5xrp6kuxu,True Red Short Sleeve Polo Shirt,Polos,0,0,0,2023-02-01 00:00:00
p_x285vx432e,White Ankle Socks 3-Pack,Socks,0,0,0,2023-02-01 00:00:00
p_3aup7bbqg3,Carbon Tall Long Sleeve T-Shirt,Shirt,0,0,0,2023-02-01 00:00:00
p_mxpb4sqvry,Charcoal Heather Gray Short Sleeve Tall Crew,T-Shirts,0,0,0,2023-02-01 00:00:00
p_92fw37ajex,Heather Seafarer Short Sleeve Tall Crew,Shirt,0,0,0,2023-02-01 00:00:00
p_rhk5rdjr7y,Heather Voyager Short Sleeve Tall Crew,T-Shirts,0,0,0,2023-02-01 00:00:00
p_hz3svpszdm,Military Green Tall Long Sleeve T-Shirt,T-Shirts,0,0,0,2023-02-01 00:00:00
p_3xnj548f3x,Sapphire Short Sleeve Tall Crew,T-Shirts,0,0,0,2023-02-01 00:00:00
p_j9huduq2g2,White Tall Straight Hem Crew Neck T-Shirt,T-Shirts,0,0,0,2023-02-01 00:00:00
p_ct8bqyz5rd,Bomber Jacket | Black,Bomber Jackets,0,0,0,2023-02-01 00:00:00
p_26x46r3gh3,Carbon Short Sleeve Tall Polo Shirt,Polos,0,0,0,2023-02-01 00:00:00
p_uwgqdnnawm,Charcoal Heather Gray Short Sleeve Tall Polo Shirt,Polos,0,0,0,2023-02-01 00:00:00
p_awt8ehv6fc,Heather Gray Short Sleeve Tall Polo Shirt,Polos,0,0,0,2023-02-01 00:00:00
p_ug78456eub,Mahogany Fleece French Terry Pullover Hoodie,Hoodie,0,0,0,2023-02-01 00:00:00
p_3hycs4vyy4,Mahogany Fleece French Terry Zip Hoodie,Hoodie,0,0,0,2023-02-01 00:00:00
p_487dnzupxz,Military Green Short Sleeve Tall Polo Shirt,Polos,0,0,0,2023-02-01 00:00:00
p_haens7aj79,Sapphire Short Sleeve Tall Polo Shirt,Polos,0,0,0,2023-02-01 00:00:00
p_n7npmmnfq3,Bomber Jacket | Army Green,Bomber Jackets,0,0,0,2023-02-01 00:00:00
p_vhct7fnamt,Sweater Fleece Jacket | Black,Jacket,0,0,0,2023-02-01 00:00:00
p_qvxdc36tay,Carbon Bomber Jacket,Bomber Jackets,0,0,0,2023-02-01 00:00:00
p_ubarpzrdvd,Gray Sweater Fleece Jacket,Knit Sweaters,0,0,0,2023-02-01 00:00:00
p_25m5nqdhtq,Gunmetal Puffer Jacket,Puffer Jackets,0,0,0,2023-02-01 00:00:00
p_9nq4jjbkbr,Military Green Puffer Jacket,Puffer Jackets,0,0,0,2023-02-01 00:00:00
p_6svhrtmsn3,Navy Bomber Jacket,Bomber Jackets,0,0,0,2023-02-01 00:00:00
p_dwbw45rvge,Navy Hooded Puffer Jacket,Puffer Jackets,0,0,0,2023-02-01 00:00:00
p_4yh4m8q3v7,Navy Puffer Jacket,Puffer Jackets,0,0,0,2023-02-01 00:00:00
p_e6pz5d7uh9,Navy Sweater Fleece Jacket,Hoodie,0,0,0,2023-02-01 00:00:00
p_4xmfcxsvq4,Puffer Jacket | Hooded | Black,Puffer Jackets,0,0,0,2023-02-01 00:00:00
p_zrt8e4hahp,Chino Pants | Straight | Twill | Black,Pants,0,0,0,2023-02-01 00:00:00
p_6bppe3h2jj,Centurion Slim Twill Chino,Pants,0,0,0,2023-02-01 00:00:00
p_zd6gtes7qp,Centurion Straight Twill Chino,Pants,0,0,0,2023-02-01 00:00:00
p_ja9tudbs9q,Dark Oak Straight Twill Chino,Pants,0,0,0,2023-02-01 00:00:00
p_yqusyfjxtf,Gunmetal Hooded Puffer Jacket,Puffer Jackets,0,0,0,2023-02-01 00:00:00
p_kkdff6r47e,Meadow Slim Twill Chino,Pants,0,0,0,2023-02-01 00:00:00
p_rnmhwn9kcu,Navy Slim Twill Chino,Pants,0,0,0,2023-02-01 00:00:00
p_y5u5gs4evr,Navy Straight Twill Chino,Pants,0,0,0,2023-02-01 00:00:00
p_vqc6jejd69,Long Sleeve Button Up Shirt | Do-It-All Comfort | Black,Button Down Shirts,0,0,0,2023-02-01 00:00:00
p_p8ep2jre98,Hoodie | Active | Black,Hoodie,0,0,0,2023-02-01 00:00:00
p_vubwwnzvnt,Dark Heather Cadet Long Sleeve Active Crew Neck,T-Shirts,0,0,0,2023-02-01 00:00:00
p_e2426ac79u,Dark Heather Tempest Long Sleeve Active Crew Neck,Sweatshirt,0,0,0,2023-02-01 00:00:00
p_cjzvdmswjf,White Active Hoodie,Hoodie,0,0,0,2023-02-01 00:00:00
p_ncwnq5usm5,"Shorts | Active Training | 7"" | Slate Green",Athletic Shorts,0,0,0,2023-02-01 00:00:00
p_x443echvnq,"Chino Shorts | Comfort | 7"" | Military Green",Shorts,0,0,0,2023-02-01 00:00:00
p_qhjjf5kjgd,"Chino Shorts | Comfort | 7"" | Rosewood",Shorts,0,0,0,2023-02-01 00:00:00
p_f8rywmvjsy,"Chino Shorts | Comfort | 7"" | Sapphire",Shorts,0,0,0,2023-02-01 00:00:00
p_6kxr6rztwd,"Chino Shorts | Comfort | 7"" | Slate Green",Shorts,0,0,0,2023-02-01 00:00:00
p_56zbdasvhd,"Chino Shorts | Comfort | 9"" | Sapphire",Shorts,0,0,0,2023-02-01 00:00:00
p_xpmubyp2yg,"Chino Shorts | Comfort | 9"" | Slate Green",Shorts,0,0,0,2023-02-01 00:00:00
p_saytmbtmak,"Shorts | Classic Twill | 9"" | Black",Shorts,0,0,0,2023-02-01 00:00:00
p_aytxzkck8x,"Shorts | Classic Twill | 7"" | Black",Shorts,0,0,0,2023-02-01 00:00:00
p_fhdff8x3jt,"Shorts | Classic Twill | 7"" | Harbor",Shorts,0,0,0,2023-02-01 00:00:00
p_q2935cukf5,"Shorts | Classic Twill | 7"" | Khaki",Shorts,0,0,0,2023-02-01 00:00:00
p_qr5wafyaq4,"Shorts | Classic Twill | 7"" | Moss",Shorts,0,0,0,2023-02-01 00:00:00
p_j48puxsej5,"Shorts | Classic Twill | 7"" | Sandstone",Shorts,0,0,0,2023-02-01 00:00:00
p_b2wv3hqta7,"Shorts | Classic Twill | 9"" | Centurion",Shorts,0,0,0,2023-02-01 00:00:00
p_wungd9j4dh,"Shorts | Active Training | 7"" | Black",Shorts,0,0,0,2023-02-01 00:00:00
p_r9rn7a2dy5,"Shorts | Active Training | 7"" | Carbon",Shorts,0,0,0,2023-02-01 00:00:00
p_n9qtgjygdv,"Shorts | Active Training | 7"" | Sandstone",Athletic Shorts,0,0,0,2023-02-01 00:00:00
p_nu9kcajw2z,"Chino Shorts | Comfort | 7"" | Black",Shorts,0,0,0,2023-02-01 00:00:00
p_hmp7dkjce9,"Chino Shorts | Comfort | 7"" | Carbon",Shorts,0,0,0,2023-02-01 00:00:00
p_25upswaptj,"Chino Shorts | Comfort | 7"" | Khaki",Shorts,0,0,0,2023-02-01 00:00:00
p_kaq2j39v2p,"Chino Shorts | Comfort | 7"" | Navy",Shorts,0,0,0,2023-02-01 00:00:00
p_utfqrxy94f,Shorts | Commuter | Black,Shorts,0,0,0,2023-02-01 00:00:00
p_prrc5xwre5,Khaki Commuter Short,Shorts,0,0,0,2023-02-01 00:00:00
p_bj4epra3sv,Shorts | Fleece French Terry | Black,Shorts,0,0,0,2023-02-01 00:00:00
p_fvgyjfheyt,Sandstone Commuter Short,Shorts,0,0,0,2023-02-01 00:00:00
p_epuubwwz7s,Military Green Fleece French Terry Short,Shorts,0,0,0,2023-02-01 00:00:00
p_j4bf77xx5v,"Chino Shorts | Comfort | 9"" | Black",Shorts,0,0,0,2023-02-01 00:00:00
p_74gmgsy6yv,Navy Fleece French Terry Short,Shorts,0,0,0,2023-02-01 00:00:00
p_m5f29n89jy,"Chino Shorts | Comfort | 9"" | Carbon",Shorts,0,0,0,2023-02-01 00:00:00
p_47meu4bybx,"Chino Shorts | Comfort |  9"" | Ivory",Shorts,0,0,0,2023-02-01 00:00:00
p_5za8gj7unh,"Chino Shorts | Comfort | 9"" | Khaki",Shorts,0,0,0,2023-02-01 00:00:00
p_arxdch5qcv,"Chino Shorts | Comfort | 9"" | Military Green",Shorts,0,0,0,2023-02-01 00:00:00
p_en8vndps74,"Chino Shorts | Comfort | 9"" | Navy",Shorts,0,0,0,2023-02-01 00:00:00
p_rquj6mrdex,Dark Heather Navy Active Comfort Short,Shorts,0,0,0,2023-02-01 00:00:00
p_6ra9g27e7u,Burgundy Active Quick Dry Short with Liner,Swim Shorts,0,0,0,2023-02-01 00:00:00
p_5ek32kjgzp,Navy Active Quick Dry Short with Liner,Swim Shorts,0,0,0,2023-02-01 00:00:00
p_bp7w9cp3k9,Pants | Commuter | Black,Pants,0,0,0,2023-02-01 00:00:00
p_5p5sgcwp5f,"Shorts | Active Training | 7"" | Navy",Shorts,0,0,0,2023-02-01 00:00:00
p_47uf2puagk,"Shorts | Classic Twill | 7"" | Navy",Shorts,0,0,0,2023-02-01 00:00:00
p_9a5tjqerw5,"Shorts | Classic Twill | 9"" | Meadow",Shorts,0,0,0,2023-02-01 00:00:00
p_a69bzurkgs,Joggers | Active | Black,Sweatpants & Joggers,0,0,0,2023-02-01 00:00:00
p_2bkrkbfbk9,Classic Polarized Sunglasses | Black,Sunglasses,0,0,0,2023-02-01 00:00:00
p_vvkaza7v48,Long Sleeve Button Up Shirt | Commuter | Black,Button Down Shirts,0,0,0,2023-02-01 00:00:00
p_egq2tewvm7,Long Sleeve Henley | Black,T-Shirts,0,0,0,2023-02-01 00:00:00
p_yp2v99qxbf,Classic Polarized Sunglasses | Black Mirror,Sunglasses,0,0,0,2023-02-01 00:00:00
p_mef5fue56y,Dress Shirt | Lightweight Performance | Black,Button Down Shirts,0,0,0,2023-02-01 00:00:00
p_fpmkw85rke,Short Sleeve Polo Shirt | Black,Polos,0,0,0,2023-02-01 00:00:00
p_s7c853uk5c,Puffer Jacket | Black,Puffer Jackets,0,0,0,2023-02-01 00:00:00
p_8nhyuguh4z,Chino Pants | Slim | Twill | Black,Pants,0,0,0,2023-02-01 00:00:00
p_ka5fa3ne6y,Slippers | Black,Slippers,0,0,0,2023-02-01 00:00:00
p_6wnwzma24v,Long Sleeve Button Up Shirt | Stretch Oxford | Black,Button Down Shirts,0,0,0,2023-02-01 00:00:00
p_u3ffx96ehp,Short Sleeve T-Shirt | Tall | Active Crew Neck | Black,T-Shirts,0,0,0,2023-02-01 00:00:00
p_ufjg6nn927,Long Sleeve T-Shirt | Tall | Black,T-Shirts,0,0,0,2023-02-01 00:00:00
p_enhxmmv3xa,Polo Shirt | Tall | Black,Polos,0,0,0,2023-02-01 00:00:00
p_gqfhmx28rz,Blue Quartz Short Sleeve Crew Neck T-Shirt,T-Shirts,0,0,0,2023-02-01 00:00:00
p_6ccw4zmdj6,Bluestone Tall Round Hem Crew Neck T-Shirt,T-Shirts,0,0,0,2023-02-01 00:00:00
p_ryght7etrs,Bluestone V-Neck Short Sleeve T-Shirt,T-Shirts,0,0,0,2023-02-01 00:00:00
p_5q95b4bjyg,Burgundy Short Sleeve Crew Neck T-Shirt,T-Shirts,0,0,0,2023-02-01 00:00:00
p_2sxe2kvxmc,Burgundy Long Sleeve Crew Neck T-Shirt,T-Shirts,0,0,0,2023-02-01 00:00:00
p_srwzc2wwq6,Burgundy Long Sleeve Henley,T-Shirts,0,0,0,2023-02-01 00:00:00
p_8p9z2j6eqt,Burgundy Short Sleeve V-Neck T-Shirt,T-Shirts,0,0,0,2023-02-01 00:00:00
p_dnq23rfcgu,"Carbon 7"" 2-in-1 Training Short",Athletic Shorts,0,0,0,2023-02-01 00:00:00
p_9tz4xs4maw,Carbon Commuter Long Sleeve Button Up Shirt,Button Down Shirts,0,0,0,2023-02-01 00:00:00
p_82erf6xepz,Carbon Commuter Pant,Pants,0,0,0,2023-02-01 00:00:00
p_gxqdqumwae,Carbon Short Sleeve Crew Neck T-Shirt,T-Shirts,0,0,0,2023-02-01 00:00:00
p_nmb6y3r32b,Carbon Fleece French Terry Jogger,Sweatpants & Joggers,0,0,0,2023-02-01 00:00:00
p_mqhey6peq9,Carbon Fleece French Terry Pullover Crew Neck Sweatshirt,Sweatshirt,0,0,0,2023-02-01 00:00:00
p_pgvy4mwya6,Carbon Fleece French Terry Pullover Hoodie,Hoodie,0,0,0,2023-02-01 00:00:00
p_dcfsb4qj5s,Carbon Performance Lightweight Dress Shirt,Button Down Shirts,0,0,0,2023-02-01 00:00:00
p_q9e4tw2vgn,Carbon Tall Active Crew Neck T-Shirt,T-Shirts,0,0,0,2023-02-01 00:00:00
p_3mznzzvw2f,Carbon Tall Round Hem Crew Neck T-Shirt,T-Shirts,0,0,0,2023-02-01 00:00:00
p_fcv57d39m8,Carbon Short Sleeve V-Neck T-Shirt,T-Shirts,0,0,0,2023-02-01 00:00:00
p_n6hvkgussy,Carbon Waffle Hoodie,Hoodie,0,0,0,2023-02-01 00:00:00
p_yg5234hu8z,Centurion Short Sleeve Sweater Polo Shirt,Polos,0,0,0,2023-02-01 00:00:00
p_qcw7eb8td6,Charcoal Heather Active Comfort Full Zip Hoodie,Hoodie,0,0,0,2023-02-01 00:00:00
p_agkp4c43e4,Charcoal Heather Active Comfort Pullover Hoodie,Hoodie,0,0,0,2023-02-01 00:00:00
p_cn8axvjmp9,Charcoal Heather Gray Active Comfort Short,Athletic Shorts,0,0,0,2023-02-01 00:00:00
p_6c6nrcr2c3, Short Sleeve T-Shirt | Active Crew Neck | Charcoal Heather Gray,T-Shirts,0,0,0,2023-02-01 00:00:00
p_znfcswnte7,Charcoal Heather Gray Active Hoodie,Hoodie,0,0,0,2023-02-01 00:00:00
p_bdbtrvs35c,Charcoal Heather Gray Active Joggers,Sweatpants & Joggers,0,0,0,2023-02-01 00:00:00
p_pxnmvcumyj,Charcoal Heather Gray Do-It-All Comfort Long Sleeve Button Up Shirt,Button Down Shirts,0,0,0,2023-02-01 00:00:00
p_yra4pxjn2n,Charcoal Heather Gray Fleece French Terry Full Zip,Hoodie,0,0,0,2023-02-01 00:00:00
p_k727r3s7q8,Charcoal Heather Gray Fleece French Terry Jogger,Sweatpants & Joggers,0,0,0,2023-02-01 00:00:00
p_qsxubmrtfw,Long Sleeve Tee | Loungewear | Charcoal Heather Gray,T-Shirts,0,0,0,2023-02-01 00:00:00
p_hrqsaa2u6g,Charcoal Heather Gray Loungewear Pant,Pants,0,0,0,2023-02-01 00:00:00
p_z9gg92dcqx,Charcoal Heather Gray Short Sleeve Polo Shirt,Polos,0,0,0,2023-02-01 00:00:00
p_3shyn5zkky,Charcoal Heather Gray Tall Crew T-Shirt,T-Shirts,0,0,0,2023-02-01 00:00:00
p_mvqwbcmhah,Charcoal Heather Gray Tall Round Hem Crew Neck T-Shirt,T-Shirts,0,0,0,2023-02-01 00:00:00
p_yupfqc6yfm,Charcoal Heather Gray Short Sleeve V-Neck T-Shirt,T-Shirts,0,0,0,2023-02-01 00:00:00
p_6k245nh69q,Crimson Long Sleeve Crew Neck T-Shirt,T-Shirts,0,0,0,2023-02-01 00:00:00
p_rhxjthz5x8,Dark Heather Burgundy Active Comfort Short,Swim Shorts,0,0,0,2023-02-01 00:00:00
p_ucy8r4cqe3,Dark Heather Burgundy Active Joggers,Sweatpants & Joggers,0,0,0,2023-02-01 00:00:00
p_2eh6mejec7,Dark Heather Cadet Active Crew Neck T-Shirt,T-Shirts,0,0,0,2023-02-01 00:00:00
p_sfn5q4bv26,Dark Heather Cadet Short Sleeve Active Polo Shirt,Polos,0,0,0,2023-02-01 00:00:00
p_ncvpa3z4h7,Dark Heather Cadet Long Sleeve Active Crew Neck T-Shirt,T-Shirts,0,0,0,2023-02-01 00:00:00
p_6njreat3aq,Dark Heather Cocoa Active Crew Neck T-Shirt,T-Shirts,0,0,0,2023-02-01 00:00:00
p_mjrxd2wgtf,Dark Heather Cocoa Short Sleeve Active Polo Shirt,Polos,0,0,0,2023-02-01 00:00:00
p_zf9muhc3as,Dark Heather Indigo Active Comfort Short,Shorts,0,0,0,2023-02-01 00:00:00
p_x5p88uuzy5,Dark Heather Indigo Active Joggers,Sweatpants & Joggers,0,0,0,2023-02-01 00:00:00
p_npx42jpcmt,Dark Heather Military Green Active Comfort Short,Shorts,0,0,0,2023-02-01 00:00:00
p_9m3e7uj62s,Dark Heather Military Green Active Joggers,Sweatpants & Joggers,0,0,0,2023-02-01 00:00:00
p_t2tpzxuynp,Dark Heather Navy Active Joggers,Sweatpants & Joggers,0,0,0,2023-02-01 00:00:00
p_vybqnpjdfb,Dark Heather Tempest Active Crew Neck T-Shirt,T-Shirts,0,0,0,2023-02-01 00:00:00
p_gzgm33n9cz,Dark Heather Tempest Short Sleeve Active Polo Shirt,Polos,0,0,0,2023-02-01 00:00:00
p_sph8dsebwy,Dark Oak Fleece French Terry Pullover Crew Neck Sweatshirt,Sweatshirt,0,0,0,2023-02-01 00:00:00
p_zpj5m6rzbh,Dark Oak Fleece French Terry Pullover Hoodie,Hoodie,0,0,0,2023-02-01 00:00:00
p_bvsv82u2jt,Dark Oak Fleece French Terry Zip Hoodie,Hoodie,0,0,0,2023-02-01 00:00:00
p_xdyn8gxhhe,Dark Oak Long Sleeve Waffle Crew,Sweatshirt,0,0,0,2023-02-01 00:00:00
p_hvyht2dd2v,Dark Oak Slim Twill Chino Pant,Pants,0,0,0,2023-02-01 00:00:00
p_9mtccasba9,Dark Oak Waffle Hoodie,Hoodie,0,0,0,2023-02-01 00:00:00
p_2wxxfw7mca,Dark Olive Fleece Shacket,Shirt Jackets,0,0,0,2023-02-01 00:00:00
p_b3ppfm2vay,Dark Olive Long Sleeve Waffle Crew,Shirt,0,0,0,2023-02-01 00:00:00
p_a6yxedr8jx,Dark Purple Short Sleeve V-Neck T-Shirt ,T-Shirts,0,0,0,2023-02-01 00:00:00
p_zwwudtzed5,Deep Sea Blue Heather Active Hoodie,Hoodie,0,0,0,2023-02-01 00:00:00
p_9y7p8njxta,Deep Sea Blue Heather Active Long Sleeve Crew T-Shirt,T-Shirts,0,0,0,2023-02-01 00:00:00
p_wht3v5efkm,Deep Sea Blue Long Sleeve Waffle Crew,T-Shirts,0,0,0,2023-02-01 00:00:00
p_z7xekuufwm,Ecru Do-It-All Comfort Long Sleeve Button Up Shirt,Button Down Shirts,0,0,0,2023-02-01 00:00:00
p_kvuhf7884a,Electric Blue Short Sleeve Polo Shirt,Polos,0,0,0,2023-02-01 00:00:00
p_ysyjzgmtu6,Evergreen Heather Active Hoodie,Hoodie,0,0,0,2023-02-01 00:00:00
p_shc7xvk932,Evergreen Heather Active Long Sleeve Crew Neck T-Shirt,T-Shirts,0,0,0,2023-02-01 00:00:00
p_2d43kb3hj3,Evergreen Heather Long Sleeve Waffle Crew,Sweatshirt,0,0,0,2023-02-01 00:00:00
p_yszdpmgyju,Evergreen Sweater Scarf,Scarf,0,0,0,2023-02-01 00:00:00
p_ydptv6rbpw,Gradient Classic Polarized Sunglasses,Sunglasses,0,0,0,2023-02-01 00:00:00
p_3wdph5p4a5,Gunmetal Puffer Vest,Outerwear Vests,0,0,0,2023-02-01 00:00:00
p_2c7s8a7bmw,Heather Black Active Jogger,Sweatpants & Joggers,0,0,0,2023-02-01 00:00:00
p_dny6u2yy3n,Heather Burgundy Active Crew Neck T-Shirt,T-Shirts,0,0,0,2023-02-01 00:00:00
p_5a5sfcgqkq,Heather Burgundy Active Long Sleeve Crew Neck T-Shirt,T-Shirts,0,0,0,2023-02-01 00:00:00
p_ctw749pxad,Heather Burgundy Long Sleeve Crew Neck T-Shirt,T-Shirts,0,0,0,2023-02-01 00:00:00
p_pqwkc9p2hu,Heather Burgundy Short Sleeve Crew Neck T-Shirt,T-Shirts,0,0,0,2023-02-01 00:00:00
p_a2wcem7cms,Heather Burgundy Short Sleeve V-Neck T-Shirt,T-Shirts,0,0,0,2023-02-01 00:00:00
p_25hy766nzk,Heather Cayenne Short Sleeve Crew Neck T-Shirt,T-Shirts,0,0,0,2023-02-01 00:00:00
p_x7cgdhmyp3,Heather Navy Short Sleeve Polo Shirt,Polos,0,0,0,2023-02-01 00:00:00
p_2hkre8aznc,Military Green Tall Straight Hem Crew Neck T-Shirt,T-Shirts,0,0,0,2023-02-01 00:00:00
p_73kjt62een,Heather Cayenne Short Sleeve Polo Shirt,Polos,0,0,0,2023-02-01 00:00:00
p_dpgtwv5dut,Heather Cayenne Short Sleeve Tall Polo,Polos,0,0,0,2023-02-01 00:00:00
p_rpenkmstmg,Heather Centurion Active Crew Neck T-Shirt,T-Shirts,0,0,0,2023-02-01 00:00:00
p_kzqm93unyy,Heather Cocoa Active Crew Neck T-Shirt,T-Shirts,0,0,0,2023-02-01 00:00:00
p_rua2yj3jmt,Heather Dark Oak Crew Short Sleeve Neck T-Shirt,T-Shirts,0,0,0,2023-02-01 00:00:00
p_cve5gy56m8,Heather Dark Oak Short Sleeve V-Neck T-Shirt,T-Shirts,0,0,0,2023-02-01 00:00:00
p_cvrhss99ts,Heather Dark Orchid Short Sleeve V-Neck T-Shirt,Shirt,0,0,0,2023-02-01 00:00:00
p_y3r2ug2mpu,Heather Forest Active Crew Neck T-Shirt,T-Shirts,0,0,0,2023-02-01 00:00:00
p_h75hjs7973,Heather Forest Short Sleeve Active Polo Shirt,Polos,0,0,0,2023-02-01 00:00:00
p_x5pshyk4q9,Heather Graphite Short Sleeve Polo Shirt,Polos,0,0,0,2023-02-01 00:00:00
p_g4xkdswn5e,Heather Gray Active Comfort Short,Shorts,0,0,0,2023-02-01 00:00:00
p_9p8bns7rmp,Heather Gray Active Crew Socks 3-Pack,Socks,0,0,0,2023-02-01 00:00:00
p_bjecaeres5,Heather Gray Active Never Show Socks 3-Pack,Socks,0,0,0,2023-02-01 00:00:00
p_nw97q8x9x2,Heather Gray Ankle Socks 3-Pack,Socks,0,0,0,2023-02-01 00:00:00
p_n3jnq4u8q7,Heather Gray Crew Neck Sweater,Knit Sweaters,0,0,0,2023-02-01 00:00:00
p_gbh9ypmsjv,Heather Gray Do-It-All Comfort Long Sleeve Button Up Shirt,Button Down Shirts,0,0,0,2023-02-01 00:00:00
p_bz2jmxhgzb,Heather Gray Fleece French Terry Joggers,Sweatpants & Joggers,0,0,0,2023-02-01 00:00:00
p_dvj7aj4rxq,Heather Gray Fleece French Terry Pullover Crew Neck Sweatshirt,Sweatshirt,0,0,0,2023-02-01 00:00:00
p_ttdapkruav,Heather Gray Fleece French Terry Pullover Hoodie,Hoodie,0,0,0,2023-02-01 00:00:00
p_e3w27784ez,Heather Gray Long Sleeve Lightweight Flannel Shirt,Button Down Shirts,0,0,0,2023-02-01 00:00:00
p_7cvqeq727k,Heather Gray Long Sleeve Polo Shirt,Polos,0,0,0,2023-02-01 00:00:00
p_36tjt6cs8z,Heather Gray Pique Crew Sweater,Knit Sweaters,0,0,0,2023-02-01 00:00:00
p_mbdbf8ya5d,Heather Gray Sweater Long Sleeve Button Up Shirt,Button Down Shirts,0,0,0,2023-02-01 00:00:00
p_gzymf76rmw,Heather Navy Loungewear Jogger,Sweatpants & Joggers,0,0,0,2023-02-01 00:00:00
p_8nxyvmkrbc,Heather Navy Loungewear Pant,Pants,0,0,0,2023-02-01 00:00:00
p_yb98yp2sqv,Indigo Rinse Slim Authentic Stretch Jeans,Jeans,0,0,0,2023-02-01 00:00:00
p_juu2rq3qu8,Indigo Rinse Straight Authentic Stretch Jeans,Jeans,0,0,0,2023-02-01 00:00:00
p_jwjqtb338j,Khaki Comfort Chino Pants,Pants,0,0,0,2023-02-01 00:00:00
p_t83m3bqcj4,Khaki Commuter Pant,Pants,0,0,0,2023-02-01 00:00:00
p_spf5g5jf32,Khaki Slim Twill Chino,Pants,0,0,0,2023-02-01 00:00:00
p_jx3q5n329x,Khaki Straight Twill Chino,Pants,0,0,0,2023-02-01 00:00:00
p_rhugz6jch8,Light Indigo Wash Slim Authentic Stretch Jeans,Jeans,0,0,0,2023-02-01 00:00:00
p_katetzgtwe,Light Indigo Wash Straight Authentic Stretch Jeans,Jeans,0,0,0,2023-02-01 00:00:00
p_s57sjtnm4q,Meadow Straight Twill Chino,Pants,0,0,0,2023-02-01 00:00:00
p_d3c8r9bpvv,Medium Indigo Wash Slim Authentic Stretch Jeans,Jeans,0,0,0,2023-02-01 00:00:00
p_xgzt58skmg,Medium Indigo Wash Straight Authentic Stretch Jeans,Jeans,0,0,0,2023-02-01 00:00:00
p_egd9fym6xg,Navy Commuter Pant,Pants,0,0,0,2023-02-01 00:00:00
p_ymb5bq3vdv,Navy Fleece Shacket,Shirt Jackets,0,0,0,2023-02-01 00:00:00
p_accagka8uw,Reversible Dress Belt,Belt,0,0,0,2023-02-01 00:00:00
p_pjpnhtycns,Sandstone Commuter Pant,Pants,0,0,0,2023-02-01 00:00:00
p_dks9q92uqc,Heather Gray Tall Round Hem Crew Neck T-Shirt,T-Shirts,0,0,0,2023-02-01 00:00:00
p_udqn8s72v2,Navy Tall Round Hem Crew Neck T-Shirt,T-Shirts,0,0,0,2023-02-01 00:00:00
p_8y5vsf82td,Heather Emerald Short Sleeve Crew Neck T-Shirt,T-Shirts,0,0,0,2023-02-01 00:00:00
p_xqh3f9cwus,Heather Emerald Short Sleeve V-Neck T-Shirt,T-Shirts,0,0,0,2023-02-01 00:00:00
p_vst6extntp,Heather Gray Active Jogger,Sweatpants & Joggers,0,0,0,2023-02-01 00:00:00
p_75cz36rfz9,Heather Gray Sweater Hoodie,Hoodie,0,0,0,2023-02-01 00:00:00
p_6cj8gtxf2x,Heather Gray Tall Long Sleeve T-Shirt,Shirt,0,0,0,2023-02-01 00:00:00
p_34upddt2cp,Heather Gray Tall Straight Hem Crew Neck T-Shirt,T-Shirts,0,0,0,2023-02-01 00:00:00
p_behk4g2psv,Heather Gray Short Sleeve V-Neck T-Shirt,T-Shirts,0,0,0,2023-02-01 00:00:00
p_kgcgy98rwb,Heather Gray Waffle Hoodie,Hoodie,0,0,0,2023-02-01 00:00:00
p_6suxvjsvfc,Heather Indigo Tall Round Hem Crew Neck T-Shirt,T-Shirts,0,0,0,2023-02-01 00:00:00
p_jpmpa7s5yw,Heather Indigo Short Sleeve V-Neck T-Shirt,T-Shirts,0,0,0,2023-02-01 00:00:00
p_4pdddcg9t6,Heather Military Green Long Sleeve Crew T-Shirt,T-Shirts,0,0,0,2023-02-01 00:00:00
p_284qkebjr8,Heather Military Green Short Sleeve Polo Shirt,Polos,0,0,0,2023-02-01 00:00:00
p_tbp6wvu828,Heather Military Green Short Sleeve V-Neck T-Shirt,T-Shirts,0,0,0,2023-02-01 00:00:00
p_x8z28nbvwg,Heather Mist Short Sleeve Crew Neck T-Shirt,T-Shirts,0,0,0,2023-02-01 00:00:00
p_rejmm7td92,Heather Mist Short Sleeve V-Neck T-Shirt,T-Shirts,0,0,0,2023-02-01 00:00:00
p_6wj7x98tcn,Heather Navy Active Comfort Crew Sweatshirt,Sweatshirt,0,0,0,2023-02-01 00:00:00
p_mtqhyqahab,Heather Navy Active Comfort Pullover Hoodie,Hoodie,0,0,0,2023-02-01 00:00:00
p_bxnehsqcdv,Heather Navy Short Sleeve Active Polo Shirt,Polos,0,0,0,2023-02-01 00:00:00
p_7bmuq9q6qw,Heather Navy Long Sleeve Ripstop Commuter Shirt,Shirt,0,0,0,2023-02-01 00:00:00
p_g6dg3x3nta,Heather Navy Pique Crew Sweater,Knit Sweaters,0,0,0,2023-02-01 00:00:00
p_5gc6jyy4vw,Heather Navy Tall Round Hem Crew Neck T-Shirt,T-Shirts,0,0,0,2023-02-01 00:00:00
p_u4zzshtv4s,Heather Navy Short Sleeve V-Neck T-Shirt,Shirt,0,0,0,2023-02-01 00:00:00
p_7tce4kfut5,Heather Oatmeal Crew Neck Sweater,Knit Sweaters,0,0,0,2023-02-01 00:00:00
p_eyc8fnh7za,Heather Purple Short Sleeve Crew Neck T-Shirt,T-Shirts,0,0,0,2023-02-01 00:00:00
p_fzwwcz6x6s,Heather Sage Short Sleeve Crew Neck T-Shirt,T-Shirts,0,0,0,2023-02-01 00:00:00
p_xvg4py479t,Heather Sage V-Neck Short Sleeve T-Shirt,T-Shirts,0,0,0,2023-02-01 00:00:00
p_up97jdnnsw,Heather Sapphire Short Sleeve Crew Neck T-Shirt,T-Shirts,0,0,0,2023-02-01 00:00:00
p_84xru5kzx9,Heather Dusty Pink Short Sleeve Crew Neck T-Shirt,T-Shirts,0,0,0,2023-02-01 00:00:00
p_xrvchd55bc,Heather Military Green Short Sleeve Tall Crew,Screen Printed T-Shirts,0,0,0,2023-02-01 00:00:00
p_xqcme6qpqk,Heather Navy Active Comfort Full Zip Hoodie,Hoodie,0,0,0,2023-02-01 00:00:00
p_5f676x59tf,Long Sleeve Tee | Loungewear | Heather Navy,T-Shirts,0,0,0,2023-02-01 00:00:00
p_ztgcvk5gkn,Short Sleeve Tee | Loungewear | Heather Navy,T-Shirts,0,0,0,2023-02-01 00:00:00
p_spgwfvgehe,Heather Navy Sweater Long Sleeve Button Up Shirt,Button Down Shirts,0,0,0,2023-02-01 00:00:00
p_6mr5zpx479,Indigo Wash Straight Fit Comfort Jeans,Jeans,0,0,0,2023-02-01 00:00:00
p_5bvpjy99x9,Ivory Active Jacket,Jacket,0,0,0,2023-02-01 00:00:00
p_23ej4qec4x,Khaki Coaches Jacket,Jacket,0,0,0,2023-02-01 00:00:00
p_ukpa96wyhm,Light Gray Stretch Oxford Long Sleeve Button Up Shirt,Button Down Shirts,0,0,0,2023-02-01 00:00:00
p_mzcrkdhuvj,Light Heather Gray Tall Round Hem Crew Neck T-Shirt,T-Shirts,0,0,0,2023-02-01 00:00:00
p_f7jft6kfqg,Light Indigo Wash Long Sleeve Chambray Shirt,Shirt,0,0,0,2023-02-01 00:00:00
p_ae6rxxhgmc,Medium Indigo Wash Long Sleeve Chambray Shirt,Shirt,0,0,0,2023-02-01 00:00:00
p_4axmubbqfb,Medium Indigo Wash Slim Fit Comfort Jeans,Jeans,0,0,0,2023-02-01 00:00:00
p_6b6wk8uxa6,Military Green Comfort Chino Pants,Pants,0,0,0,2023-02-01 00:00:00
p_ewa8pkqm8u,Military Green Fleece French Terry Jogger,Sweatpants & Joggers,0,0,0,2023-02-01 00:00:00
p_9fu3j9tbue,Military Green Tall Round Hem Crew Neck T-Shirt,T-Shirts,0,0,0,2023-02-01 00:00:00
p_26dpvscejy,Navy Comfort Chino Pants,Pants,0,0,0,2023-02-01 00:00:00
p_gqs2hwpkjy,Navy Commuter Long Sleeve Button Up Shirt,Shirt,0,0,0,2023-02-01 00:00:00
p_e58dmnpc9e,Navy Fleece French Terry Jogger,Sweatpants & Joggers,0,0,0,2023-02-01 00:00:00
p_r3gbt3j2kw,Navy Long Sleeve Button Up Shirt,Shirt,0,0,0,2023-02-01 00:00:00
p_byy2kmxasx,Navy Long Sleeve Lightweight Flannel Shirt,Shirt,0,0,0,2023-02-01 00:00:00
p_dr2dsqwwjd,Navy Performance Lightweight Dress Shirt,Button Down Shirts,0,0,0,2023-02-01 00:00:00
p_2d9wqf9yrd,Navy Puffer Vest,Outerwear Vests,0,0,0,2023-02-01 00:00:00
p_m753ak35t9,Navy Stretch Oxford Long Sleeve Button Up Shirt,Shirt,0,0,0,2023-02-01 00:00:00
p_wzprzguypw,Sandstone Comfort Chino Pants,Pants,0,0,0,2023-02-01 00:00:00
p_fyejvaduhb,Stone Blue Active Jogger,Sweatpants & Joggers,0,0,0,2023-02-01 00:00:00
p_gv8hh5kma3,Stone Stretch Oxford Long Sleeve Button Up Shirt,Button Down Shirts,0,0,0,2023-02-01 00:00:00
p_9absn9mpzt,Suede Brown Comfort Chino Pant,Pants,0,0,0,2023-02-01 00:00:00
p_f3zjdpjr6y,White Active Ankle Socks 3-Pack,Socks,0,0,0,2023-02-01 00:00:00
p_vdzeqmc9rs,White Active Crew Socks 3-Pack,Socks,0,0,0,2023-02-01 00:00:00
p_u9kx69bqms,White Active Never Show Socks 3-Pack,Socks,0,0,0,2023-02-01 00:00:00
p_jybua995rp,White Long Sleeve Button Up Shirt,Button Down Shirts,0,0,0,2023-02-01 00:00:00
p_yabrk8yt6y,White Commuter Long Sleeve Button Up Shirt,Button Down Shirts,0,0,0,2023-02-01 00:00:00
p_jc3jqkdafw,White Commuter Short Sleeve Button Up,Button Down Shirts,0,0,0,2023-02-01 00:00:00
p_hvfwhakq9c,White Performance Lightweight Dress Shirt,Button Down Shirts,0,0,0,2023-02-01 00:00:00
p_btfq53bzn6,White Short Sleeve Active Polo Shirt,Polos,0,0,0,2023-02-01 00:00:00
p_p42j2ebh8r,White Short Sleeve Button Up Shirt,Shirt,0,0,0,2023-02-01 00:00:00
p_xug2xuwpqn,White Stretch Oxford Long Sleeve Button Up Shirt,Shirt,0,0,0,2023-02-01 00:00:00
p_2xrckgaktx,White Tall Round Hem Crew Neck T-Shirt,T-Shirts,0,0,0,2023-02-01 00:00:00
p_p29249kscd,White Waffle Hoodie,Hoodie,0,0,0,2023-02-01 00:00:00
p_395td7np9f,Heather Military Green Short Sleeve Tall Polo Shirt,Polos,0,0,0,2023-02-01 00:00:00
p_tmjb73g498,Heather Navy Short Sleeve Tall Polo Shirt,Polos,0,0,0,2023-02-01 00:00:00
p_p7dtyf9kd8,Heather Pale Blue Short Sleeve V-Neck T-Shirt,T-Shirts,0,0,0,2023-02-01 00:00:00
p_3fgxkpaxye,Heather Seafarer Short Sleeve Polo Shirt,Polos,0,0,0,2023-02-01 00:00:00
p_jre675wesy,Heather Seafarer Short Sleeve Tall Polo Shirt,Polos,0,0,0,2023-02-01 00:00:00
p_mqgpa9st88,Heather Sapphire Short Sleeve V-Neck T-Shirt,T-Shirts,0,0,0,2023-02-01 00:00:00
p_vaexg8brvb,Heather Navy Short Sleeve Tall Crew,T-Shirts,0,0,0,2023-02-01 00:00:00
p_dqknx7njuf,Heather Slate Green Short Sleeve Polo Shirt,Polos,0,0,0,2023-02-01 00:00:00
p_zscv6ea69y,Heather Voyager Short Sleeve Crew Neck T-Shirt,T-Shirts,0,0,0,2023-02-01 00:00:00
p_jzwpw7njj6,Heather Voyager Short Sleeve Polo Shirt,Polos,0,0,0,2023-02-01 00:00:00
p_6e9uas44v6,Heather Voyager Short Sleeve V-Neck T-Shirt,T-Shirts,0,0,0,2023-02-01 00:00:00
p_28xdw49sqx,Indigo Short Sleeve Crew Neck T-Shirt,T-Shirts,0,0,0,2023-02-01 00:00:00
p_79pyfxzssb,Indigo Short Sleeve V-Neck T-Shirt,T-Shirts,0,0,0,2023-02-01 00:00:00
p_cje82wcjgv,Iron Gray Active Crew Neck T-Shirt,T-Shirts,0,0,0,2023-02-01 00:00:00
p_42exp9424a,Light Heather Gray Active Crew Neck T-Shirt,T-Shirts,0,0,0,2023-02-01 00:00:00
p_8v2uvftad7,Light Heather Gray Short Sleeve Crew Neck T-Shirt,T-Shirts,0,0,0,2023-02-01 00:00:00
p_39k28x38p7,Light Heather Gray Short Sleeve Polo Shirt,Polos,0,0,0,2023-02-01 00:00:00
p_cgxstjpjhj,Light Khaki Short Sleeve Crew Neck T-Shirt,T-Shirts,0,0,0,2023-02-01 00:00:00
p_4rudftw6u6,Lilac Gray Short Sleeve V-Neck T-Shirt,T-Shirts,0,0,0,2023-02-01 00:00:00
p_zymrwj8fj9,Mahogany Short Sleeve Crew Neck T-Shirt,T-Shirts,0,0,0,2023-02-01 00:00:00
p_6b99p4bqsk,Mahogany Short Sleeve Polo Shirt,Polos,0,0,0,2023-02-01 00:00:00
p_tgudk6vxpb,Military Beige Short Sleeve V-Neck T-Shirt,T-Shirts,0,0,0,2023-02-01 00:00:00
p_cbxu2v3ntm,Military Green Short Sleeve Active Crew Neck T-Shirt,T-Shirts,0,0,0,2023-02-01 00:00:00
p_j9ak85wp57,Military Green Active Quick Dry Short with Liner,Shorts,0,0,0,2023-02-01 00:00:00
p_tfc9aqbuz4,Military Green Short Sleeve Crew Neck T-Shirt,T-Shirts,0,0,0,2023-02-01 00:00:00
p_ch6qn6a8en,Military Green Short Sleeve V-Neck T-Shirt,T-Shirts,0,0,0,2023-02-01 00:00:00
p_t4px9w63de,Navy Short Sleeve Crew Neck T-Shirt,T-Shirts,0,0,0,2023-02-01 00:00:00
p_cty4s4ehz9,Orange Short Sleeve V-Neck T-Shirt,T-Shirts,0,0,0,2023-02-01 00:00:00
p_wc3k5eupk3,Oxford Blue Short Sleeve V-Neck T-Shirt,T-Shirts,0,0,0,2023-02-01 00:00:00
p_zc2fube8nb,Periwinkle Blue Short Sleeve Polo Shirt,Polos,0,0,0,2023-02-01 00:00:00
p_hed6qt6arh,Raspberry Short Sleeve Polo Shirt,Polos,0,0,0,2023-02-01 00:00:00
p_uwx92gahmk,Mahogany Long Sleeve Henley,T-Shirts,0,0,0,2023-02-01 00:00:00
p_mdphbu2y54,Indigo Long Sleeve T-Shirt,T-Shirts,0,0,0,2023-02-01 00:00:00
p_vhh2e6dge7,Mellow Yellow Short Sleeve Crew Neck T-Shirt,T-Shirts,0,0,0,2023-02-01 00:00:00
p_w24fe8f3xz,Mellow Yellow Short Sleeve V-Neck T-Shirt,T-Shirts,0,0,0,2023-02-01 00:00:00
p_77barf9kfn,Mahogany Long Sleeve Waffle Crew,Sweatshirt,0,0,0,2023-02-01 00:00:00
p_624s29xq4x,Sweater Scarf | Black,Scarf,0,0,0,2023-02-01 00:00:00
p_c4xj5zhjn2,Heather Navy Sweater Button Up Shirt,Button Down Shirts,0,0,0,2023-02-01 00:00:00
p_qek9etj5vj,Heather Voyager Short Sleeve Crew Neck T-Shirt,Shirt,0,0,0,2023-02-01 00:00:00
p_u9qz9yabud,Indigo Wash Slim Fit Comfort Jeans,Jeans,0,0,0,2023-02-01 00:00:00
p_h5b94d3deu,Centurion Short Sleeve Sweater Polo,Polos,0,0,0,2023-02-01 00:00:00
p_erspmns4ce,Heather Seafarer Short Sleeve V-Neck Neck T-Shirt,Shirt,0,0,0,2023-02-01 00:00:00
p_q4h28hmd8q,Never Show Socks | Active | 3-Pack | Black,Socks,0,0,0,2023-02-01 00:00:00
p_aj2ry7xdv9,"Chino Shorts | Comfort | 7"" | Rosewood",Shorts,0,0,0,2023-02-01 00:00:00
p_9y7cp9jumm,"Shorts | Classic Twill | 9"" | Sandstone",Shorts,0,0,0,2023-02-01 00:00:00
p_3pskc4cwbp,"Shorts | Classic Twill | 9"" Khaki",Shorts,0,0,0,2023-02-01 00:00:00
p_6bn53rdnz2,"Shorts | Classic Twill | 9"" | Navy",Shorts,0,0,0,2023-02-01 00:00:00
p_h4877neu4n,Sandstone Commuter Short,Shorts,0,0,0,2023-02-01 00:00:00
p_xsbj94sm6q,Heather Gray Fleece French Terry Short,Shorts,0,0,0,2023-02-01 00:00:00
p_jqam2z9s7w,"Chino Shorts | Comfort | 9"" | Ivory",Shorts,0,0,0,2023-02-01 00:00:00
p_kvcynwabcy,"Chino Shorts | Comfort | 9"" | Sandstone",Shorts,0,0,0,2023-02-01 00:00:00
p_7y7ms9wtr4,Shorts | Active Comfort | Black,Shorts,0,0,0,2023-02-01 00:00:00
p_r5du83g9df,Shorts | Active | Quick Dry with Liner | Black,Swim Shorts,0,0,0,2023-02-01 00:00:00
p_7pvp4dcq5n,Carbon Active Quick Dry Short with Liner,Swim Shorts,0,0,0,2023-02-01 00:00:00
p_gmhetj6qvj,Long Sleeve Button Up Shirt | Stretch Oxford | Banker Blue,Button Down Shirts,0,0,0,2023-02-01 00:00:00
p_8q3s9r6qwu,Hoodie | Active Comfort | Full Zip | Black,Hoodie,0,0,0,2023-02-01 00:00:00
p_fc9era585c,Jacket | Active | Black,Athletic Jackets,0,0,0,2023-02-01 00:00:00
p_m26ckp2n6s,Black Tall Round Hem Crew Neck T-Shirt,T-Shirts,0,0,0,2023-02-01 00:00:00
p_cfg5xu3gvw,Dark Olive Short Sleeve Crew Neck T-Shirt,T-Shirts,0,0,0,2023-02-01 00:00:00
p_yhput7au44,Dark Olive Long Sleeve Henley,T-Shirts,0,0,0,2023-02-01 00:00:00
p_ez9ax3esv6,Emerald Long Sleeve Crew Neck T-Shirt,T-Shirts,0,0,0,2023-02-01 00:00:00
p_8vx6ygsmsd,Heather Gray Hooded Long Sleeve T-Shirt,Hoodie,0,0,0,2023-02-01 00:00:00
p_23ubcbvz89,Heather Gray Never Show Socks 3-Pack,Socks,0,0,0,2023-02-01 00:00:00
p_pz6x448p9t,Heather Gray Short Sleeve Sweater Polo Shirt,Knit Tops,0,0,0,2023-02-01 00:00:00
p_jg78h55jmw,Heather Gray Sweater Beanie,Beanie,0,0,0,2023-02-01 00:00:00
p_w7ysprckp8,Heather Navy Active Comfort Straight Leg Pant,Sweatpants & Joggers,0,0,0,2023-02-01 00:00:00
p_8nnyqj3ewe,Heather Emerald Tall Round Hem Crew Neck T-Shirt,T-Shirts,0,0,0,2023-02-01 00:00:00
p_ttezb89gxf,Heather Mauve Short Sleeve Crew Neck T-Shirt,T-Shirts,0,0,0,2023-02-01 00:00:00
p_qtjb9pcnn3,Heather Navy Active Shell Jacket,Jacket,0,0,0,2023-02-01 00:00:00
p_f92h3kv2cv,Heather Pale Blue Short Sleeve Crew Neck T-Shirt,T-Shirts,0,0,0,2023-02-01 00:00:00
p_vjgaj8nyrd,Heather Gray Sweater Scarf,Scarf,0,0,0,2023-02-01 00:00:00
p_dy7mjs4bpm,Sleeveless Muscle Tee | Active | Light Heather Gray,Tank Top,0,0,0,2023-02-01 00:00:00
p_6sdgsje2m3,Mahogany Fleece French Terry Jogger,Sweatpants & Joggers,0,0,0,2023-02-01 00:00:00
p_xfct3t2vkk,Mahogany Waffle Hoodie,Hoodie,0,0,0,2023-02-01 00:00:00
p_wtnvenruq9,Medium indigo Wash Straight Fit Comfort Jeans,Jeans,0,0,0,2023-02-01 00:00:00
p_v8pfb5wryd,Military Green Waffle Hoodie,Hoodie,0,0,0,2023-02-01 00:00:00
p_x525p5gyt4,Moss Short Sleeve Sweater Polo Shirt,T-Shirts,0,0,0,2023-02-01 00:00:00
p_t58yx24wsb,Navy Hooded Long Sleeve T-Shirt,Sweatshirt,0,0,0,2023-02-01 00:00:00
p_msfd479sz8,Navy Short Sleeve Button Up Shirt,Shirt,0,0,0,2023-02-01 00:00:00
p_mau5qbhasg,Navy Short Sleeve Sweater Polo Shirt,Knit Sweaters,0,0,0,2023-02-01 00:00:00
p_kccxqadagn,Navy Waffle Hoodie,Hoodie,0,0,0,2023-02-01 00:00:00
p_dbg2vhd8gn,Navy Waffle Long Sleeve Crew Neck,Sweatshirt,0,0,0,2023-02-01 00:00:00
p_7kzk6kwsxk,Oatmeal Sweater Hoodie,Hoodie,0,0,0,2023-02-01 00:00:00
p_xhubfpt2bh,Olive Long Sleeve Ripstop Commuter Shirt,Shirt,0,0,0,2023-02-01 00:00:00
p_29wrd4wkfa,Pale Blue Button Up Shirt,Button Down Shirts,0,0,0,2023-02-01 00:00:00
p_u2rhgedcvp,White Long Sleeve Polo Shirt,Polos,0,0,0,2023-02-01 00:00:00
p_5e7t6v6gv8,Heather Sapphire Short Sleeve V-Neck T-Shirt,T-Shirts,0,0,0,2023-02-01 00:00:00
p_wctjf5cy38,Heather Seafarer Short Sleeve Crew Neck T-Shirt,T-Shirts,0,0,0,2023-02-01 00:00:00
p_dxzcer2fk8,Heather Slate Green Short Sleeve Crew Neck T-Shirt,T-Shirts,0,0,0,2023-02-01 00:00:00
p_dbcpnaxxzz,Navy Boxer Briefs 3-Pack,Underwear,0,0,0,2023-02-01 00:00:00
p_4juc2hdg85,Navy Tall Straight Hem Crew Neck T-Shirt,T-Shirts,0,0,0,2023-02-01 00:00:00
p_drc7rrjfsv,Mahogany Long Sleeve T-Shirt,Shirt,0,0,0,2023-02-01 00:00:00
p_rpcku7uhxu,Mahogany Short Sleeve V-Neck T-Shirt,T-Shirts,0,0,0,2023-02-01 00:00:00
p_jj6vbqjbcj,Navy Boxer Trunks 3-Pack,Underwear,0,0,0,2023-02-01 00:00:00
p_zm5cpgbxrk,Sapphire Short Sleeve Crew Neck T-Shirt,T-Shirts,0,0,0,2023-02-01 00:00:00
p_npv4nzv5x2,Sapphire Short Sleeve Polo Shirt,Polos,0,0,0,2023-02-01 00:00:00
p_ps2ys9u9da,Short Sleeve T-Shirt | Crew Neck | Steel,T-Shirts,0,0,0,2023-02-01 00:00:00
p_wue6hk6hmr,Short Sleeve T-Shirt | V-Neck | Steel,T-Shirts,0,0,0,2023-02-01 00:00:00
p_avsdr3kjaw,Military Green Boxer Briefs 3-Pack,Underwear,0,0,0,2023-02-01 00:00:00
p_9xxg4dd5wv,Navy Tall Long Sleeve T-Shirt,Shirt,0,0,0,2023-02-01 00:00:00
p_4qvba3a9f7,Off White Short Sleeve Crew Neck T-Shirt,T-Shirts,0,0,0,2023-02-01 00:00:00
p_rh632vzkvf,Raspberry Short Sleeve Crew Neck T-Shirt,T-Shirts,0,0,0,2023-02-01 00:00:00
p_jgnjyyepyv,White Short Sleeve Crew Neck T-Shirt,T-Shirts,0,0,0,2023-02-01 00:00:00
p_2nzpxxx9qd,White Tall Long Sleeve T-Shirt,T-Shirts,0,0,0,2023-02-01 00:00:00
p_fsr8s5rfne,Navy Tall Active Crew Neck,T-Shirts,0,0,0,2023-02-01 00:00:00
p_xzhwz3h8uh,Heather Light Khaki Crew Neck,Sweatshirt,0,0,0,2023-02-01 00:00:00
p_g2f7b4qvq8,Kelly Green Short Sleeve Crew Neck T-Shirt,T-Shirts,0,0,0,2023-02-01 00:00:00
p_jdmt24d7hn,Pale Blue Short Sleeve Crew Neck T-Shirt,T-Shirts,0,0,0,2023-02-01 00:00:00
p_xx645fy2er,Pink Opal Short Sleeve Crew Neck T-Shirt,T-Shirts,0,0,0,2023-02-01 00:00:00
p_m9zcd62yqy,Sandstone Short Sleeve Crew Neck T-Shirt,T-Shirts,0,0,0,2023-02-01 00:00:00
p_4m97kku3wq,Tan 499 Short Sleeve Crew Neck T-Shirt,T-Shirts,0,0,0,2023-02-01 00:00:00
p_6q2v79acx5,Light Blue Short Sleeve V-Neck T-Shirt,T-Shirts,0,0,0,2023-02-01 00:00:00
p_ce7amvu2k2,Light Heather Short Sleeve Gray V-Neck T-Shirt,T-Shirts,0,0,0,2023-02-01 00:00:00
p_ar4zzgjk5p,Periwinkle Blue Short Sleeve Crew Neck T-Shirt,T-Shirts,0,0,0,2023-02-01 00:00:00
p_e34ttzx6kf,True Red Short Sleeve Crew Neck T-Shirt,T-Shirts,0,0,0,2023-02-01 00:00:00
p_qsrzg2ce35,Turquoise Short Sleeve Crew Neck T-Shirt,T-Shirts,0,0,0,2023-02-01 00:00:00
p_bg7f7edphc,Stone Blue Active Comfort Short,Shorts,0,0,0,2023-02-01 00:00:00
p_ka34xhhhr8,Indigo Boxer Briefs 3-Pack,Underwear,0,0,0,2023-02-01 00:00:00
p_axzk47pvme,Teal Boxer Briefs 3-Pack,Underwear,0,0,0,2023-02-01 00:00:00
p_cnrb9yncvy,White Half Crew Sock 3-Pack,Socks,0,0,0,2023-02-01 00:00:00
p_pkqtyg3hqm,White Never Show Socks 3-Pack,Socks,0,0,0,2023-02-01 00:00:00
p_8q6fwp8wgq,Yellow Short Sleeve Polo Shirt,Polos,0,0,0,2023-02-01 00:00:00
p_8497zwuxp3,Mahogany Fleece French Terry Pullover Crew Sweatshirt,Sweatshirt,0,0,0,2023-02-01 00:00:00
p_dcqnnrpypu,Long Sleeve Tee And Jogger Set | Loungewear | Charcoal Heather Gray,Sweatshirt,0,0,0,2023-02-01 00:00:00
p_cc9s42vn4x,Short Sleeve Tee And Pant Set | Loungewear | Charcoal Heather Gray,Sweatpants & Joggers,0,0,0,2023-02-01 00:00:00
p_zwuqmdbfnt,Charcoal Heather Gray Short Sleeve Tall Active Crew Neck,T-Shirts,0,0,0,2023-02-01 00:00:00
p_un65wg283k,Long Sleeve Tee And Jogger Set | Loungewear | Heather Navy,Sweatshirt,0,0,0,2023-02-01 00:00:00
p_pqxd5rn6d9,Short Sleeve Tee And Pant Set | Loungewear | Heather Navy,Lounge Sweatpants & Joggers,0,0,0,2023-02-01 00:00:00
p_pznn6yemfk,Heather Navy Quarter Zip Performance Shirt,Athletic Tops,0,0,0,2023-02-01 00:00:00
p_f8nexh4476,Heather Navy Short Sleeve Tall Active Crew Neck,T-Shirts,0,0,0,2023-02-01 00:00:00
p_v4vw7cyjx6,White Short Sleeve Tall Active Crew Neck,T-Shirts,0,0,0,2023-02-01 00:00:00
p_fbcq86jv23,Heather Dusty Pink Short Sleeve V-Neck T-Shirt,T-Shirts,0,0,0,2023-02-01 00:00:00
p_d47n8u8fab,Black Long Sleeve Henley,Shirt,0,0,0,2023-02-01 00:00:00
p_7ekanr458k,Heather Burgundy Active Crew Neck T-Shirt,Shirt,0,0,0,2023-02-01 00:00:00
p_adhb2jnwk7,Military Green Tall Straight Hem Crew Neck T-Shirt,T-Shirts,0,0,0,2023-02-01 00:00:00
p_4xegh3d2dq,White Short Sleeve Active Polo Shirt,Polos,0,0,0,2023-02-01 00:00:00
p_jgj485u9gx,Heather Gray Hooded Long Sleeve T-Shirt,Hoodie,0,0,0,2023-02-01 00:00:00
p_5uvd4uv28m,Mahogany Waffle Hoodie,Hoodie,0,0,0,2023-02-01 00:00:00
p_qh5ucmcku5,Military Green Waffle Hoodie,Hoodie,0,0,0,2023-02-01 00:00:00
p_wrcbv4f2uu,Navy Hooded Long Sleeve T-Shirt,Sweatshirt,0,0,0,2023-02-01 00:00:00
p_3rcm54jqbs,Navy Waffle Hoodie,Hoodie,0,0,0,2023-02-01 00:00:00
p_vjd833ph3z,White Waffle Hoodie,Hoodie,0,0,0,2023-02-01 00:00:00
p_5uapency29,Navy Waffle Long Sleeve Crew Neck,Sweatshirt,0,0,0,2023-02-01 00:00:00
p_4ssfur9upr,Pale Blue Button Up Shirt,Button Down Shirts,0,0,0,2023-02-01 00:00:00
p_u9t2zm725p,Short Sleeve Active Polo Shirt | Black,Polos,0,0,0,2023-02-01 00:00:00
p_mnk33hmpwg,White Short Sleeve Active Polo,Polos,0,0,0,2023-02-01 00:00:00
p_ch7bwuavhv,Heather Gray Sweater Scarf,Scarf,0,0,0,2023-02-01 00:00:00
p_5crt48k7v7,Navy Short Sleeve Button Up Shirt,Shirt,0,0,0,2023-02-01 00:00:00
p_r6t642amsw,White Short Sleeve Button Up Shirt,Shirt,0,0,0,2023-02-01 00:00:00
p_pzx9wvv4qb,Heather Mauve Short Sleeve Crew Neck T-Shirt,T-Shirts,0,0,0,2023-02-01 00:00:00
p_tvdv27amhe,Heather Navy Active Comfort Straight Leg Pant,Sweatpants & Joggers,0,0,0,2023-02-01 00:00:00
p_2rhbv3znrg,Heather Navy Active Shell Jacket,Jacket,0,0,0,2023-02-01 00:00:00
p_ne28r8hbv2,Heather Seafarer Short Sleeve Crew Neck T-Shirt,T-Shirts,0,0,0,2023-02-01 00:00:00
p_yxq99tj7cv,Heather Slate Green Short Sleeve Crew Neck T-Shirt,Shirt,0,0,0,2023-02-01 00:00:00
p_2mwcc7hpkx,Light Heather Gray Sleeveless Active Muscle Tee,Tank Top,0,0,0,2023-02-01 00:00:00
p_cyyubbh7u4,Mahogany Fleece French Terry Jogger,Sweatpants & Joggers,0,0,0,2023-02-01 00:00:00
p_fqsqmarq3k,Mahogany Long Sleeve T-Shirt,Shirt,0,0,0,2023-02-01 00:00:00
p_r6f5ekuzmt,Mahogany V-Neck T-Shirt,Shirt,0,0,0,2023-02-01 00:00:00
p_zm7a3rkwma,Navy Tall Straight Hem Crew Neck T-Shirt,T-Shirts,0,0,0,2023-02-01 00:00:00
p_qktubda8xw,Heather Sapphire Short Sleeve V-Neck T-Shirt,T-Shirts,0,0,0,2023-02-01 00:00:00
p_bpux6v6hy3,Moss Short Sleeve Sweater Polo Shirt,T-Shirts,0,0,0,2023-02-01 00:00:00
p_x53atty9z2,Steel Short Sleeve V-Neck T-Shirt,T-Shirts,0,0,0,2023-02-01 00:00:00
p_55tcz9qg6f,Black Boxer Briefs 3-Pack,Underwear,0,0,0,2023-02-01 00:00:00
p_3t9x6drd9q,Never Show Socks | 3-Pack | Black,Socks,0,0,0,2023-02-01 00:00:00
p_9u87cuwg9k,Carbon Boxer Briefs 3-Pack,Underwear,0,0,0,2023-02-01 00:00:00
p_wuqcj8q3tb,Heather Gray Never Show Socks 3-Pack,Socks,0,0,0,2023-02-01 00:00:00
p_hj4kerceu3,Heather Gray Sweater Beanie,Beanie,0,0,0,2023-02-01 00:00:00
p_zkfhub8juv,Indigo Boxer Briefs 3-Pack,Underwear,0,0,0,2023-02-01 00:00:00
p_gky7ujn5kk,Military Green Boxer Briefs 3-Pack,Underwear,0,0,0,2023-02-01 00:00:00
p_hcstkqf7xs,Navy Boxer Briefs 3-Pack,Underwear,0,0,0,2023-02-01 00:00:00
p_vvxrx4e62u,Navy Boxer Trunks 3-Pack,Underwear,0,0,0,2023-02-01 00:00:00
p_ebtxk5mjkc,Teal Boxer Briefs 3-Pack,Underwear,0,0,0,2023-02-01 00:00:00
p_n52bwwvypc,White Active Crew Socks 3-Pack,Socks,0,0,0,2023-02-01 00:00:00
p_ngty2gftav,White Active Never Show Socks 3-Pack,Socks,0,0,0,2023-02-01 00:00:00
p_kdjpvxj7fs,White Half Crew Sock 3-Pack,Socks,0,0,0,2023-02-01 00:00:00
p_yefeaupknw,White Never Show Socks 3-Pack,Socks,0,0,0,2023-02-01 00:00:00
p_39acmqrp48,White Never Show Socks 3-Pack,Socks,0,0,0,2023-02-01 00:00:00
p_ntuxn2s2c5,Yellow Polo,Polos,0,0,0,2023-02-01 00:00:00
p_d53wqyy6nw,Oatmeal Sweater Hoodie,Hoodie,0,0,0,2023-02-01 00:00:00
p_xqd85rvpxs,Black Puffer Jacket,Puffer Jackets,0,0,0,2023-02-01 00:00:00
p_cad333s5q5,Heather Burgundy Active Long Sleeve Crew Neck,Sweatshirt,0,0,0,2023-02-01 00:00:00
p_heevyaqhce,"9"" Sandstone Classic Twill Shorts",Shorts,0,0,0,2023-02-01 00:00:00
p_yptjy3dzdz,"Shorts | Classic Twill | 7"" | Navy",Shorts,0,0,0,2023-02-01 00:00:00
p_v7wa7rn4tb,"Shorts | Classic Twill | 9"" | Khaki",Shorts,0,0,0,2023-02-01 00:00:00
p_x53vukk5e9,"Shorts | Classic Twill | 9"" | Meadow",Shorts,0,0,0,2023-02-01 00:00:00
p_yacuttmhrh,"9"" Navy Classic Twill Shorts",Shorts,0,0,0,2023-02-01 00:00:00
p_2432p8f6a5,"Shorts | Active Training | 7"" | Navy",Shorts,0,0,0,2023-02-01 00:00:00
p_64vbv6tpdm,Heather Gray Fleece French Terry Shorts,Shorts,0,0,0,2023-02-01 00:00:00
p_bmga62pefz,"9"" Sandstone Comfort Chino Shorts",Shorts,0,0,0,2023-02-01 00:00:00
p_b9pagk3ugb,Shorts | Active Comfort | Black,Shorts,0,0,0,2023-02-01 00:00:00
p_yn26dfj46r,Dark Heather Burgundy Active Comfort Short,Swim Shorts,0,0,0,2023-02-01 00:00:00
p_pe2azubxe8,Dark Heather Indigo Active Comfort Short,Shorts,0,0,0,2023-02-01 00:00:00
p_p58c6d9vvb,Dark Heather Military Green Active Comfort Short,Shorts,0,0,0,2023-02-01 00:00:00
p_6uh7rmkygu,Black Active Quick Dry Short with Liner,Swim Shorts,0,0,0,2023-02-01 00:00:00
p_wdbckwxtef,Carbon Active Quick Dry Short with Liner,Swim Shorts,0,0,0,2023-02-01 00:00:00
p_use9g4kaed,Black Active Never Show Socks 3-Pack,Socks,0,0,0,2023-02-01 00:00:00
p_85umjtnpsy,Sweater Scarf | Black,Scarf,0,0,0,2023-02-01 00:00:00
p_atrr9sdp25,Charcoal Heather Gray Short Sleeve Tall Polo Shirt,Polos,0,0,0,2023-02-01 00:00:00
p_9h2qsu97ew,Dark Heather Navy Active Comfort Short,Shorts,0,0,0,2023-02-01 00:00:00
p_znadcksnfx,Reversible Casual Belt,Belt,0,0,0,2023-02-01 00:00:00
p_rbz7y8npg6,Indigo Wash Slim Fit Comfort Jeans,Jeans,0,0,0,2023-02-01 00:00:00
p_p54vvkv29d,Light Heather Gray Quarter Zip Performance Shirt,Athletic Tops,0,0,0,2023-02-01 00:00:00
p_rujp4wvbzv,Mahogany Long Sleeve Waffle Crew,Sweatshirt,0,0,0,2023-02-01 00:00:00
p_vsyjxxtp4a,Navy Short Sleeve Active Polo Shirt,Polos,0,0,0,2023-02-01 00:00:00
p_tfhcx4fbf5,Heather Gray Never Show Socks 3-Pack,Socks,0,0,0,2023-02-01 00:00:00
p_ggkq2n25rk,Carbon Waffle Hoodie,Hoodie,0,0,0,2023-02-01 00:00:00
p_fsar8whm4b,Dark Oak Waffle Hoodie,Hoodie,0,0,0,2023-02-01 00:00:00
p_nqbh5bzsfh,Heather Gray Long Sleeve Polo,Polos,0,0,0,2023-02-01 00:00:00
p_ter2rcscz6,Heather Gray Waffle Hoodie,Hoodie,0,0,0,2023-02-01 00:00:00
p_5z9rynrdat,Dark Oak Long Sleeve Waffle Crew,Sweatshirt,0,0,0,2023-02-01 00:00:00
p_ap2c64hjnc,Dark Olive Long Sleeve Waffle Crew,Shirt,0,0,0,2023-02-01 00:00:00
p_zwzpj7gynb,Deep Sea Blue Long Sleeve Waffle Crew,T-Shirts,0,0,0,2023-02-01 00:00:00
p_ejzn2bhevc,Evergreen Heather Long Sleeve Waffle Crew,Sweatshirt,0,0,0,2023-02-01 00:00:00
p_456rdfdknv,Navy Long Sleeve Button Up Shirt,Shirt,0,0,0,2023-02-01 00:00:00
p_9ueremsrcn,Heather Navy Short Sleeve Loungewear Tee,T-Shirts,0,0,0,2023-02-01 00:00:00
p_pxj9zkmurj,Charcoal Heather Active Comfort Pullover Hoodie,Hoodie,0,0,0,2023-02-01 00:00:00
p_ab6dzqm4qc,Charcoal Heather Gray Fleece French Terry Jogger,Sweatpants & Joggers,0,0,0,2023-02-01 00:00:00
p_r7g7s9ued2,Dark Olive Fleece Shacket,Jacket,0,0,0,2023-02-01 00:00:00
p_pevetyjchy,Heather Dark Oak V-Neck T-Shirt,Screen Printed T-Shirts,0,0,0,2023-02-01 00:00:00
p_7bmm7jjbng,Heather Gray Long Sleeve Lightweight Flannel Shirt,Button Down Shirts,0,0,0,2023-02-01 00:00:00
p_jdy7juawjw,Heather Gray Pique Crew Sweater,Knit Sweaters,0,0,0,2023-02-01 00:00:00
p_hdbwf4s669,Heather Gray Tall Straight Hem Crew Neck T-Shirt,T-Shirts,0,0,0,2023-02-01 00:00:00
p_zsnvka2svc,Heather Mist Short Sleeve Crew Neck T-Shirt,T-Shirts,0,0,0,2023-02-01 00:00:00
p_h4edseg6hf,Heather Navy Active Comfort Pullover Hoodie,Hoodie,0,0,0,2023-02-01 00:00:00
p_n6kve3ddkw,Heather Navy Long Sleeve Ripstop Commuter Shirt,Shirt,0,0,0,2023-02-01 00:00:00
p_h8jucbuvcu,Heather Navy Pique Crew Sweater,Knit Sweaters,0,0,0,2023-02-01 00:00:00
p_sxcevd7ww2,Heather Oatmeal Crew Neck Sweater,Knit Sweaters,0,0,0,2023-02-01 00:00:00
p_ex8zw8z5dh,Heather Sapphire Short Sleeve Crew Neck T-Shirt,T-Shirts,0,0,0,2023-02-01 00:00:00
p_fdgw8vn8mw,Indigo Wash Straight Fit Comfort Jeans,Jeans,0,0,0,2023-02-01 00:00:00
p_gkhuhrbvc5,Light Indigo Wash Long Sleeve Chambray Shirt,Shirt,0,0,0,2023-02-01 00:00:00
p_5ez35speq8,Medium Indigo Wash Long Sleeve Chambray Shirt,Shirt,0,0,0,2023-02-01 00:00:00
p_36tbyhq9p3,Navy Fleece Shacket,Shirt Jackets,0,0,0,2023-02-01 00:00:00
p_grdphsazq4,Reversible Dress Belt,Belt,0,0,0,2023-02-01 00:00:00
p_qj9xh26ctj,Sapphire Short Sleeve Crew Neck T-Shirt,Screen Printed T-Shirts,0,0,0,2023-02-01 00:00:00
p_7nraatq97j,Steel Short Sleeve Crew Neck T-Shirt,T-Shirts,0,0,0,2023-02-01 00:00:00
p_37z5p8b2wz,Heather Dark Orchid Short Sleeve Vee Neck T-Shirt,Shirt,0,0,0,2023-02-01 00:00:00
p_rr9yu69cdx,Heather Mist Short Sleeve Vee Neck T-Shirt,T-Shirts,0,0,0,2023-02-01 00:00:00
p_7fgbszq45t,Heather Voyager Short Sleeve Vee Neck T-Shirt,T-Shirts,0,0,0,2023-02-01 00:00:00
p_aj728cj6p2,Reversible Casual Belt,Belt,0,0,0,2023-02-01 00:00:00
p_wkggwhgxue,Navy Long Sleeve Lightweight Flannel Shirt,Shirt,0,0,0,2023-02-01 00:00:00
p_8fx2h79sez,Black Slippers,Slippers,0,0,0,2023-02-01 00:00:00
p_cguvv472kt,Heather Navy Loungewear Pant,Pants,0,0,0,2023-02-01 00:00:00
p_e6aypq2yyn,Charcoal Heather Active Comfort Full Zip Hoodie,Hoodie,0,0,0,2023-02-01 00:00:00
p_zg2kz56sep,Khaki Coaches Jacket,Jacket,0,0,0,2023-02-01 00:00:00
p_v6xzqb4euh,Electric Blue Polo,Polos,0,0,0,2023-02-01 00:00:00
p_kyjxexravk,Heather Gray Active Crew Socks 3-Pack,Socks,0,0,0,2023-02-01 00:00:00
p_v4pawc4ufa,Heather Gray Ankle Socks 3-Pack,Socks,0,0,0,2023-02-01 00:00:00
p_r3b5cqykd8,Heather Gray Never Show Socks 3-Pack,Socks,0,0,0,2023-02-01 00:00:00
p_xsa4epqty5,Mahogany Polo,Polos,0,0,0,2023-02-01 00:00:00
p_perj37fvaa,Periwinkle Blue Polo,Polos,0,0,0,2023-02-01 00:00:00
p_ump27mtkuq,Raspberry Polo,Polos,0,0,0,2023-02-01 00:00:00
p_szsv98dxsn,White Active Ankle Socks 3-Pack,Socks,0,0,0,2023-02-01 00:00:00
p_yvahsdbd7s,Heather Seafarer Short Sleeve Polo,Polos,0,0,0,2023-02-01 00:00:00
p_njb9h744v3,Indigo Rinse Straight Authentic Stretch Jeans,Jeans,0,0,0,2023-02-01 00:00:00
p_nyn3pcwdu8,Light Indigo Wash Slim Authentic Stretch Jeans,Jeans,0,0,0,2023-02-01 00:00:00
p_9f3wn27yj9,Indigo Rinse Slim Authentic Stretch Jeans,Jeans,0,0,0,2023-02-01 00:00:00
p_3dxryrdx2k,Medium Indigo Wash Slim Authentic Stretch Jeans,Jeans,0,0,0,2023-02-01 00:00:00
p_75westm75x,Light Indigo Wash Straight Authentic Stretch Jeans,Jeans,0,0,0,2023-02-01 00:00:00
p_7sfgw9sa4n,Medium Indigo Wash Straight Authentic Stretch Jeans,Jeans,0,0,0,2023-02-01 00:00:00
p_sy5ta2zsks,Heather Cayenne Short Sleeve Crew Neck T-Shirt,Shirt,0,0,0,2023-02-01 00:00:00
p_qcke957864,"Chino Shorts | Comfort | 7"" | Military Green",Shorts,0,0,0,2023-02-01 00:00:00
p_uy62gqzk94,"Shorts | Comfort Chino | 7"" | Sapphire",Shorts,0,0,0,2023-02-01 00:00:00
p_svgga79dfc,"Chino Shorts | Comfort | 7"" | Slate Green",Shorts,0,0,0,2023-02-01 00:00:00
p_n2cq64ucyu,"9"" Sapphire Comfort Chino Short",Shorts,0,0,0,2023-02-01 00:00:00
p_hubt8gp9tb,"9"" Slate Green Comfort Chino Short",Shorts,0,0,0,2023-02-01 00:00:00
p_vahhav9rn7,"Shorts | Classic Twill | 9"" | Black",Shorts,0,0,0,2023-02-01 00:00:00
p_jxeh4td3j3,"Shorts | 9"" | Classic Twill | Centurion",Shorts,0,0,0,2023-02-01 00:00:00
p_3mav9fu9q9,"Shorts | Active Training 7"" | Black",Shorts,0,0,0,2023-02-01 00:00:00
p_3he4jy8f99,"Shorts | Active Training | 7"" | Carbon",Shorts,0,0,0,2023-02-01 00:00:00
p_sdkp4ngqy8,"Shorts | Active Training | 7"" | Sandstone",Shorts,0,0,0,2023-02-01 00:00:00
p_n5vm5c3nb9,"Chino Shorts | Comfort | 7"" | Black",Shorts,0,0,0,2023-02-01 00:00:00
p_t3995sdwge,"Shorts | Comfort Chino | 7"" | Carbon",Shorts,0,0,0,2023-02-01 00:00:00
p_ys9u6f3mbt,"Chino Shorts | Comfort | 7"" | Khaki",Shorts,0,0,0,2023-02-01 00:00:00
p_2vpu7ymaay,Black Commuter Short,Shorts,0,0,0,2023-02-01 00:00:00
p_jnvzcqrwxp,Khaki Commuter Short,Shorts,0,0,0,2023-02-01 00:00:00
p_pgq6zgcvgq,Black Fleece French Terry Short,Shorts,0,0,0,2023-02-01 00:00:00
p_8hbywkfrwc,Military Green Fleece French Terry Short,Shorts,0,0,0,2023-02-01 00:00:00
p_v7655zp7an,"Chino Shorts | Comfort | 9"" | Black",Shorts,0,0,0,2023-02-01 00:00:00
p_29aky289rv,Navy Fleece French Terry Short,Shorts,0,0,0,2023-02-01 00:00:00
p_juczmrnmtc,"Shorts | Comfort Chino | 9"" | Carbon",Shorts,0,0,0,2023-02-01 00:00:00
p_jw2fyemxq7,"9"" Khaki Comfort Chino Short",Shorts,0,0,0,2023-02-01 00:00:00
p_uqn6yzvkpa,"9"" Navy Comfort Chino Short",Shorts,0,0,0,2023-02-01 00:00:00
p_8an2wybh3y,Charcoal Heather Gray Active Comfort Short,Athletic Shorts,0,0,0,2023-02-01 00:00:00
p_aw48ckctp9,Burgundy Active Quick Dry Short with Liner,Swim Shorts,0,0,0,2023-02-01 00:00:00
p_vey4w66jst,Military Green Active Quick Dry Short with Liner,Shorts,0,0,0,2023-02-01 00:00:00
p_nuk7mzc8jt,Navy Active Quick Dry Short with Liner,Swim Shorts,0,0,0,2023-02-01 00:00:00
p_r2e57cmagz,Joggers | Active | Black,Sweatpants & Joggers,0,0,0,2023-02-01 00:00:00
p_csr594d6ws,Heather Navy Loungewear Jogger,Sweatpants & Joggers,0,0,0,2023-02-01 00:00:00
p_2krzrc4m74,Carbon Fleece French Terry Jogger,Sweatpants & Joggers,0,0,0,2023-02-01 00:00:00
p_phdjj3n8yh,Heather Gray Fleece French Terry Joggers,Sweatpants & Joggers,0,0,0,2023-02-01 00:00:00
p_eaxfgdw35q,Medium Gray Wash Slim Fit Comfort Jeans,Jeans,0,0,0,2023-02-01 00:00:00
p_wcjsyc8zup,Medium Gray Wash Straight Fit Comfort Jeans,Jeans,0,0,0,2023-02-01 00:00:00
p_qjxt4q7gff,Military Green Coaches Jacket,Jacket,0,0,0,2023-02-01 00:00:00
p_fm6edfx4ep,Military Green Fleece French Terry Jogger,Sweatpants & Joggers,0,0,0,2023-02-01 00:00:00
p_28tc85jmdq,Military Green Waffle Long Sleeve Crew Neck,Sweatshirt,0,0,0,2023-02-01 00:00:00
p_mxsupz7eaq,Navy Coaches Jacket,Jacket,0,0,0,2023-02-01 00:00:00
p_qqk283mjjn,Navy Fleece French Terry Jogger,Sweatpants & Joggers,0,0,0,2023-02-01 00:00:00
p_xanpax5dbd,True Red Polo,Polos,0,0,0,2023-02-01 00:00:00
p_mrvwze8wph,White Ankle Socks 3-Pack,Socks,0,0,0,2023-02-01 00:00:00
p_ga52js5nmp,White Never Show Socks 3-Pack,Socks,0,0,0,2023-02-01 00:00:00
p_yhe8c62x9c,Heather Navy Quarter Zip Performance Shirt,Athletic Tops,0,0,0,2023-02-01 00:00:00
p_a7p3mw83t9,Heather Military Green Active Long Sleeve Crew Neck,T-Shirts,0,0,0,2023-02-01 00:00:00
p_rwwrukwyz9,Charcoal Heather Gray Short Sleeve Tall Active Crew Neck,T-Shirts,0,0,0,2023-02-01 00:00:00
p_qy223hzmfv,White Short Sleeve Tall Active Crew Neck,T-Shirts,0,0,0,2023-02-01 00:00:00
p_hfj965wa8c,Charcoal Heather Gray Loungewear Long Sleeve Tee And Jogger Set,Sweatshirt,0,0,0,2023-02-01 00:00:00
p_f3v8s3b963,Charcoal Heather Gray Loungewear Short Sleeve Tee And Pant Set,Sweatpants & Joggers,0,0,0,2023-02-01 00:00:00
p_3vtx7z4d8y,Heather Dusty Pink V-Neck T-Shirt,Screen Printed T-Shirts,0,0,0,2023-02-01 00:00:00
p_3kckyj2khu,Heather Navy Loungewear Short Sleeve Tee And Pant Set,Lounge Sweatpants & Joggers,0,0,0,2023-02-01 00:00:00
p_wj3u3m87yx,Short Sleeve T-Shirt | Active | Crew Neck | Black,T-Shirts,0,0,0,2023-03-01 00:00:00
p_svsvrfrcb6,Black Active Long Sleeve Crew Neck T-Shirt,T-Shirts,0,0,0,2023-03-01 00:00:00
p_vjfh4zw9pd,Short Sleeve Active Polo Shirt | Black,Polos,0,0,0,2023-03-01 00:00:00
p_2gwdmudpww,Long Sleeve Shirt | Crew Neck | Black,Shirt,0,0,0,2023-03-01 00:00:00
p_p6zw3xeg4v,Short Sleeve T-Shirt | Crew Neck | Black,T-Shirts,0,0,0,2023-03-01 00:00:00
p_8jmz33scf8,Sweatshirt | Pullover Crew Neck | Fleece French Terry | Black,Sweatshirt,0,0,0,2023-03-01 00:00:00
p_26twzeayzk,Pullover Hoodie | Fleece French Terry | Black,Hoodie,0,0,0,2023-03-01 00:00:00
p_xnzebcgf9j,Zip Hoodie | Fleece French Terry | Black,Hoodie,0,0,0,2023-03-01 00:00:00
p_v9vmgr3m4t,Polo Shirt | Black,Polos,0,0,0,2023-03-01 00:00:00
p_uwm4psyppk,Black Tall Straight Hem Crew Neck T-Shirt,T-Shirts,0,0,0,2023-03-01 00:00:00
p_s7yfamyjwt,Black V-Neck T-Shirt,T-Shirts,0,0,0,2023-03-01 00:00:00
p_htnnbrvvmk,Carbon Active Crew Neck,T-Shirts,0,0,0,2023-03-01 00:00:00
p_rgamhxuwjz,Carbon Crew Neck Long Sleeve,Shirt,0,0,0,2023-03-01 00:00:00
p_szpx92nwke,Carbon Fleece French Terry Zip Hoodie,Hoodie,0,0,0,2023-03-01 00:00:00
p_prm2runmas,Carbon Long Sleeve Henley,T-Shirts,0,0,0,2023-03-01 00:00:00
p_gf9pckvcm8,Carbon Short Sleeve Polo Shirt,Polos,0,0,0,2023-03-01 00:00:00
p_ujs2rxbwwy,Charcoal Heather Gray Active Long Sleeve Crew Neck,T-Shirts,0,0,0,2023-03-01 00:00:00
p_73vqwcfbpf,Charcoal Heather Gray Short Sleeve Active Polo Shirt,Polos,0,0,0,2023-03-01 00:00:00
p_9744mpdv5n,Charcoal Heather Gray Long Sleeve,Shirt,0,0,0,2023-03-01 00:00:00
p_3dh3myqfyq,Charcoal Heather Gray Polo,Polos,0,0,0,2023-03-01 00:00:00
p_yjazyejt4q,Charcoal Heather Gray V-Neck,Shirt,0,0,0,2023-03-01 00:00:00
p_xhhgk2nnba,Heather Burgundy Crew Neck T-Shirt,Shirt,0,0,0,2023-03-01 00:00:00
p_gbd3qsz25s,Heather Charcoal Gray Crew Neck T-Shirt,Shirt,0,0,0,2023-03-01 00:00:00
p_ea2gekbzfm,Heather Gray Crew Neck Long Sleeve,T-Shirts,0,0,0,2023-03-01 00:00:00
p_bdybxrzhhw,Heather Gray Fleece French Terry Pullover Hoodie,Hoodie,0,0,0,2023-03-01 00:00:00
p_cz4mtzemgt,Heather Gray Fleece French Terry Zip Hoodie,Hoodie,0,0,0,2023-03-01 00:00:00
p_ddgsdeyzu9,Heather Gray Long Sleeve Henley,T-Shirts,0,0,0,2023-03-01 00:00:00
p_5rc5ezqwny,Heather Gray Short Sleeve Polo Shirt,Polos,0,0,0,2023-03-01 00:00:00
p_shhxbvvxxp,Heather Indigo Active Crew Neck T-Shirt,T-Shirts,0,0,0,2023-03-01 00:00:00
p_4fs9u74y4x,Heather Indigo Crew Neck Long Sleeve,T-Shirts,0,0,0,2023-03-01 00:00:00
p_hmkhv4g497,Heather Indigo Crew Neck T-Shirt,Shirt,0,0,0,2023-03-01 00:00:00
p_s6hq3cbp99,Heather Indigo Short Sleeve Polo Shirt,Polos,0,0,0,2023-03-01 00:00:00
p_5q6tnqwruf,Heather Light Gray Active Long Sleeve Crew Neck,T-Shirts,0,0,0,2023-03-01 00:00:00
p_ggx5q9x8xm,Heather Military Green Active Crew Neck T-Shirt,Shirt,0,0,0,2023-03-01 00:00:00
p_xngupz8qg8,Heather Military Green Active Long Sleeve Crew Neck,T-Shirts,0,0,0,2023-03-01 00:00:00
p_pzg4uy9ru4,Heather Military Green Short Sleeve Active Polo Shirt,Polos,0,0,0,2023-03-01 00:00:00
p_kajnxmygka,Heather Military Green Crew Neck T-Shirt,Shirt,0,0,0,2023-03-01 00:00:00
p_95axe6dfn6,Heather Navy Active Crew Neck T-Shirt,T-Shirts,0,0,0,2023-03-01 00:00:00
p_5kpddtqty2,Heather Navy Active Long Sleeve Crew Neck,T-Shirts,0,0,0,2023-03-01 00:00:00
p_ccse4psnan,Heather Navy Crew Neck Long Sleeve,T-Shirts,0,0,0,2023-03-01 00:00:00
p_ug6duq4hvt,Heather Navy Crew Neck T-Shirt,Shirt,0,0,0,2023-03-01 00:00:00
p_vrmxbznmh9,Indigo Long Sleeve Henley,Shirt,0,0,0,2023-03-01 00:00:00
p_bhfd33ejhy,Indigo Short Sleeve Polo Shirt,Polos,0,0,0,2023-03-01 00:00:00
p_955cnseek9,Light Heather Gray Crew Neck Long Sleeve,T-Shirts,0,0,0,2023-03-01 00:00:00
p_6zjn28jf23,Military Green Crew Neck Long Sleeve,Shirt,0,0,0,2023-03-01 00:00:00
p_shcbhfeqaq,Military Green Fleece French Terry Pullover Crew Neck Sweatshirt,Sweatshirt,0,0,0,2023-03-01 00:00:00
p_3wz546brng,Military Green Fleece French Terry Pullover Hoodie,Hoodie,0,0,0,2023-03-01 00:00:00
p_8q6kvd32nc,Military Green Fleece French Terry Zip Hoodie,Hoodie,0,0,0,2023-03-01 00:00:00
p_brwwn6xkwh,Military Green Long Sleeve Henley,T-Shirts,0,0,0,2023-03-01 00:00:00
p_mwv4sjthwt,Military Green Short Sleeve Polo Shirt,Polos,0,0,0,2023-03-01 00:00:00
p_vtkmnr87v2,Navy Active Crew Neck T-Shirt,T-Shirts,0,0,0,2023-03-01 00:00:00
p_tpzfdnukzs,Navy Active Long Sleeve Crew Neck,T-Shirts,0,0,0,2023-03-01 00:00:00
p_bptwztkuks,Navy Short Sleeve Active Polo Shirt,Polos,0,0,0,2023-03-01 00:00:00
p_tjh5t8a6tw,Navy Crew Neck Long Sleeve,Shirt,0,0,0,2023-03-01 00:00:00
p_rezzg23bjy,Navy Fleece French Terry Pullover Crew Neck Sweatshirt,Sweatshirt,0,0,0,2023-03-01 00:00:00
p_k6s6hftqfe,Navy Fleece French Terry Pullover Hoodie,Hoodie,0,0,0,2023-03-01 00:00:00
p_h9z43a8zde,Navy Fleece French Terry Zip Hoodie,Hoodie,0,0,0,2023-03-01 00:00:00
p_ngbbqfwzd5,Navy Long Sleeve Henley,Shirt,0,0,0,2023-03-01 00:00:00
p_rhexhysfzs,Navy Short Sleeve Polo Shirt,Polos,0,0,0,2023-03-01 00:00:00
p_xa4dn5yc22,Navy Tall Short Sleeve Polo Shirt,Polos,0,0,0,2023-03-01 00:00:00
p_2wu3jtehp2,Navy Short Sleeve V-Neck T-Shirt,Shirt,0,0,0,2023-03-01 00:00:00
p_8rbvhb5tdc,White Active Crew Neck T-Shirt,Shirt,0,0,0,2023-03-01 00:00:00
p_r5gttk27sm,White Active Long Sleeve Crew Neck,Shirt,0,0,0,2023-03-01 00:00:00
p_2cus7843n6,White Crew Neck Long Sleeve,Shirt,0,0,0,2023-03-01 00:00:00
p_twpefb4vpq,White Long Sleeve Henley,T-Shirts,0,0,0,2023-03-01 00:00:00
p_6hvvy94kq4,White Short Sleeve Polo Shirt,Polos,0,0,0,2023-03-01 00:00:00
p_m6x758mjvq,White Short Sleeve Tall Polo Shirt,Polos,0,0,0,2023-03-01 00:00:00
p_s49r5jxnqq,White Short Sleeve V-Neck T-Shirt,T-Shirts,0,0,0,2023-03-01 00:00:00
p_fx25mpavbf,Long Sleeve T-Shirt | Hooded | Black,T-Shirts,0,0,0,2023-03-01 00:00:00
p_gawdf2gbfa,Long Sleeve Polo Shirt | Black,Polos,0,0,0,2023-03-01 00:00:00
p_xafkdxwnvm,Black Waffle Hoodie,Hoodie,0,0,0,2023-03-01 00:00:00
p_yev838e3bk,Dark Olive Waffle Hoodie,Hoodie,0,0,0,2023-03-01 00:00:00
p_3h5wxbdgfn,White Long Sleeve Polo Shirt,Polos,0,0,0,2023-03-01 00:00:00
p_g5xjgypbqs,Long Sleeve Button Up Shirt | Black,Button Down Shirts,0,0,0,2023-03-01 00:00:00
p_pqjyybc86f,Black Waffle Long Sleeve Crew Neck T-Shirt,T-Shirts,0,0,0,2023-03-01 00:00:00
p_5pqpzmazbr,Carbon Long Sleeve Button Up Shirt,Button Down Shirts,0,0,0,2023-03-01 00:00:00
p_anqd83cjye,Military Green Waffle Long Sleeve Crew Neck,Sweatshirt,0,0,0,2023-03-01 00:00:00
p_vp3anzz9s3,White Button Up Shirt,Button Down Shirts,0,0,0,2023-03-01 00:00:00
p_92vf4hpdrt,White Commuter Short Sleeve Button Up,Button Down Shirts,0,0,0,2023-03-01 00:00:00
p_85skykpy7r,Short Sleeve Button Up Shirt | Commuter | Black,Button Down Shirts,0,0,0,2023-03-01 00:00:00
p_v5bwyyhget,Carbon Commuter Short Sleeve Button Up,Button Down Shirts,0,0,0,2023-03-01 00:00:00
p_5kr9enrf6j,Short Sleeve Tee | Loungewear | Charcoal Heather Gray,T-Shirts,0,0,0,2023-03-01 00:00:00
p_rpwqburrmc,Dark Heather Cadet Active Polo,Polos,0,0,0,2023-03-01 00:00:00
p_8tryb2ahrp,Dark Heather Cocoa Active Polo,Polos,0,0,0,2023-03-01 00:00:00
p_vnexp6dh3m,Heather Centurion Short Sleeve Active Polo Shirt,Polos,0,0,0,2023-03-01 00:00:00
p_8pczdfc69m,Heather Cocoa Short Sleeve Active Polo Shirt,Polos,0,0,0,2023-03-01 00:00:00
p_xdyq8mewrc,Short Sleeve Button Up Shirt | Black,Button Down Shirts,0,0,0,2023-03-01 00:00:00
p_56qjzafa6s,Carbon Short Sleeve Button Up Shirt,Button Down Shirts,0,0,0,2023-03-01 00:00:00
p_7dyz93zegj,"Shorts | Active Training | 7"" | Sapphire",Athletic Shorts,0,0,0,2023-03-01 00:00:00
p_3pkg63ym5k,"Shorts | Active Training | 7"" | Steel",Shorts,0,0,0,2023-03-01 00:00:00
p_k5hymg84ez,"Shorts | Training | 7"" | 2-in-1 Black",Athletic Shorts,0,0,0,2023-03-01 00:00:00
p_mm5tbn6qza,Sweatshirt | Comfort Crew | Black,Sweatshirt,0,0,0,2023-03-01 00:00:00
p_2uptnqrxy2,Hoodie | Active Comfort | Pullover | Black,Hoodie,0,0,0,2023-03-01 00:00:00
p_ys335pw23m,Pants | Active Comfort | Straight Leg | Black,Sweatpants & Joggers,0,0,0,2023-03-01 00:00:00
p_9attt36kqt,Blazer | Black,Blazer,0,0,0,2023-03-01 00:00:00
p_84w66d79b8,Pants | Comfort Chino | Black,Pants,0,0,0,2023-03-01 00:00:00
p_349fd5fte5,Sweater | Crew Neck | Black,Knit Sweaters,0,0,0,2023-03-01 00:00:00
p_zzvxdda285,Fleece Shacket | Black,Jacket,0,0,0,2023-03-01 00:00:00
p_z7kat66jsb,Puffer Vest | Black,Outerwear Vests,0,0,0,2023-03-01 00:00:00
p_w99wqwtmd8,Performance Shirt | Quarter Zip | Black,Athletic Tops,0,0,0,2023-03-01 00:00:00
p_vkp29t8hpk,Sleeveless Muscle Tee | Active | Black,Athletic Tops,0,0,0,2023-03-01 00:00:00
p_bxpjzp3q34,Sweater Hoodie | Black,Hoodie,0,0,0,2023-03-01 00:00:00
p_j23j35syzx,Black Wash Long Sleeve Chambray Shirt,Shirt,0,0,0,2023-03-01 00:00:00
p_aaa5u2senn,Black Wash Slim Fit Comfort Jeans,Jeans,0,0,0,2023-03-01 00:00:00
p_mu7q5qx67m,Black Wash Straight Fit Comfort Jeans,Jeans,0,0,0,2023-03-01 00:00:00
p_kv4qxkyavb,Chino Pants | Comfort | Carbon,Pants,0,0,0,2023-03-01 00:00:00
p_av6ja2w28x,Charcoal Heather Active Comfort Crew Sweatshirt,Athletic Tops,0,0,0,2023-03-01 00:00:00
p_jqxjnq8mc8,Charcoal Heather Active Comfort Straight Leg Pant,Sweatpants & Joggers,0,0,0,2023-03-01 00:00:00
p_hzkzcd9ag9,Charcoal Heather Gray Long Sleeve Ripstop Commuter Shirt,Shirt,0,0,0,2023-03-01 00:00:00
p_zc74ftx9hy,Charcoal Heather Gray Pique Crew Sweater,Knit Sweaters,0,0,0,2023-03-01 00:00:00
p_4krqrmhc8s, Sleeveless Muscle Tee | Active | Charcoal Heather Gray,Athletic Tops,0,0,0,2023-03-01 00:00:00
p_qvscv7wqa7,Dark Oak Fleece French Terry Jogger,Sweatpants & Joggers,0,0,0,2023-03-01 00:00:00
p_yw7vvn467f,Dark Olive Long Sleeve Crew Neck T-Shirt,T-Shirts,0,0,0,2023-03-01 00:00:00
p_hc97kv4jxf,Deep Sea Blue Short Sleeve Crew Neck T-Shirt,T-Shirts,0,0,0,2023-03-01 00:00:00
p_zp4vn3rtz4,Deep Sea Blue Long Sleeve Crew Neck T-Shirt,T-Shirts,0,0,0,2023-03-01 00:00:00
p_8d5cs572ku,Evergreen Heather Short Sleeve Crew Neck T-Shirt,T-Shirts,0,0,0,2023-03-01 00:00:00
p_2qn4rb76qt,Evergreen Heather Long Sleeve Crew Neck T-Shirt,T-Shirts,0,0,0,2023-03-01 00:00:00
p_hun6quaf8f,Gray Wash Slim Fit Comfort Jeans,Jeans,0,0,0,2023-03-01 00:00:00
p_bn49najk97,Gray Wash Straight Fit Comfort Jeans,Jeans,0,0,0,2023-03-01 00:00:00
p_a66qgjtv8u, Sleeveless Muscle Tee | Active | Heather Cadet,Athletic Tops,0,0,0,2023-03-01 00:00:00
p_76w9v5r9gp,Heather Camel Pique Crew Sweater,Knit Sweaters,0,0,0,2023-03-01 00:00:00
p_m26nune3tt,Sleeveless Muscle Tee | Active | Heather Cocoa,Tank Top,0,0,0,2023-03-01 00:00:00
p_wtfwp7uyps,Heather Dark Oak Long Sleeve Crew Neck T-Shirt,T-Shirts,0,0,0,2023-03-01 00:00:00
p_guzmuvmxwg,Heather Dark Orchid Short Sleeve Crew Neck T-Shirt,T-Shirts,0,0,0,2023-03-01 00:00:00
p_auux7guqn5,Sleeveless Muscle Tee | Active| Heather Forest,Athletic Tops,0,0,0,2023-03-01 00:00:00
p_wvdzacyaq8,Heather Garnet Short Sleeve Crew Neck T-Shirt,T-Shirts,0,0,0,2023-03-01 00:00:00
p_59st4ejx9g,Heather Graphite Short Sleeve Crew Neck T-Shirt,T-Shirts,0,0,0,2023-03-01 00:00:00
p_mkhh2ymk98,Heather Navy Active Comfort Crew Sweatshirt,Sweatshirt,0,0,0,2023-03-01 00:00:00
p_4tw7w4865y,Medium Gray Wash Slim Fit Comfort Jeans,Jeans,0,0,0,2023-03-01 00:00:00
p_u25kmysesj,Medium Gray Wash Straight Fit Comfort Jeans,Jeans,0,0,0,2023-03-01 00:00:00
p_yrp9cazs3k,Olive Long Sleeve Ripstop Commuter Shirt,Shirt,0,0,0,2023-03-01 00:00:00
p_vjj8djm98g,"Voyager 7"" 2-in-1 Training Short",Athletic Shorts,0,0,0,2023-03-01 00:00:00
p_ens5k22dee,Coaches Jacket | Black,Jacket,0,0,0,2023-03-01 00:00:00
p_krqrvpb5nk,Short Sleeve Sweater Polo Shirt | Black,Polos,0,0,0,2023-03-01 00:00:00
p_ezjsg82fk7,Garnet Short Sleeve Sweater Polo Shirt,Polos,0,0,0,2023-03-01 00:00:00
p_zfqbnz8zdc,Heather Gray Short Sleeve Sweater Polo,Polos,0,0,0,2023-03-01 00:00:00
p_rdac8nxqpc,Navy Short Sleeve Sweater Polo,Polos,0,0,0,2023-03-01 00:00:00
p_tdz6dj3k93,Charcoal Heather Gray Active Shell Jacket,Jacket,0,0,0,2023-03-01 00:00:00
p_ef9p26sqwv,Navy Coaches Jacket,Jacket,0,0,0,2023-03-01 00:00:00
p_gvy838kdy9,Long Sleeve Button Up Sweater Shirt | Black + Carbon,Button Down Shirts,0,0,0,2023-03-01 00:00:00
p_cpfjz5js6m,Light Heather Gray Quarter Zip Performance Shirt,Athletic Tops,0,0,0,2023-03-01 00:00:00
p_encznv79zd,Charcoal Heather Gray Loungewear Jogger,Sweatpants & Joggers,0,0,0,2023-03-01 00:00:00
p_uqg73gd526,Dark Olive Short Sleeve V-Neck T-Shirt,T-Shirts,0,0,0,2023-03-01 00:00:00
p_dd7ynwa46b,Military Green Coaches Jacket,Jacket,0,0,0,2023-03-01 00:00:00
p_pds624ht98,Ankle Socks | Active | 3-Pack | Black,Socks,0,0,0,2023-03-01 00:00:00
p_h9thpv33ux,Crew Socks | Active | 3-Pack | Black,Socks,0,0,0,2023-03-01 00:00:00
p_vm4udwbmec,Ankle Socks | 3-Pack | Black,Socks,0,0,0,2023-03-01 00:00:00
p_hv5d9t5gb4,Black Boxer Trunks 3-Pack,Underwear,0,0,0,2023-03-01 00:00:00
p_eg72spursx,Half Crew Sock | 3-Pack | Black,Socks,0,0,0,2023-03-01 00:00:00
p_m5nrytn7g3,Boxer Briefs | Logo | 3-Pack | Black,Underwear,0,0,0,2023-03-01 00:00:00
p_7rzxq9sd8n,Never Show Socks | 3-Pack | Black,Socks,0,0,0,2023-03-01 00:00:00
p_h644hfsgj7,Sweater Beanie | Black,Beanie,0,0,0,2023-03-01 00:00:00
p_k8j2vzha5p,Burgundy Boxer Briefs 3-Pack,Underwear,0,0,0,2023-03-01 00:00:00
p_rd96dkwsx6,Carbon Boxer Trunks 3-Pack,Underwear,0,0,0,2023-03-01 00:00:00
p_3zf2yh34hr,Dark Olive Short Sleeve Polo Shirt,Polos,0,0,0,2023-03-01 00:00:00
p_fcgghnz6fh,Evergreen Sweater Beanie,Beanie,0,0,0,2023-03-01 00:00:00
p_vxfj55w6ma,Heather Burgundy Short Sleeve Polo Shirt,Polos,0,0,0,2023-03-01 00:00:00
p_tpv8fcqeja,Heather Gray Active Ankle Socks 3-Pack,Socks,0,0,0,2023-03-01 00:00:00
p_y6cg76w8k6,Heather Gray Half Crew Sock 3-Pack,Socks,0,0,0,2023-03-01 00:00:00
p_sgut9a5tns,Light Heather Gray Polo,Polos,0,0,0,2023-03-01 00:00:00
p_r5xrp6kuxu,True Red Short Sleeve Polo Shirt,Polos,0,0,0,2023-03-01 00:00:00
p_x285vx432e,White Ankle Socks 3-Pack,Socks,0,0,0,2023-03-01 00:00:00
p_3aup7bbqg3,Carbon Tall Long Sleeve T-Shirt,Shirt,0,0,0,2023-03-01 00:00:00
p_mxpb4sqvry,Charcoal Heather Gray Short Sleeve Tall Crew,T-Shirts,0,0,0,2023-03-01 00:00:00
p_92fw37ajex,Heather Seafarer Short Sleeve Tall Crew,Shirt,0,0,0,2023-03-01 00:00:00
p_rhk5rdjr7y,Heather Voyager Short Sleeve Tall Crew,T-Shirts,0,0,0,2023-03-01 00:00:00
p_hz3svpszdm,Military Green Tall Long Sleeve T-Shirt,T-Shirts,0,0,0,2023-03-01 00:00:00
p_3xnj548f3x,Sapphire Short Sleeve Tall Crew,T-Shirts,0,0,0,2023-03-01 00:00:00
p_j9huduq2g2,White Tall Straight Hem Crew Neck T-Shirt,T-Shirts,0,0,0,2023-03-01 00:00:00
p_ct8bqyz5rd,Bomber Jacket | Black,Bomber Jackets,0,0,0,2023-03-01 00:00:00
p_26x46r3gh3,Carbon Short Sleeve Tall Polo Shirt,Polos,0,0,0,2023-03-01 00:00:00
p_uwgqdnnawm,Charcoal Heather Gray Short Sleeve Tall Polo Shirt,Polos,0,0,0,2023-03-01 00:00:00
p_awt8ehv6fc,Heather Gray Short Sleeve Tall Polo Shirt,Polos,0,0,0,2023-03-01 00:00:00
p_ug78456eub,Mahogany Fleece French Terry Pullover Hoodie,Hoodie,0,0,0,2023-03-01 00:00:00
p_3hycs4vyy4,Mahogany Fleece French Terry Zip Hoodie,Hoodie,0,0,0,2023-03-01 00:00:00
p_487dnzupxz,Military Green Short Sleeve Tall Polo Shirt,Polos,0,0,0,2023-03-01 00:00:00
p_haens7aj79,Sapphire Short Sleeve Tall Polo Shirt,Polos,0,0,0,2023-03-01 00:00:00
p_n7npmmnfq3,Bomber Jacket | Army Green,Bomber Jackets,0,0,0,2023-03-01 00:00:00
p_vhct7fnamt,Sweater Fleece Jacket | Black,Jacket,0,0,0,2023-03-01 00:00:00
p_qvxdc36tay,Carbon Bomber Jacket,Bomber Jackets,0,0,0,2023-03-01 00:00:00
p_ubarpzrdvd,Gray Sweater Fleece Jacket,Knit Sweaters,0,0,0,2023-03-01 00:00:00
p_25m5nqdhtq,Gunmetal Puffer Jacket,Puffer Jackets,0,0,0,2023-03-01 00:00:00
p_9nq4jjbkbr,Military Green Puffer Jacket,Puffer Jackets,0,0,0,2023-03-01 00:00:00
p_6svhrtmsn3,Navy Bomber Jacket,Bomber Jackets,0,0,0,2023-03-01 00:00:00
p_dwbw45rvge,Navy Hooded Puffer Jacket,Puffer Jackets,0,0,0,2023-03-01 00:00:00
p_4yh4m8q3v7,Navy Puffer Jacket,Puffer Jackets,0,0,0,2023-03-01 00:00:00
p_e6pz5d7uh9,Navy Sweater Fleece Jacket,Hoodie,0,0,0,2023-03-01 00:00:00
p_4xmfcxsvq4,Puffer Jacket | Hooded | Black,Puffer Jackets,0,0,0,2023-03-01 00:00:00
p_zrt8e4hahp,Chino Pants | Straight | Twill | Black,Pants,0,0,0,2023-03-01 00:00:00
p_6bppe3h2jj,Centurion Slim Twill Chino,Pants,0,0,0,2023-03-01 00:00:00
p_zd6gtes7qp,Centurion Straight Twill Chino,Pants,0,0,0,2023-03-01 00:00:00
p_ja9tudbs9q,Dark Oak Straight Twill Chino,Pants,0,0,0,2023-03-01 00:00:00
p_yqusyfjxtf,Gunmetal Hooded Puffer Jacket,Puffer Jackets,0,0,0,2023-03-01 00:00:00
p_kkdff6r47e,Meadow Slim Twill Chino,Pants,0,0,0,2023-03-01 00:00:00
p_rnmhwn9kcu,Navy Slim Twill Chino,Pants,0,0,0,2023-03-01 00:00:00
p_y5u5gs4evr,Navy Straight Twill Chino,Pants,0,0,0,2023-03-01 00:00:00
p_vqc6jejd69,Long Sleeve Button Up Shirt | Do-It-All Comfort | Black,Button Down Shirts,0,0,0,2023-03-01 00:00:00
p_p8ep2jre98,Hoodie | Active | Black,Hoodie,0,0,0,2023-03-01 00:00:00
p_vubwwnzvnt,Dark Heather Cadet Long Sleeve Active Crew Neck,T-Shirts,0,0,0,2023-03-01 00:00:00
p_e2426ac79u,Dark Heather Tempest Long Sleeve Active Crew Neck,Sweatshirt,0,0,0,2023-03-01 00:00:00
p_cjzvdmswjf,White Active Hoodie,Hoodie,0,0,0,2023-03-01 00:00:00
p_ncwnq5usm5,"Shorts | Active Training | 7"" | Slate Green",Athletic Shorts,0,0,0,2023-03-01 00:00:00
p_x443echvnq,"Chino Shorts | Comfort | 7"" | Military Green",Shorts,0,0,0,2023-03-01 00:00:00
p_qhjjf5kjgd,"Chino Shorts | Comfort | 7"" | Rosewood",Shorts,0,0,0,2023-03-01 00:00:00
p_f8rywmvjsy,"Chino Shorts | Comfort | 7"" | Sapphire",Shorts,0,0,0,2023-03-01 00:00:00
p_6kxr6rztwd,"Chino Shorts | Comfort | 7"" | Slate Green",Shorts,0,0,0,2023-03-01 00:00:00
p_56zbdasvhd,"Chino Shorts | Comfort | 9"" | Sapphire",Shorts,0,0,0,2023-03-01 00:00:00
p_xpmubyp2yg,"Chino Shorts | Comfort | 9"" | Slate Green",Shorts,0,0,0,2023-03-01 00:00:00
p_saytmbtmak,"Shorts | Classic Twill | 9"" | Black",Shorts,0,0,0,2023-03-01 00:00:00
p_aytxzkck8x,"Shorts | Classic Twill | 7"" | Black",Shorts,0,0,0,2023-03-01 00:00:00
p_fhdff8x3jt,"Shorts | Classic Twill | 7"" | Harbor",Shorts,0,0,0,2023-03-01 00:00:00
p_q2935cukf5,"Shorts | Classic Twill | 7"" | Khaki",Shorts,0,0,0,2023-03-01 00:00:00
p_qr5wafyaq4,"Shorts | Classic Twill | 7"" | Moss",Shorts,0,0,0,2023-03-01 00:00:00
p_j48puxsej5,"Shorts | Classic Twill | 7"" | Sandstone",Shorts,0,0,0,2023-03-01 00:00:00
p_b2wv3hqta7,"Shorts | Classic Twill | 9"" | Centurion",Shorts,0,0,0,2023-03-01 00:00:00
p_wungd9j4dh,"Shorts | Active Training | 7"" | Black",Shorts,0,0,0,2023-03-01 00:00:00
p_r9rn7a2dy5,"Shorts | Active Training | 7"" | Carbon",Shorts,0,0,0,2023-03-01 00:00:00
p_n9qtgjygdv,"Shorts | Active Training | 7"" | Sandstone",Athletic Shorts,0,0,0,2023-03-01 00:00:00
p_nu9kcajw2z,"Chino Shorts | Comfort | 7"" | Black",Shorts,0,0,0,2023-03-01 00:00:00
p_hmp7dkjce9,"Chino Shorts | Comfort | 7"" | Carbon",Shorts,0,0,0,2023-03-01 00:00:00
p_25upswaptj,"Chino Shorts | Comfort | 7"" | Khaki",Shorts,0,0,0,2023-03-01 00:00:00
p_kaq2j39v2p,"Chino Shorts | Comfort | 7"" | Navy",Shorts,0,0,0,2023-03-01 00:00:00
p_utfqrxy94f,Shorts | Commuter | Black,Shorts,0,0,0,2023-03-01 00:00:00
p_prrc5xwre5,Khaki Commuter Short,Shorts,0,0,0,2023-03-01 00:00:00
p_bj4epra3sv,Shorts | Fleece French Terry | Black,Shorts,0,0,0,2023-03-01 00:00:00
p_fvgyjfheyt,Sandstone Commuter Short,Shorts,0,0,0,2023-03-01 00:00:00
p_epuubwwz7s,Military Green Fleece French Terry Short,Shorts,0,0,0,2023-03-01 00:00:00
p_j4bf77xx5v,"Chino Shorts | Comfort | 9"" | Black",Shorts,0,0,0,2023-03-01 00:00:00
p_74gmgsy6yv,Navy Fleece French Terry Short,Shorts,0,0,0,2023-03-01 00:00:00
p_m5f29n89jy,"Chino Shorts | Comfort | 9"" | Carbon",Shorts,0,0,0,2023-03-01 00:00:00
p_47meu4bybx,"Chino Shorts | Comfort |  9"" | Ivory",Shorts,0,0,0,2023-03-01 00:00:00
p_5za8gj7unh,"Chino Shorts | Comfort | 9"" | Khaki",Shorts,0,0,0,2023-03-01 00:00:00
p_arxdch5qcv,"Chino Shorts | Comfort | 9"" | Military Green",Shorts,0,0,0,2023-03-01 00:00:00
p_en8vndps74,"Chino Shorts | Comfort | 9"" | Navy",Shorts,0,0,0,2023-03-01 00:00:00
p_rquj6mrdex,Dark Heather Navy Active Comfort Short,Shorts,0,0,0,2023-03-01 00:00:00
p_6ra9g27e7u,Burgundy Active Quick Dry Short with Liner,Swim Shorts,0,0,0,2023-03-01 00:00:00
p_5ek32kjgzp,Navy Active Quick Dry Short with Liner,Swim Shorts,0,0,0,2023-03-01 00:00:00
p_bp7w9cp3k9,Pants | Commuter | Black,Pants,0,0,0,2023-03-01 00:00:00
p_5p5sgcwp5f,"Shorts | Active Training | 7"" | Navy",Shorts,0,0,0,2023-03-01 00:00:00
p_47uf2puagk,"Shorts | Classic Twill | 7"" | Navy",Shorts,0,0,0,2023-03-01 00:00:00
p_9a5tjqerw5,"Shorts | Classic Twill | 9"" | Meadow",Shorts,0,0,0,2023-03-01 00:00:00
p_a69bzurkgs,Joggers | Active | Black,Sweatpants & Joggers,0,0,0,2023-03-01 00:00:00
p_2bkrkbfbk9,Classic Polarized Sunglasses | Black,Sunglasses,0,0,0,2023-03-01 00:00:00
p_vvkaza7v48,Long Sleeve Button Up Shirt | Commuter | Black,Button Down Shirts,0,0,0,2023-03-01 00:00:00
p_egq2tewvm7,Long Sleeve Henley | Black,T-Shirts,0,0,0,2023-03-01 00:00:00
p_yp2v99qxbf,Classic Polarized Sunglasses | Black Mirror,Sunglasses,0,0,0,2023-03-01 00:00:00
p_mef5fue56y,Dress Shirt | Lightweight Performance | Black,Button Down Shirts,0,0,0,2023-03-01 00:00:00
p_fpmkw85rke,Short Sleeve Polo Shirt | Black,Polos,0,0,0,2023-03-01 00:00:00
p_s7c853uk5c,Puffer Jacket | Black,Puffer Jackets,0,0,0,2023-03-01 00:00:00
p_8nhyuguh4z,Chino Pants | Slim | Twill | Black,Pants,0,0,0,2023-03-01 00:00:00
p_ka5fa3ne6y,Slippers | Black,Slippers,0,0,0,2023-03-01 00:00:00
p_6wnwzma24v,Long Sleeve Button Up Shirt | Stretch Oxford | Black,Button Down Shirts,0,0,0,2023-03-01 00:00:00
p_u3ffx96ehp,Short Sleeve T-Shirt | Tall | Active Crew Neck | Black,T-Shirts,0,0,0,2023-03-01 00:00:00
p_ufjg6nn927,Long Sleeve T-Shirt | Tall | Black,T-Shirts,0,0,0,2023-03-01 00:00:00
p_enhxmmv3xa,Polo Shirt | Tall | Black,Polos,0,0,0,2023-03-01 00:00:00
p_gqfhmx28rz,Blue Quartz Short Sleeve Crew Neck T-Shirt,T-Shirts,0,0,0,2023-03-01 00:00:00
p_6ccw4zmdj6,Bluestone Tall Round Hem Crew Neck T-Shirt,T-Shirts,0,0,0,2023-03-01 00:00:00
p_ryght7etrs,Bluestone V-Neck Short Sleeve T-Shirt,T-Shirts,0,0,0,2023-03-01 00:00:00
p_5q95b4bjyg,Burgundy Short Sleeve Crew Neck T-Shirt,T-Shirts,0,0,0,2023-03-01 00:00:00
p_2sxe2kvxmc,Burgundy Long Sleeve Crew Neck T-Shirt,T-Shirts,0,0,0,2023-03-01 00:00:00
p_srwzc2wwq6,Burgundy Long Sleeve Henley,T-Shirts,0,0,0,2023-03-01 00:00:00
p_8p9z2j6eqt,Burgundy Short Sleeve V-Neck T-Shirt,T-Shirts,0,0,0,2023-03-01 00:00:00
p_dnq23rfcgu,"Carbon 7"" 2-in-1 Training Short",Athletic Shorts,0,0,0,2023-03-01 00:00:00
p_9tz4xs4maw,Carbon Commuter Long Sleeve Button Up Shirt,Button Down Shirts,0,0,0,2023-03-01 00:00:00
p_82erf6xepz,Carbon Commuter Pant,Pants,0,0,0,2023-03-01 00:00:00
p_gxqdqumwae,Carbon Short Sleeve Crew Neck T-Shirt,T-Shirts,0,0,0,2023-03-01 00:00:00
p_nmb6y3r32b,Carbon Fleece French Terry Jogger,Sweatpants & Joggers,0,0,0,2023-03-01 00:00:00
p_mqhey6peq9,Carbon Fleece French Terry Pullover Crew Neck Sweatshirt,Sweatshirt,0,0,0,2023-03-01 00:00:00
p_pgvy4mwya6,Carbon Fleece French Terry Pullover Hoodie,Hoodie,0,0,0,2023-03-01 00:00:00
p_dcfsb4qj5s,Carbon Performance Lightweight Dress Shirt,Button Down Shirts,0,0,0,2023-03-01 00:00:00
p_q9e4tw2vgn,Carbon Tall Active Crew Neck T-Shirt,T-Shirts,0,0,0,2023-03-01 00:00:00
p_3mznzzvw2f,Carbon Tall Round Hem Crew Neck T-Shirt,T-Shirts,0,0,0,2023-03-01 00:00:00
p_fcv57d39m8,Carbon Short Sleeve V-Neck T-Shirt,T-Shirts,0,0,0,2023-03-01 00:00:00
p_n6hvkgussy,Carbon Waffle Hoodie,Hoodie,0,0,0,2023-03-01 00:00:00
p_yg5234hu8z,Centurion Short Sleeve Sweater Polo Shirt,Polos,0,0,0,2023-03-01 00:00:00
p_qcw7eb8td6,Charcoal Heather Active Comfort Full Zip Hoodie,Hoodie,0,0,0,2023-03-01 00:00:00
p_agkp4c43e4,Charcoal Heather Active Comfort Pullover Hoodie,Hoodie,0,0,0,2023-03-01 00:00:00
p_cn8axvjmp9,Charcoal Heather Gray Active Comfort Short,Athletic Shorts,0,0,0,2023-03-01 00:00:00
p_6c6nrcr2c3, Short Sleeve T-Shirt | Active Crew Neck | Charcoal Heather Gray,T-Shirts,0,0,0,2023-03-01 00:00:00
p_znfcswnte7,Charcoal Heather Gray Active Hoodie,Hoodie,0,0,0,2023-03-01 00:00:00
p_bdbtrvs35c,Charcoal Heather Gray Active Joggers,Sweatpants & Joggers,0,0,0,2023-03-01 00:00:00
p_pxnmvcumyj,Charcoal Heather Gray Do-It-All Comfort Long Sleeve Button Up Shirt,Button Down Shirts,0,0,0,2023-03-01 00:00:00
p_yra4pxjn2n,Charcoal Heather Gray Fleece French Terry Full Zip,Hoodie,0,0,0,2023-03-01 00:00:00
p_k727r3s7q8,Charcoal Heather Gray Fleece French Terry Jogger,Sweatpants & Joggers,0,0,0,2023-03-01 00:00:00
p_qsxubmrtfw,Long Sleeve Tee | Loungewear | Charcoal Heather Gray,T-Shirts,0,0,0,2023-03-01 00:00:00
p_hrqsaa2u6g,Charcoal Heather Gray Loungewear Pant,Pants,0,0,0,2023-03-01 00:00:00
p_z9gg92dcqx,Charcoal Heather Gray Short Sleeve Polo Shirt,Polos,0,0,0,2023-03-01 00:00:00
p_3shyn5zkky,Charcoal Heather Gray Tall Crew T-Shirt,T-Shirts,0,0,0,2023-03-01 00:00:00
p_mvqwbcmhah,Charcoal Heather Gray Tall Round Hem Crew Neck T-Shirt,T-Shirts,0,0,0,2023-03-01 00:00:00
p_yupfqc6yfm,Charcoal Heather Gray Short Sleeve V-Neck T-Shirt,T-Shirts,0,0,0,2023-03-01 00:00:00
p_6k245nh69q,Crimson Long Sleeve Crew Neck T-Shirt,T-Shirts,0,0,0,2023-03-01 00:00:00
p_rhxjthz5x8,Dark Heather Burgundy Active Comfort Short,Swim Shorts,0,0,0,2023-03-01 00:00:00
p_ucy8r4cqe3,Dark Heather Burgundy Active Joggers,Sweatpants & Joggers,0,0,0,2023-03-01 00:00:00
p_2eh6mejec7,Dark Heather Cadet Active Crew Neck T-Shirt,T-Shirts,0,0,0,2023-03-01 00:00:00
p_sfn5q4bv26,Dark Heather Cadet Short Sleeve Active Polo Shirt,Polos,0,0,0,2023-03-01 00:00:00
p_ncvpa3z4h7,Dark Heather Cadet Long Sleeve Active Crew Neck T-Shirt,T-Shirts,0,0,0,2023-03-01 00:00:00
p_6njreat3aq,Dark Heather Cocoa Active Crew Neck T-Shirt,T-Shirts,0,0,0,2023-03-01 00:00:00
p_mjrxd2wgtf,Dark Heather Cocoa Short Sleeve Active Polo Shirt,Polos,0,0,0,2023-03-01 00:00:00
p_zf9muhc3as,Dark Heather Indigo Active Comfort Short,Shorts,0,0,0,2023-03-01 00:00:00
p_x5p88uuzy5,Dark Heather Indigo Active Joggers,Sweatpants & Joggers,0,0,0,2023-03-01 00:00:00
p_npx42jpcmt,Dark Heather Military Green Active Comfort Short,Shorts,0,0,0,2023-03-01 00:00:00
p_9m3e7uj62s,Dark Heather Military Green Active Joggers,Sweatpants & Joggers,0,0,0,2023-03-01 00:00:00
p_t2tpzxuynp,Dark Heather Navy Active Joggers,Sweatpants & Joggers,0,0,0,2023-03-01 00:00:00
p_vybqnpjdfb,Dark Heather Tempest Active Crew Neck T-Shirt,T-Shirts,0,0,0,2023-03-01 00:00:00
p_gzgm33n9cz,Dark Heather Tempest Short Sleeve Active Polo Shirt,Polos,0,0,0,2023-03-01 00:00:00
p_sph8dsebwy,Dark Oak Fleece French Terry Pullover Crew Neck Sweatshirt,Sweatshirt,0,0,0,2023-03-01 00:00:00
p_zpj5m6rzbh,Dark Oak Fleece French Terry Pullover Hoodie,Hoodie,0,0,0,2023-03-01 00:00:00
p_bvsv82u2jt,Dark Oak Fleece French Terry Zip Hoodie,Hoodie,0,0,0,2023-03-01 00:00:00
p_xdyn8gxhhe,Dark Oak Long Sleeve Waffle Crew,Sweatshirt,0,0,0,2023-03-01 00:00:00
p_hvyht2dd2v,Dark Oak Slim Twill Chino Pant,Pants,0,0,0,2023-03-01 00:00:00
p_9mtccasba9,Dark Oak Waffle Hoodie,Hoodie,0,0,0,2023-03-01 00:00:00
p_2wxxfw7mca,Dark Olive Fleece Shacket,Shirt Jackets,0,0,0,2023-03-01 00:00:00
p_b3ppfm2vay,Dark Olive Long Sleeve Waffle Crew,Shirt,0,0,0,2023-03-01 00:00:00
p_a6yxedr8jx,Dark Purple Short Sleeve V-Neck T-Shirt ,T-Shirts,0,0,0,2023-03-01 00:00:00
p_zwwudtzed5,Deep Sea Blue Heather Active Hoodie,Hoodie,0,0,0,2023-03-01 00:00:00
p_9y7p8njxta,Deep Sea Blue Heather Active Long Sleeve Crew T-Shirt,T-Shirts,0,0,0,2023-03-01 00:00:00
p_wht3v5efkm,Deep Sea Blue Long Sleeve Waffle Crew,T-Shirts,0,0,0,2023-03-01 00:00:00
p_z7xekuufwm,Ecru Do-It-All Comfort Long Sleeve Button Up Shirt,Button Down Shirts,0,0,0,2023-03-01 00:00:00
p_kvuhf7884a,Electric Blue Short Sleeve Polo Shirt,Polos,0,0,0,2023-03-01 00:00:00
p_ysyjzgmtu6,Evergreen Heather Active Hoodie,Hoodie,0,0,0,2023-03-01 00:00:00
p_shc7xvk932,Evergreen Heather Active Long Sleeve Crew Neck T-Shirt,T-Shirts,0,0,0,2023-03-01 00:00:00
p_2d43kb3hj3,Evergreen Heather Long Sleeve Waffle Crew,Sweatshirt,0,0,0,2023-03-01 00:00:00
p_yszdpmgyju,Evergreen Sweater Scarf,Scarf,0,0,0,2023-03-01 00:00:00
p_ydptv6rbpw,Gradient Classic Polarized Sunglasses,Sunglasses,0,0,0,2023-03-01 00:00:00
p_3wdph5p4a5,Gunmetal Puffer Vest,Outerwear Vests,0,0,0,2023-03-01 00:00:00
p_2c7s8a7bmw,Heather Black Active Jogger,Sweatpants & Joggers,0,0,0,2023-03-01 00:00:00
p_dny6u2yy3n,Heather Burgundy Active Crew Neck T-Shirt,T-Shirts,0,0,0,2023-03-01 00:00:00
p_5a5sfcgqkq,Heather Burgundy Active Long Sleeve Crew Neck T-Shirt,T-Shirts,0,0,0,2023-03-01 00:00:00
p_ctw749pxad,Heather Burgundy Long Sleeve Crew Neck T-Shirt,T-Shirts,0,0,0,2023-03-01 00:00:00
p_pqwkc9p2hu,Heather Burgundy Short Sleeve Crew Neck T-Shirt,T-Shirts,0,0,0,2023-03-01 00:00:00
p_a2wcem7cms,Heather Burgundy Short Sleeve V-Neck T-Shirt,T-Shirts,0,0,0,2023-03-01 00:00:00
p_25hy766nzk,Heather Cayenne Short Sleeve Crew Neck T-Shirt,T-Shirts,0,0,0,2023-03-01 00:00:00
p_x7cgdhmyp3,Heather Navy Short Sleeve Polo Shirt,Polos,0,0,0,2023-03-01 00:00:00
p_2hkre8aznc,Military Green Tall Straight Hem Crew Neck T-Shirt,T-Shirts,0,0,0,2023-03-01 00:00:00
p_73kjt62een,Heather Cayenne Short Sleeve Polo Shirt,Polos,0,0,0,2023-03-01 00:00:00
p_dpgtwv5dut,Heather Cayenne Short Sleeve Tall Polo,Polos,0,0,0,2023-03-01 00:00:00
p_rpenkmstmg,Heather Centurion Active Crew Neck T-Shirt,T-Shirts,0,0,0,2023-03-01 00:00:00
p_kzqm93unyy,Heather Cocoa Active Crew Neck T-Shirt,T-Shirts,0,0,0,2023-03-01 00:00:00
p_rua2yj3jmt,Heather Dark Oak Crew Short Sleeve Neck T-Shirt,T-Shirts,0,0,0,2023-03-01 00:00:00
p_cve5gy56m8,Heather Dark Oak Short Sleeve V-Neck T-Shirt,T-Shirts,0,0,0,2023-03-01 00:00:00
p_cvrhss99ts,Heather Dark Orchid Short Sleeve V-Neck T-Shirt,Shirt,0,0,0,2023-03-01 00:00:00
p_y3r2ug2mpu,Heather Forest Active Crew Neck T-Shirt,T-Shirts,0,0,0,2023-03-01 00:00:00
p_h75hjs7973,Heather Forest Short Sleeve Active Polo Shirt,Polos,0,0,0,2023-03-01 00:00:00
p_x5pshyk4q9,Heather Graphite Short Sleeve Polo Shirt,Polos,0,0,0,2023-03-01 00:00:00
p_g4xkdswn5e,Heather Gray Active Comfort Short,Shorts,0,0,0,2023-03-01 00:00:00
p_9p8bns7rmp,Heather Gray Active Crew Socks 3-Pack,Socks,0,0,0,2023-03-01 00:00:00
p_bjecaeres5,Heather Gray Active Never Show Socks 3-Pack,Socks,0,0,0,2023-03-01 00:00:00
p_nw97q8x9x2,Heather Gray Ankle Socks 3-Pack,Socks,0,0,0,2023-03-01 00:00:00
p_n3jnq4u8q7,Heather Gray Crew Neck Sweater,Knit Sweaters,0,0,0,2023-03-01 00:00:00
p_gbh9ypmsjv,Heather Gray Do-It-All Comfort Long Sleeve Button Up Shirt,Button Down Shirts,0,0,0,2023-03-01 00:00:00
p_bz2jmxhgzb,Heather Gray Fleece French Terry Joggers,Sweatpants & Joggers,0,0,0,2023-03-01 00:00:00
p_dvj7aj4rxq,Heather Gray Fleece French Terry Pullover Crew Neck Sweatshirt,Sweatshirt,0,0,0,2023-03-01 00:00:00
p_ttdapkruav,Heather Gray Fleece French Terry Pullover Hoodie,Hoodie,0,0,0,2023-03-01 00:00:00
p_e3w27784ez,Heather Gray Long Sleeve Lightweight Flannel Shirt,Button Down Shirts,0,0,0,2023-03-01 00:00:00
p_7cvqeq727k,Heather Gray Long Sleeve Polo Shirt,Polos,0,0,0,2023-03-01 00:00:00
p_36tjt6cs8z,Heather Gray Pique Crew Sweater,Knit Sweaters,0,0,0,2023-03-01 00:00:00
p_mbdbf8ya5d,Heather Gray Sweater Long Sleeve Button Up Shirt,Button Down Shirts,0,0,0,2023-03-01 00:00:00
p_gzymf76rmw,Heather Navy Loungewear Jogger,Sweatpants & Joggers,0,0,0,2023-03-01 00:00:00
p_8nxyvmkrbc,Heather Navy Loungewear Pant,Pants,0,0,0,2023-03-01 00:00:00
p_yb98yp2sqv,Indigo Rinse Slim Authentic Stretch Jeans,Jeans,0,0,0,2023-03-01 00:00:00
p_juu2rq3qu8,Indigo Rinse Straight Authentic Stretch Jeans,Jeans,0,0,0,2023-03-01 00:00:00
p_jwjqtb338j,Khaki Comfort Chino Pants,Pants,0,0,0,2023-03-01 00:00:00
p_t83m3bqcj4,Khaki Commuter Pant,Pants,0,0,0,2023-03-01 00:00:00
p_spf5g5jf32,Khaki Slim Twill Chino,Pants,0,0,0,2023-03-01 00:00:00
p_jx3q5n329x,Khaki Straight Twill Chino,Pants,0,0,0,2023-03-01 00:00:00
p_rhugz6jch8,Light Indigo Wash Slim Authentic Stretch Jeans,Jeans,0,0,0,2023-03-01 00:00:00
p_katetzgtwe,Light Indigo Wash Straight Authentic Stretch Jeans,Jeans,0,0,0,2023-03-01 00:00:00
p_s57sjtnm4q,Meadow Straight Twill Chino,Pants,0,0,0,2023-03-01 00:00:00
p_d3c8r9bpvv,Medium Indigo Wash Slim Authentic Stretch Jeans,Jeans,0,0,0,2023-03-01 00:00:00
p_xgzt58skmg,Medium Indigo Wash Straight Authentic Stretch Jeans,Jeans,0,0,0,2023-03-01 00:00:00
p_egd9fym6xg,Navy Commuter Pant,Pants,0,0,0,2023-03-01 00:00:00
p_ymb5bq3vdv,Navy Fleece Shacket,Shirt Jackets,0,0,0,2023-03-01 00:00:00
p_accagka8uw,Reversible Dress Belt,Belt,0,0,0,2023-03-01 00:00:00
p_pjpnhtycns,Sandstone Commuter Pant,Pants,0,0,0,2023-03-01 00:00:00
p_dks9q92uqc,Heather Gray Tall Round Hem Crew Neck T-Shirt,T-Shirts,0,0,0,2023-03-01 00:00:00
p_udqn8s72v2,Navy Tall Round Hem Crew Neck T-Shirt,T-Shirts,0,0,0,2023-03-01 00:00:00
p_8y5vsf82td,Heather Emerald Short Sleeve Crew Neck T-Shirt,T-Shirts,0,0,0,2023-03-01 00:00:00
p_xqh3f9cwus,Heather Emerald Short Sleeve V-Neck T-Shirt,T-Shirts,0,0,0,2023-03-01 00:00:00
p_vst6extntp,Heather Gray Active Jogger,Sweatpants & Joggers,0,0,0,2023-03-01 00:00:00
p_75cz36rfz9,Heather Gray Sweater Hoodie,Hoodie,0,0,0,2023-03-01 00:00:00
p_6cj8gtxf2x,Heather Gray Tall Long Sleeve T-Shirt,Shirt,0,0,0,2023-03-01 00:00:00
p_34upddt2cp,Heather Gray Tall Straight Hem Crew Neck T-Shirt,T-Shirts,0,0,0,2023-03-01 00:00:00
p_behk4g2psv,Heather Gray Short Sleeve V-Neck T-Shirt,T-Shirts,0,0,0,2023-03-01 00:00:00
p_kgcgy98rwb,Heather Gray Waffle Hoodie,Hoodie,0,0,0,2023-03-01 00:00:00
p_6suxvjsvfc,Heather Indigo Tall Round Hem Crew Neck T-Shirt,T-Shirts,0,0,0,2023-03-01 00:00:00
p_jpmpa7s5yw,Heather Indigo Short Sleeve V-Neck T-Shirt,T-Shirts,0,0,0,2023-03-01 00:00:00
p_4pdddcg9t6,Heather Military Green Long Sleeve Crew T-Shirt,T-Shirts,0,0,0,2023-03-01 00:00:00
p_284qkebjr8,Heather Military Green Short Sleeve Polo Shirt,Polos,0,0,0,2023-03-01 00:00:00
p_tbp6wvu828,Heather Military Green Short Sleeve V-Neck T-Shirt,T-Shirts,0,0,0,2023-03-01 00:00:00
p_x8z28nbvwg,Heather Mist Short Sleeve Crew Neck T-Shirt,T-Shirts,0,0,0,2023-03-01 00:00:00
p_rejmm7td92,Heather Mist Short Sleeve V-Neck T-Shirt,T-Shirts,0,0,0,2023-03-01 00:00:00
p_6wj7x98tcn,Heather Navy Active Comfort Crew Sweatshirt,Sweatshirt,0,0,0,2023-03-01 00:00:00
p_mtqhyqahab,Heather Navy Active Comfort Pullover Hoodie,Hoodie,0,0,0,2023-03-01 00:00:00
p_bxnehsqcdv,Heather Navy Short Sleeve Active Polo Shirt,Polos,0,0,0,2023-03-01 00:00:00
p_7bmuq9q6qw,Heather Navy Long Sleeve Ripstop Commuter Shirt,Shirt,0,0,0,2023-03-01 00:00:00
p_g6dg3x3nta,Heather Navy Pique Crew Sweater,Knit Sweaters,0,0,0,2023-03-01 00:00:00
p_5gc6jyy4vw,Heather Navy Tall Round Hem Crew Neck T-Shirt,T-Shirts,0,0,0,2023-03-01 00:00:00
p_u4zzshtv4s,Heather Navy Short Sleeve V-Neck T-Shirt,Shirt,0,0,0,2023-03-01 00:00:00
p_7tce4kfut5,Heather Oatmeal Crew Neck Sweater,Knit Sweaters,0,0,0,2023-03-01 00:00:00
p_eyc8fnh7za,Heather Purple Short Sleeve Crew Neck T-Shirt,T-Shirts,0,0,0,2023-03-01 00:00:00
p_fzwwcz6x6s,Heather Sage Short Sleeve Crew Neck T-Shirt,T-Shirts,0,0,0,2023-03-01 00:00:00
p_xvg4py479t,Heather Sage V-Neck Short Sleeve T-Shirt,T-Shirts,0,0,0,2023-03-01 00:00:00
p_up97jdnnsw,Heather Sapphire Short Sleeve Crew Neck T-Shirt,T-Shirts,0,0,0,2023-03-01 00:00:00
p_84xru5kzx9,Heather Dusty Pink Short Sleeve Crew Neck T-Shirt,T-Shirts,0,0,0,2023-03-01 00:00:00
p_xrvchd55bc,Heather Military Green Short Sleeve Tall Crew,Screen Printed T-Shirts,0,0,0,2023-03-01 00:00:00
p_xqcme6qpqk,Heather Navy Active Comfort Full Zip Hoodie,Hoodie,0,0,0,2023-03-01 00:00:00
p_5f676x59tf,Long Sleeve Tee | Loungewear | Heather Navy,T-Shirts,0,0,0,2023-03-01 00:00:00
p_ztgcvk5gkn,Short Sleeve Tee | Loungewear | Heather Navy,T-Shirts,0,0,0,2023-03-01 00:00:00
p_spgwfvgehe,Heather Navy Sweater Long Sleeve Button Up Shirt,Button Down Shirts,0,0,0,2023-03-01 00:00:00
p_6mr5zpx479,Indigo Wash Straight Fit Comfort Jeans,Jeans,0,0,0,2023-03-01 00:00:00
p_5bvpjy99x9,Ivory Active Jacket,Jacket,0,0,0,2023-03-01 00:00:00
p_23ej4qec4x,Khaki Coaches Jacket,Jacket,0,0,0,2023-03-01 00:00:00
p_ukpa96wyhm,Light Gray Stretch Oxford Long Sleeve Button Up Shirt,Button Down Shirts,0,0,0,2023-03-01 00:00:00
p_mzcrkdhuvj,Light Heather Gray Tall Round Hem Crew Neck T-Shirt,T-Shirts,0,0,0,2023-03-01 00:00:00
p_f7jft6kfqg,Light Indigo Wash Long Sleeve Chambray Shirt,Shirt,0,0,0,2023-03-01 00:00:00
p_ae6rxxhgmc,Medium Indigo Wash Long Sleeve Chambray Shirt,Shirt,0,0,0,2023-03-01 00:00:00
p_4axmubbqfb,Medium Indigo Wash Slim Fit Comfort Jeans,Jeans,0,0,0,2023-03-01 00:00:00
p_6b6wk8uxa6,Military Green Comfort Chino Pants,Pants,0,0,0,2023-03-01 00:00:00
p_ewa8pkqm8u,Military Green Fleece French Terry Jogger,Sweatpants & Joggers,0,0,0,2023-03-01 00:00:00
p_9fu3j9tbue,Military Green Tall Round Hem Crew Neck T-Shirt,T-Shirts,0,0,0,2023-03-01 00:00:00
p_26dpvscejy,Navy Comfort Chino Pants,Pants,0,0,0,2023-03-01 00:00:00
p_gqs2hwpkjy,Navy Commuter Long Sleeve Button Up Shirt,Shirt,0,0,0,2023-03-01 00:00:00
p_e58dmnpc9e,Navy Fleece French Terry Jogger,Sweatpants & Joggers,0,0,0,2023-03-01 00:00:00
p_r3gbt3j2kw,Navy Long Sleeve Button Up Shirt,Shirt,0,0,0,2023-03-01 00:00:00
p_byy2kmxasx,Navy Long Sleeve Lightweight Flannel Shirt,Shirt,0,0,0,2023-03-01 00:00:00
p_dr2dsqwwjd,Navy Performance Lightweight Dress Shirt,Button Down Shirts,0,0,0,2023-03-01 00:00:00
p_2d9wqf9yrd,Navy Puffer Vest,Outerwear Vests,0,0,0,2023-03-01 00:00:00
p_m753ak35t9,Navy Stretch Oxford Long Sleeve Button Up Shirt,Shirt,0,0,0,2023-03-01 00:00:00
p_wzprzguypw,Sandstone Comfort Chino Pants,Pants,0,0,0,2023-03-01 00:00:00
p_fyejvaduhb,Stone Blue Active Jogger,Sweatpants & Joggers,0,0,0,2023-03-01 00:00:00
p_gv8hh5kma3,Stone Stretch Oxford Long Sleeve Button Up Shirt,Button Down Shirts,0,0,0,2023-03-01 00:00:00
p_9absn9mpzt,Suede Brown Comfort Chino Pant,Pants,0,0,0,2023-03-01 00:00:00
p_f3zjdpjr6y,White Active Ankle Socks 3-Pack,Socks,0,0,0,2023-03-01 00:00:00
p_vdzeqmc9rs,White Active Crew Socks 3-Pack,Socks,0,0,0,2023-03-01 00:00:00
p_u9kx69bqms,White Active Never Show Socks 3-Pack,Socks,0,0,0,2023-03-01 00:00:00
p_jybua995rp,White Long Sleeve Button Up Shirt,Button Down Shirts,0,0,0,2023-03-01 00:00:00
p_yabrk8yt6y,White Commuter Long Sleeve Button Up Shirt,Button Down Shirts,0,0,0,2023-03-01 00:00:00
p_jc3jqkdafw,White Commuter Short Sleeve Button Up,Button Down Shirts,0,0,0,2023-03-01 00:00:00
p_hvfwhakq9c,White Performance Lightweight Dress Shirt,Button Down Shirts,0,0,0,2023-03-01 00:00:00
p_btfq53bzn6,White Short Sleeve Active Polo Shirt,Polos,0,0,0,2023-03-01 00:00:00
p_p42j2ebh8r,White Short Sleeve Button Up Shirt,Shirt,0,0,0,2023-03-01 00:00:00
p_xug2xuwpqn,White Stretch Oxford Long Sleeve Button Up Shirt,Shirt,0,0,0,2023-03-01 00:00:00
p_2xrckgaktx,White Tall Round Hem Crew Neck T-Shirt,T-Shirts,0,0,0,2023-03-01 00:00:00
p_p29249kscd,White Waffle Hoodie,Hoodie,0,0,0,2023-03-01 00:00:00
p_395td7np9f,Heather Military Green Short Sleeve Tall Polo Shirt,Polos,0,0,0,2023-03-01 00:00:00
p_tmjb73g498,Heather Navy Short Sleeve Tall Polo Shirt,Polos,0,0,0,2023-03-01 00:00:00
p_p7dtyf9kd8,Heather Pale Blue Short Sleeve V-Neck T-Shirt,T-Shirts,0,0,0,2023-03-01 00:00:00
p_3fgxkpaxye,Heather Seafarer Short Sleeve Polo Shirt,Polos,0,0,0,2023-03-01 00:00:00
p_jre675wesy,Heather Seafarer Short Sleeve Tall Polo Shirt,Polos,0,0,0,2023-03-01 00:00:00
p_mqgpa9st88,Heather Sapphire Short Sleeve V-Neck T-Shirt,T-Shirts,0,0,0,2023-03-01 00:00:00
p_vaexg8brvb,Heather Navy Short Sleeve Tall Crew,T-Shirts,0,0,0,2023-03-01 00:00:00
p_dqknx7njuf,Heather Slate Green Short Sleeve Polo Shirt,Polos,0,0,0,2023-03-01 00:00:00
p_zscv6ea69y,Heather Voyager Short Sleeve Crew Neck T-Shirt,T-Shirts,0,0,0,2023-03-01 00:00:00
p_jzwpw7njj6,Heather Voyager Short Sleeve Polo Shirt,Polos,0,0,0,2023-03-01 00:00:00
p_6e9uas44v6,Heather Voyager Short Sleeve V-Neck T-Shirt,T-Shirts,0,0,0,2023-03-01 00:00:00
p_28xdw49sqx,Indigo Short Sleeve Crew Neck T-Shirt,T-Shirts,0,0,0,2023-03-01 00:00:00
p_79pyfxzssb,Indigo Short Sleeve V-Neck T-Shirt,T-Shirts,0,0,0,2023-03-01 00:00:00
p_cje82wcjgv,Iron Gray Active Crew Neck T-Shirt,T-Shirts,0,0,0,2023-03-01 00:00:00
p_42exp9424a,Light Heather Gray Active Crew Neck T-Shirt,T-Shirts,0,0,0,2023-03-01 00:00:00
p_8v2uvftad7,Light Heather Gray Short Sleeve Crew Neck T-Shirt,T-Shirts,0,0,0,2023-03-01 00:00:00
p_39k28x38p7,Light Heather Gray Short Sleeve Polo Shirt,Polos,0,0,0,2023-03-01 00:00:00
p_cgxstjpjhj,Light Khaki Short Sleeve Crew Neck T-Shirt,T-Shirts,0,0,0,2023-03-01 00:00:00
p_4rudftw6u6,Lilac Gray Short Sleeve V-Neck T-Shirt,T-Shirts,0,0,0,2023-03-01 00:00:00
p_zymrwj8fj9,Mahogany Short Sleeve Crew Neck T-Shirt,T-Shirts,0,0,0,2023-03-01 00:00:00
p_6b99p4bqsk,Mahogany Short Sleeve Polo Shirt,Polos,0,0,0,2023-03-01 00:00:00
p_tgudk6vxpb,Military Beige Short Sleeve V-Neck T-Shirt,T-Shirts,0,0,0,2023-03-01 00:00:00
p_cbxu2v3ntm,Military Green Short Sleeve Active Crew Neck T-Shirt,T-Shirts,0,0,0,2023-03-01 00:00:00
p_j9ak85wp57,Military Green Active Quick Dry Short with Liner,Shorts,0,0,0,2023-03-01 00:00:00
p_tfc9aqbuz4,Military Green Short Sleeve Crew Neck T-Shirt,T-Shirts,0,0,0,2023-03-01 00:00:00
p_ch6qn6a8en,Military Green Short Sleeve V-Neck T-Shirt,T-Shirts,0,0,0,2023-03-01 00:00:00
p_t4px9w63de,Navy Short Sleeve Crew Neck T-Shirt,T-Shirts,0,0,0,2023-03-01 00:00:00
p_cty4s4ehz9,Orange Short Sleeve V-Neck T-Shirt,T-Shirts,0,0,0,2023-03-01 00:00:00
p_wc3k5eupk3,Oxford Blue Short Sleeve V-Neck T-Shirt,T-Shirts,0,0,0,2023-03-01 00:00:00
p_zc2fube8nb,Periwinkle Blue Short Sleeve Polo Shirt,Polos,0,0,0,2023-03-01 00:00:00
p_hed6qt6arh,Raspberry Short Sleeve Polo Shirt,Polos,0,0,0,2023-03-01 00:00:00
p_uwx92gahmk,Mahogany Long Sleeve Henley,T-Shirts,0,0,0,2023-03-01 00:00:00
p_mdphbu2y54,Indigo Long Sleeve T-Shirt,T-Shirts,0,0,0,2023-03-01 00:00:00
p_vhh2e6dge7,Mellow Yellow Short Sleeve Crew Neck T-Shirt,T-Shirts,0,0,0,2023-03-01 00:00:00
p_w24fe8f3xz,Mellow Yellow Short Sleeve V-Neck T-Shirt,T-Shirts,0,0,0,2023-03-01 00:00:00
p_77barf9kfn,Mahogany Long Sleeve Waffle Crew,Sweatshirt,0,0,0,2023-03-01 00:00:00
p_624s29xq4x,Sweater Scarf | Black,Scarf,0,0,0,2023-03-01 00:00:00
p_c4xj5zhjn2,Heather Navy Sweater Button Up Shirt,Button Down Shirts,0,0,0,2023-03-01 00:00:00
p_qek9etj5vj,Heather Voyager Short Sleeve Crew Neck T-Shirt,Shirt,0,0,0,2023-03-01 00:00:00
p_u9qz9yabud,Indigo Wash Slim Fit Comfort Jeans,Jeans,0,0,0,2023-03-01 00:00:00
p_h5b94d3deu,Centurion Short Sleeve Sweater Polo,Polos,0,0,0,2023-03-01 00:00:00
p_erspmns4ce,Heather Seafarer Short Sleeve V-Neck Neck T-Shirt,Shirt,0,0,0,2023-03-01 00:00:00
p_q4h28hmd8q,Never Show Socks | Active | 3-Pack | Black,Socks,0,0,0,2023-03-01 00:00:00
p_aj2ry7xdv9,"Chino Shorts | Comfort | 7"" | Rosewood",Shorts,0,0,0,2023-03-01 00:00:00
p_9y7cp9jumm,"Shorts | Classic Twill | 9"" | Sandstone",Shorts,0,0,0,2023-03-01 00:00:00
p_3pskc4cwbp,"Shorts | Classic Twill | 9"" Khaki",Shorts,0,0,0,2023-03-01 00:00:00
p_6bn53rdnz2,"Shorts | Classic Twill | 9"" | Navy",Shorts,0,0,0,2023-03-01 00:00:00
p_h4877neu4n,Sandstone Commuter Short,Shorts,0,0,0,2023-03-01 00:00:00
p_xsbj94sm6q,Heather Gray Fleece French Terry Short,Shorts,0,0,0,2023-03-01 00:00:00
p_jqam2z9s7w,"Chino Shorts | Comfort | 9"" | Ivory",Shorts,0,0,0,2023-03-01 00:00:00
p_kvcynwabcy,"Chino Shorts | Comfort | 9"" | Sandstone",Shorts,0,0,0,2023-03-01 00:00:00
p_7y7ms9wtr4,Shorts | Active Comfort | Black,Shorts,0,0,0,2023-03-01 00:00:00
p_r5du83g9df,Shorts | Active | Quick Dry with Liner | Black,Swim Shorts,0,0,0,2023-03-01 00:00:00
p_7pvp4dcq5n,Carbon Active Quick Dry Short with Liner,Swim Shorts,0,0,0,2023-03-01 00:00:00
p_gmhetj6qvj,Long Sleeve Button Up Shirt | Stretch Oxford | Banker Blue,Button Down Shirts,0,0,0,2023-03-01 00:00:00
p_8q3s9r6qwu,Hoodie | Active Comfort | Full Zip | Black,Hoodie,0,0,0,2023-03-01 00:00:00
p_fc9era585c,Jacket | Active | Black,Athletic Jackets,0,0,0,2023-03-01 00:00:00
p_m26ckp2n6s,Black Tall Round Hem Crew Neck T-Shirt,T-Shirts,0,0,0,2023-03-01 00:00:00
p_cfg5xu3gvw,Dark Olive Short Sleeve Crew Neck T-Shirt,T-Shirts,0,0,0,2023-03-01 00:00:00
p_yhput7au44,Dark Olive Long Sleeve Henley,T-Shirts,0,0,0,2023-03-01 00:00:00
p_ez9ax3esv6,Emerald Long Sleeve Crew Neck T-Shirt,T-Shirts,0,0,0,2023-03-01 00:00:00
p_8vx6ygsmsd,Heather Gray Hooded Long Sleeve T-Shirt,Hoodie,0,0,0,2023-03-01 00:00:00
p_23ubcbvz89,Heather Gray Never Show Socks 3-Pack,Socks,0,0,0,2023-03-01 00:00:00
p_pz6x448p9t,Heather Gray Short Sleeve Sweater Polo Shirt,Knit Tops,0,0,0,2023-03-01 00:00:00
p_jg78h55jmw,Heather Gray Sweater Beanie,Beanie,0,0,0,2023-03-01 00:00:00
p_w7ysprckp8,Heather Navy Active Comfort Straight Leg Pant,Sweatpants & Joggers,0,0,0,2023-03-01 00:00:00
p_8nnyqj3ewe,Heather Emerald Tall Round Hem Crew Neck T-Shirt,T-Shirts,0,0,0,2023-03-01 00:00:00
p_ttezb89gxf,Heather Mauve Short Sleeve Crew Neck T-Shirt,T-Shirts,0,0,0,2023-03-01 00:00:00
p_qtjb9pcnn3,Heather Navy Active Shell Jacket,Jacket,0,0,0,2023-03-01 00:00:00
p_f92h3kv2cv,Heather Pale Blue Short Sleeve Crew Neck T-Shirt,T-Shirts,0,0,0,2023-03-01 00:00:00
p_vjgaj8nyrd,Heather Gray Sweater Scarf,Scarf,0,0,0,2023-03-01 00:00:00
p_dy7mjs4bpm,Sleeveless Muscle Tee | Active | Light Heather Gray,Tank Top,0,0,0,2023-03-01 00:00:00
p_6sdgsje2m3,Mahogany Fleece French Terry Jogger,Sweatpants & Joggers,0,0,0,2023-03-01 00:00:00
p_xfct3t2vkk,Mahogany Waffle Hoodie,Hoodie,0,0,0,2023-03-01 00:00:00
p_wtnvenruq9,Medium indigo Wash Straight Fit Comfort Jeans,Jeans,0,0,0,2023-03-01 00:00:00
p_v8pfb5wryd,Military Green Waffle Hoodie,Hoodie,0,0,0,2023-03-01 00:00:00
p_x525p5gyt4,Moss Short Sleeve Sweater Polo Shirt,T-Shirts,0,0,0,2023-03-01 00:00:00
p_t58yx24wsb,Navy Hooded Long Sleeve T-Shirt,Sweatshirt,0,0,0,2023-03-01 00:00:00
p_msfd479sz8,Navy Short Sleeve Button Up Shirt,Shirt,0,0,0,2023-03-01 00:00:00
p_mau5qbhasg,Navy Short Sleeve Sweater Polo Shirt,Knit Sweaters,0,0,0,2023-03-01 00:00:00
p_kccxqadagn,Navy Waffle Hoodie,Hoodie,0,0,0,2023-03-01 00:00:00
p_dbg2vhd8gn,Navy Waffle Long Sleeve Crew Neck,Sweatshirt,0,0,0,2023-03-01 00:00:00
p_7kzk6kwsxk,Oatmeal Sweater Hoodie,Hoodie,0,0,0,2023-03-01 00:00:00
p_xhubfpt2bh,Olive Long Sleeve Ripstop Commuter Shirt,Shirt,0,0,0,2023-03-01 00:00:00
p_29wrd4wkfa,Pale Blue Button Up Shirt,Button Down Shirts,0,0,0,2023-03-01 00:00:00
p_u2rhgedcvp,White Long Sleeve Polo Shirt,Polos,0,0,0,2023-03-01 00:00:00
p_5e7t6v6gv8,Heather Sapphire Short Sleeve V-Neck T-Shirt,T-Shirts,0,0,0,2023-03-01 00:00:00
p_wctjf5cy38,Heather Seafarer Short Sleeve Crew Neck T-Shirt,T-Shirts,0,0,0,2023-03-01 00:00:00
p_dxzcer2fk8,Heather Slate Green Short Sleeve Crew Neck T-Shirt,T-Shirts,0,0,0,2023-03-01 00:00:00
p_dbcpnaxxzz,Navy Boxer Briefs 3-Pack,Underwear,0,0,0,2023-03-01 00:00:00
p_4juc2hdg85,Navy Tall Straight Hem Crew Neck T-Shirt,T-Shirts,0,0,0,2023-03-01 00:00:00
p_drc7rrjfsv,Mahogany Long Sleeve T-Shirt,Shirt,0,0,0,2023-03-01 00:00:00
p_rpcku7uhxu,Mahogany Short Sleeve V-Neck T-Shirt,T-Shirts,0,0,0,2023-03-01 00:00:00
p_jj6vbqjbcj,Navy Boxer Trunks 3-Pack,Underwear,0,0,0,2023-03-01 00:00:00
p_zm5cpgbxrk,Sapphire Short Sleeve Crew Neck T-Shirt,T-Shirts,0,0,0,2023-03-01 00:00:00
p_npv4nzv5x2,Sapphire Short Sleeve Polo Shirt,Polos,0,0,0,2023-03-01 00:00:00
p_ps2ys9u9da,Short Sleeve T-Shirt | Crew Neck | Steel,T-Shirts,0,0,0,2023-03-01 00:00:00
p_wue6hk6hmr,Short Sleeve T-Shirt | V-Neck | Steel,T-Shirts,0,0,0,2023-03-01 00:00:00
p_avsdr3kjaw,Military Green Boxer Briefs 3-Pack,Underwear,0,0,0,2023-03-01 00:00:00
p_9xxg4dd5wv,Navy Tall Long Sleeve T-Shirt,Shirt,0,0,0,2023-03-01 00:00:00
p_4qvba3a9f7,Off White Short Sleeve Crew Neck T-Shirt,T-Shirts,0,0,0,2023-03-01 00:00:00
p_rh632vzkvf,Raspberry Short Sleeve Crew Neck T-Shirt,T-Shirts,0,0,0,2023-03-01 00:00:00
p_jgnjyyepyv,White Short Sleeve Crew Neck T-Shirt,T-Shirts,0,0,0,2023-03-01 00:00:00
p_2nzpxxx9qd,White Tall Long Sleeve T-Shirt,T-Shirts,0,0,0,2023-03-01 00:00:00
p_fsr8s5rfne,Navy Tall Active Crew Neck,T-Shirts,0,0,0,2023-03-01 00:00:00
p_xzhwz3h8uh,Heather Light Khaki Crew Neck,Sweatshirt,0,0,0,2023-03-01 00:00:00
p_g2f7b4qvq8,Kelly Green Short Sleeve Crew Neck T-Shirt,T-Shirts,0,0,0,2023-03-01 00:00:00
p_jdmt24d7hn,Pale Blue Short Sleeve Crew Neck T-Shirt,T-Shirts,0,0,0,2023-03-01 00:00:00
p_xx645fy2er,Pink Opal Short Sleeve Crew Neck T-Shirt,T-Shirts,0,0,0,2023-03-01 00:00:00
p_m9zcd62yqy,Sandstone Short Sleeve Crew Neck T-Shirt,T-Shirts,0,0,0,2023-03-01 00:00:00
p_4m97kku3wq,Tan 499 Short Sleeve Crew Neck T-Shirt,T-Shirts,0,0,0,2023-03-01 00:00:00
p_6q2v79acx5,Light Blue Short Sleeve V-Neck T-Shirt,T-Shirts,0,0,0,2023-03-01 00:00:00
p_ce7amvu2k2,Light Heather Short Sleeve Gray V-Neck T-Shirt,T-Shirts,0,0,0,2023-03-01 00:00:00
p_ar4zzgjk5p,Periwinkle Blue Short Sleeve Crew Neck T-Shirt,T-Shirts,0,0,0,2023-03-01 00:00:00
p_e34ttzx6kf,True Red Short Sleeve Crew Neck T-Shirt,T-Shirts,0,0,0,2023-03-01 00:00:00
p_qsrzg2ce35,Turquoise Short Sleeve Crew Neck T-Shirt,T-Shirts,0,0,0,2023-03-01 00:00:00
p_bg7f7edphc,Stone Blue Active Comfort Short,Shorts,0,0,0,2023-03-01 00:00:00
p_ka34xhhhr8,Indigo Boxer Briefs 3-Pack,Underwear,0,0,0,2023-03-01 00:00:00
p_axzk47pvme,Teal Boxer Briefs 3-Pack,Underwear,0,0,0,2023-03-01 00:00:00
p_cnrb9yncvy,White Half Crew Sock 3-Pack,Socks,0,0,0,2023-03-01 00:00:00
p_pkqtyg3hqm,White Never Show Socks 3-Pack,Socks,0,0,0,2023-03-01 00:00:00
p_8q6fwp8wgq,Yellow Short Sleeve Polo Shirt,Polos,0,0,0,2023-03-01 00:00:00
p_8497zwuxp3,Mahogany Fleece French Terry Pullover Crew Sweatshirt,Sweatshirt,0,0,0,2023-03-01 00:00:00
p_dcqnnrpypu,Long Sleeve Tee And Jogger Set | Loungewear | Charcoal Heather Gray,Sweatshirt,0,0,0,2023-03-01 00:00:00
p_cc9s42vn4x,Short Sleeve Tee And Pant Set | Loungewear | Charcoal Heather Gray,Sweatpants & Joggers,0,0,0,2023-03-01 00:00:00
p_zwuqmdbfnt,Charcoal Heather Gray Short Sleeve Tall Active Crew Neck,T-Shirts,0,0,0,2023-03-01 00:00:00
p_un65wg283k,Long Sleeve Tee And Jogger Set | Loungewear | Heather Navy,Sweatshirt,0,0,0,2023-03-01 00:00:00
p_pqxd5rn6d9,Short Sleeve Tee And Pant Set | Loungewear | Heather Navy,Lounge Sweatpants & Joggers,0,0,0,2023-03-01 00:00:00
p_pznn6yemfk,Heather Navy Quarter Zip Performance Shirt,Athletic Tops,0,0,0,2023-03-01 00:00:00
p_f8nexh4476,Heather Navy Short Sleeve Tall Active Crew Neck,T-Shirts,0,0,0,2023-03-01 00:00:00
p_v4vw7cyjx6,White Short Sleeve Tall Active Crew Neck,T-Shirts,0,0,0,2023-03-01 00:00:00
p_fbcq86jv23,Heather Dusty Pink Short Sleeve V-Neck T-Shirt,T-Shirts,0,0,0,2023-03-01 00:00:00
p_d47n8u8fab,Black Long Sleeve Henley,Shirt,0,0,0,2023-03-01 00:00:00
p_7ekanr458k,Heather Burgundy Active Crew Neck T-Shirt,Shirt,0,0,0,2023-03-01 00:00:00
p_adhb2jnwk7,Military Green Tall Straight Hem Crew Neck T-Shirt,T-Shirts,0,0,0,2023-03-01 00:00:00
p_4xegh3d2dq,White Short Sleeve Active Polo Shirt,Polos,0,0,0,2023-03-01 00:00:00
p_jgj485u9gx,Heather Gray Hooded Long Sleeve T-Shirt,Hoodie,0,0,0,2023-03-01 00:00:00
p_5uvd4uv28m,Mahogany Waffle Hoodie,Hoodie,0,0,0,2023-03-01 00:00:00
p_qh5ucmcku5,Military Green Waffle Hoodie,Hoodie,0,0,0,2023-03-01 00:00:00
p_wrcbv4f2uu,Navy Hooded Long Sleeve T-Shirt,Sweatshirt,0,0,0,2023-03-01 00:00:00
p_3rcm54jqbs,Navy Waffle Hoodie,Hoodie,0,0,0,2023-03-01 00:00:00
p_vjd833ph3z,White Waffle Hoodie,Hoodie,0,0,0,2023-03-01 00:00:00
p_5uapency29,Navy Waffle Long Sleeve Crew Neck,Sweatshirt,0,0,0,2023-03-01 00:00:00
p_4ssfur9upr,Pale Blue Button Up Shirt,Button Down Shirts,0,0,0,2023-03-01 00:00:00
p_u9t2zm725p,Short Sleeve Active Polo Shirt | Black,Polos,0,0,0,2023-03-01 00:00:00
p_mnk33hmpwg,White Short Sleeve Active Polo,Polos,0,0,0,2023-03-01 00:00:00
p_ch7bwuavhv,Heather Gray Sweater Scarf,Scarf,0,0,0,2023-03-01 00:00:00
p_5crt48k7v7,Navy Short Sleeve Button Up Shirt,Shirt,0,0,0,2023-03-01 00:00:00
p_r6t642amsw,White Short Sleeve Button Up Shirt,Shirt,0,0,0,2023-03-01 00:00:00
p_pzx9wvv4qb,Heather Mauve Short Sleeve Crew Neck T-Shirt,T-Shirts,0,0,0,2023-03-01 00:00:00
p_tvdv27amhe,Heather Navy Active Comfort Straight Leg Pant,Sweatpants & Joggers,0,0,0,2023-03-01 00:00:00
p_2rhbv3znrg,Heather Navy Active Shell Jacket,Jacket,0,0,0,2023-03-01 00:00:00
p_ne28r8hbv2,Heather Seafarer Short Sleeve Crew Neck T-Shirt,T-Shirts,0,0,0,2023-03-01 00:00:00
p_yxq99tj7cv,Heather Slate Green Short Sleeve Crew Neck T-Shirt,Shirt,0,0,0,2023-03-01 00:00:00
p_2mwcc7hpkx,Light Heather Gray Sleeveless Active Muscle Tee,Tank Top,0,0,0,2023-03-01 00:00:00
p_cyyubbh7u4,Mahogany Fleece French Terry Jogger,Sweatpants & Joggers,0,0,0,2023-03-01 00:00:00
p_fqsqmarq3k,Mahogany Long Sleeve T-Shirt,Shirt,0,0,0,2023-03-01 00:00:00
p_r6f5ekuzmt,Mahogany V-Neck T-Shirt,Shirt,0,0,0,2023-03-01 00:00:00
p_zm7a3rkwma,Navy Tall Straight Hem Crew Neck T-Shirt,T-Shirts,0,0,0,2023-03-01 00:00:00
p_qktubda8xw,Heather Sapphire Short Sleeve V-Neck T-Shirt,T-Shirts,0,0,0,2023-03-01 00:00:00
p_bpux6v6hy3,Moss Short Sleeve Sweater Polo Shirt,T-Shirts,0,0,0,2023-03-01 00:00:00
p_x53atty9z2,Steel Short Sleeve V-Neck T-Shirt,T-Shirts,0,0,0,2023-03-01 00:00:00
p_55tcz9qg6f,Black Boxer Briefs 3-Pack,Underwear,0,0,0,2023-03-01 00:00:00
p_3t9x6drd9q,Never Show Socks | 3-Pack | Black,Socks,0,0,0,2023-03-01 00:00:00
p_9u87cuwg9k,Carbon Boxer Briefs 3-Pack,Underwear,0,0,0,2023-03-01 00:00:00
p_wuqcj8q3tb,Heather Gray Never Show Socks 3-Pack,Socks,0,0,0,2023-03-01 00:00:00
p_hj4kerceu3,Heather Gray Sweater Beanie,Beanie,0,0,0,2023-03-01 00:00:00
p_zkfhub8juv,Indigo Boxer Briefs 3-Pack,Underwear,0,0,0,2023-03-01 00:00:00
p_gky7ujn5kk,Military Green Boxer Briefs 3-Pack,Underwear,0,0,0,2023-03-01 00:00:00
p_hcstkqf7xs,Navy Boxer Briefs 3-Pack,Underwear,0,0,0,2023-03-01 00:00:00
p_vvxrx4e62u,Navy Boxer Trunks 3-Pack,Underwear,0,0,0,2023-03-01 00:00:00
p_ebtxk5mjkc,Teal Boxer Briefs 3-Pack,Underwear,0,0,0,2023-03-01 00:00:00
p_n52bwwvypc,White Active Crew Socks 3-Pack,Socks,0,0,0,2023-03-01 00:00:00
p_ngty2gftav,White Active Never Show Socks 3-Pack,Socks,0,0,0,2023-03-01 00:00:00
p_kdjpvxj7fs,White Half Crew Sock 3-Pack,Socks,0,0,0,2023-03-01 00:00:00
p_yefeaupknw,White Never Show Socks 3-Pack,Socks,0,0,0,2023-03-01 00:00:00
p_39acmqrp48,White Never Show Socks 3-Pack,Socks,0,0,0,2023-03-01 00:00:00
p_ntuxn2s2c5,Yellow Polo,Polos,0,0,0,2023-03-01 00:00:00
p_d53wqyy6nw,Oatmeal Sweater Hoodie,Hoodie,0,0,0,2023-03-01 00:00:00
p_xqd85rvpxs,Black Puffer Jacket,Puffer Jackets,0,0,0,2023-03-01 00:00:00
p_cad333s5q5,Heather Burgundy Active Long Sleeve Crew Neck,Sweatshirt,0,0,0,2023-03-01 00:00:00
p_heevyaqhce,"9"" Sandstone Classic Twill Shorts",Shorts,0,0,0,2023-03-01 00:00:00
p_yptjy3dzdz,"Shorts | Classic Twill | 7"" | Navy",Shorts,0,0,0,2023-03-01 00:00:00
p_v7wa7rn4tb,"Shorts | Classic Twill | 9"" | Khaki",Shorts,0,0,0,2023-03-01 00:00:00
p_x53vukk5e9,"Shorts | Classic Twill | 9"" | Meadow",Shorts,0,0,0,2023-03-01 00:00:00
p_yacuttmhrh,"9"" Navy Classic Twill Shorts",Shorts,0,0,0,2023-03-01 00:00:00
p_2432p8f6a5,"Shorts | Active Training | 7"" | Navy",Shorts,0,0,0,2023-03-01 00:00:00
p_64vbv6tpdm,Heather Gray Fleece French Terry Shorts,Shorts,0,0,0,2023-03-01 00:00:00
p_bmga62pefz,"9"" Sandstone Comfort Chino Shorts",Shorts,0,0,0,2023-03-01 00:00:00
p_b9pagk3ugb,Shorts | Active Comfort | Black,Shorts,0,0,0,2023-03-01 00:00:00
p_yn26dfj46r,Dark Heather Burgundy Active Comfort Short,Swim Shorts,0,0,0,2023-03-01 00:00:00
p_pe2azubxe8,Dark Heather Indigo Active Comfort Short,Shorts,0,0,0,2023-03-01 00:00:00
p_p58c6d9vvb,Dark Heather Military Green Active Comfort Short,Shorts,0,0,0,2023-03-01 00:00:00
p_6uh7rmkygu,Black Active Quick Dry Short with Liner,Swim Shorts,0,0,0,2023-03-01 00:00:00
p_wdbckwxtef,Carbon Active Quick Dry Short with Liner,Swim Shorts,0,0,0,2023-03-01 00:00:00
p_use9g4kaed,Black Active Never Show Socks 3-Pack,Socks,0,0,0,2023-03-01 00:00:00
p_85umjtnpsy,Sweater Scarf | Black,Scarf,0,0,0,2023-03-01 00:00:00
p_atrr9sdp25,Charcoal Heather Gray Short Sleeve Tall Polo Shirt,Polos,0,0,0,2023-03-01 00:00:00
p_9h2qsu97ew,Dark Heather Navy Active Comfort Short,Shorts,0,0,0,2023-03-01 00:00:00
p_znadcksnfx,Reversible Casual Belt,Belt,0,0,0,2023-03-01 00:00:00
p_rbz7y8npg6,Indigo Wash Slim Fit Comfort Jeans,Jeans,0,0,0,2023-03-01 00:00:00
p_p54vvkv29d,Light Heather Gray Quarter Zip Performance Shirt,Athletic Tops,0,0,0,2023-03-01 00:00:00
p_rujp4wvbzv,Mahogany Long Sleeve Waffle Crew,Sweatshirt,0,0,0,2023-03-01 00:00:00
p_vsyjxxtp4a,Navy Short Sleeve Active Polo Shirt,Polos,0,0,0,2023-03-01 00:00:00
p_tfhcx4fbf5,Heather Gray Never Show Socks 3-Pack,Socks,0,0,0,2023-03-01 00:00:00
p_ggkq2n25rk,Carbon Waffle Hoodie,Hoodie,0,0,0,2023-03-01 00:00:00
p_fsar8whm4b,Dark Oak Waffle Hoodie,Hoodie,0,0,0,2023-03-01 00:00:00
p_nqbh5bzsfh,Heather Gray Long Sleeve Polo,Polos,0,0,0,2023-03-01 00:00:00
p_ter2rcscz6,Heather Gray Waffle Hoodie,Hoodie,0,0,0,2023-03-01 00:00:00
p_5z9rynrdat,Dark Oak Long Sleeve Waffle Crew,Sweatshirt,0,0,0,2023-03-01 00:00:00
p_ap2c64hjnc,Dark Olive Long Sleeve Waffle Crew,Shirt,0,0,0,2023-03-01 00:00:00
p_zwzpj7gynb,Deep Sea Blue Long Sleeve Waffle Crew,T-Shirts,0,0,0,2023-03-01 00:00:00
p_ejzn2bhevc,Evergreen Heather Long Sleeve Waffle Crew,Sweatshirt,0,0,0,2023-03-01 00:00:00
p_456rdfdknv,Navy Long Sleeve Button Up Shirt,Shirt,0,0,0,2023-03-01 00:00:00
p_9ueremsrcn,Heather Navy Short Sleeve Loungewear Tee,T-Shirts,0,0,0,2023-03-01 00:00:00
p_pxj9zkmurj,Charcoal Heather Active Comfort Pullover Hoodie,Hoodie,0,0,0,2023-03-01 00:00:00
p_ab6dzqm4qc,Charcoal Heather Gray Fleece French Terry Jogger,Sweatpants & Joggers,0,0,0,2023-03-01 00:00:00
p_r7g7s9ued2,Dark Olive Fleece Shacket,Jacket,0,0,0,2023-03-01 00:00:00
p_pevetyjchy,Heather Dark Oak V-Neck T-Shirt,Screen Printed T-Shirts,0,0,0,2023-03-01 00:00:00
p_7bmm7jjbng,Heather Gray Long Sleeve Lightweight Flannel Shirt,Button Down Shirts,0,0,0,2023-03-01 00:00:00
p_jdy7juawjw,Heather Gray Pique Crew Sweater,Knit Sweaters,0,0,0,2023-03-01 00:00:00
p_hdbwf4s669,Heather Gray Tall Straight Hem Crew Neck T-Shirt,T-Shirts,0,0,0,2023-03-01 00:00:00
p_zsnvka2svc,Heather Mist Short Sleeve Crew Neck T-Shirt,T-Shirts,0,0,0,2023-03-01 00:00:00
p_h4edseg6hf,Heather Navy Active Comfort Pullover Hoodie,Hoodie,0,0,0,2023-03-01 00:00:00
p_n6kve3ddkw,Heather Navy Long Sleeve Ripstop Commuter Shirt,Shirt,0,0,0,2023-03-01 00:00:00
p_h8jucbuvcu,Heather Navy Pique Crew Sweater,Knit Sweaters,0,0,0,2023-03-01 00:00:00
p_sxcevd7ww2,Heather Oatmeal Crew Neck Sweater,Knit Sweaters,0,0,0,2023-03-01 00:00:00
p_ex8zw8z5dh,Heather Sapphire Short Sleeve Crew Neck T-Shirt,T-Shirts,0,0,0,2023-03-01 00:00:00
p_fdgw8vn8mw,Indigo Wash Straight Fit Comfort Jeans,Jeans,0,0,0,2023-03-01 00:00:00
p_gkhuhrbvc5,Light Indigo Wash Long Sleeve Chambray Shirt,Shirt,0,0,0,2023-03-01 00:00:00
p_5ez35speq8,Medium Indigo Wash Long Sleeve Chambray Shirt,Shirt,0,0,0,2023-03-01 00:00:00
p_36tbyhq9p3,Navy Fleece Shacket,Shirt Jackets,0,0,0,2023-03-01 00:00:00
p_grdphsazq4,Reversible Dress Belt,Belt,0,0,0,2023-03-01 00:00:00
p_qj9xh26ctj,Sapphire Short Sleeve Crew Neck T-Shirt,Screen Printed T-Shirts,0,0,0,2023-03-01 00:00:00
p_7nraatq97j,Steel Short Sleeve Crew Neck T-Shirt,T-Shirts,0,0,0,2023-03-01 00:00:00
p_37z5p8b2wz,Heather Dark Orchid Short Sleeve Vee Neck T-Shirt,Shirt,0,0,0,2023-03-01 00:00:00
p_rr9yu69cdx,Heather Mist Short Sleeve Vee Neck T-Shirt,T-Shirts,0,0,0,2023-03-01 00:00:00
p_7fgbszq45t,Heather Voyager Short Sleeve Vee Neck T-Shirt,T-Shirts,0,0,0,2023-03-01 00:00:00
p_aj728cj6p2,Reversible Casual Belt,Belt,0,0,0,2023-03-01 00:00:00
p_wkggwhgxue,Navy Long Sleeve Lightweight Flannel Shirt,Shirt,0,0,0,2023-03-01 00:00:00
p_8fx2h79sez,Black Slippers,Slippers,0,0,0,2023-03-01 00:00:00
p_cguvv472kt,Heather Navy Loungewear Pant,Pants,0,0,0,2023-03-01 00:00:00
p_e6aypq2yyn,Charcoal Heather Active Comfort Full Zip Hoodie,Hoodie,0,0,0,2023-03-01 00:00:00
p_zg2kz56sep,Khaki Coaches Jacket,Jacket,0,0,0,2023-03-01 00:00:00
p_v6xzqb4euh,Electric Blue Polo,Polos,0,0,0,2023-03-01 00:00:00
p_kyjxexravk,Heather Gray Active Crew Socks 3-Pack,Socks,0,0,0,2023-03-01 00:00:00
p_v4pawc4ufa,Heather Gray Ankle Socks 3-Pack,Socks,0,0,0,2023-03-01 00:00:00
p_r3b5cqykd8,Heather Gray Never Show Socks 3-Pack,Socks,0,0,0,2023-03-01 00:00:00
p_xsa4epqty5,Mahogany Polo,Polos,0,0,0,2023-03-01 00:00:00
p_perj37fvaa,Periwinkle Blue Polo,Polos,0,0,0,2023-03-01 00:00:00
p_ump27mtkuq,Raspberry Polo,Polos,0,0,0,2023-03-01 00:00:00
p_szsv98dxsn,White Active Ankle Socks 3-Pack,Socks,0,0,0,2023-03-01 00:00:00
p_yvahsdbd7s,Heather Seafarer Short Sleeve Polo,Polos,0,0,0,2023-03-01 00:00:00
p_njb9h744v3,Indigo Rinse Straight Authentic Stretch Jeans,Jeans,0,0,0,2023-03-01 00:00:00
p_nyn3pcwdu8,Light Indigo Wash Slim Authentic Stretch Jeans,Jeans,0,0,0,2023-03-01 00:00:00
p_9f3wn27yj9,Indigo Rinse Slim Authentic Stretch Jeans,Jeans,0,0,0,2023-03-01 00:00:00
p_3dxryrdx2k,Medium Indigo Wash Slim Authentic Stretch Jeans,Jeans,0,0,0,2023-03-01 00:00:00
p_75westm75x,Light Indigo Wash Straight Authentic Stretch Jeans,Jeans,0,0,0,2023-03-01 00:00:00
p_7sfgw9sa4n,Medium Indigo Wash Straight Authentic Stretch Jeans,Jeans,0,0,0,2023-03-01 00:00:00
p_sy5ta2zsks,Heather Cayenne Short Sleeve Crew Neck T-Shirt,Shirt,0,0,0,2023-03-01 00:00:00
p_qcke957864,"Chino Shorts | Comfort | 7"" | Military Green",Shorts,0,0,0,2023-03-01 00:00:00
p_uy62gqzk94,"Shorts | Comfort Chino | 7"" | Sapphire",Shorts,0,0,0,2023-03-01 00:00:00
p_svgga79dfc,"Chino Shorts | Comfort | 7"" | Slate Green",Shorts,0,0,0,2023-03-01 00:00:00
p_n2cq64ucyu,"9"" Sapphire Comfort Chino Short",Shorts,0,0,0,2023-03-01 00:00:00
p_hubt8gp9tb,"9"" Slate Green Comfort Chino Short",Shorts,0,0,0,2023-03-01 00:00:00
p_vahhav9rn7,"Shorts | Classic Twill | 9"" | Black",Shorts,0,0,0,2023-03-01 00:00:00
p_jxeh4td3j3,"Shorts | 9"" | Classic Twill | Centurion",Shorts,0,0,0,2023-03-01 00:00:00
p_3mav9fu9q9,"Shorts | Active Training 7"" | Black",Shorts,0,0,0,2023-03-01 00:00:00
p_3he4jy8f99,"Shorts | Active Training | 7"" | Carbon",Shorts,0,0,0,2023-03-01 00:00:00
p_sdkp4ngqy8,"Shorts | Active Training | 7"" | Sandstone",Shorts,0,0,0,2023-03-01 00:00:00
p_n5vm5c3nb9,"Chino Shorts | Comfort | 7"" | Black",Shorts,0,0,0,2023-03-01 00:00:00
p_t3995sdwge,"Shorts | Comfort Chino | 7"" | Carbon",Shorts,0,0,0,2023-03-01 00:00:00
p_ys9u6f3mbt,"Chino Shorts | Comfort | 7"" | Khaki",Shorts,0,0,0,2023-03-01 00:00:00
p_2vpu7ymaay,Black Commuter Short,Shorts,0,0,0,2023-03-01 00:00:00
p_jnvzcqrwxp,Khaki Commuter Short,Shorts,0,0,0,2023-03-01 00:00:00
p_pgq6zgcvgq,Black Fleece French Terry Short,Shorts,0,0,0,2023-03-01 00:00:00
p_8hbywkfrwc,Military Green Fleece French Terry Short,Shorts,0,0,0,2023-03-01 00:00:00
p_v7655zp7an,"Chino Shorts | Comfort | 9"" | Black",Shorts,0,0,0,2023-03-01 00:00:00
p_29aky289rv,Navy Fleece French Terry Short,Shorts,0,0,0,2023-03-01 00:00:00
p_juczmrnmtc,"Shorts | Comfort Chino | 9"" | Carbon",Shorts,0,0,0,2023-03-01 00:00:00
p_jw2fyemxq7,"9"" Khaki Comfort Chino Short",Shorts,0,0,0,2023-03-01 00:00:00
p_uqn6yzvkpa,"9"" Navy Comfort Chino Short",Shorts,0,0,0,2023-03-01 00:00:00
p_8an2wybh3y,Charcoal Heather Gray Active Comfort Short,Athletic Shorts,0,0,0,2023-03-01 00:00:00
p_aw48ckctp9,Burgundy Active Quick Dry Short with Liner,Swim Shorts,0,0,0,2023-03-01 00:00:00
p_vey4w66jst,Military Green Active Quick Dry Short with Liner,Shorts,0,0,0,2023-03-01 00:00:00
p_nuk7mzc8jt,Navy Active Quick Dry Short with Liner,Swim Shorts,0,0,0,2023-03-01 00:00:00
p_r2e57cmagz,Joggers | Active | Black,Sweatpants & Joggers,0,0,0,2023-03-01 00:00:00
p_csr594d6ws,Heather Navy Loungewear Jogger,Sweatpants & Joggers,0,0,0,2023-03-01 00:00:00
p_2krzrc4m74,Carbon Fleece French Terry Jogger,Sweatpants & Joggers,0,0,0,2023-03-01 00:00:00
p_phdjj3n8yh,Heather Gray Fleece French Terry Joggers,Sweatpants & Joggers,0,0,0,2023-03-01 00:00:00
p_eaxfgdw35q,Medium Gray Wash Slim Fit Comfort Jeans,Jeans,0,0,0,2023-03-01 00:00:00
p_wcjsyc8zup,Medium Gray Wash Straight Fit Comfort Jeans,Jeans,0,0,0,2023-03-01 00:00:00
p_qjxt4q7gff,Military Green Coaches Jacket,Jacket,0,0,0,2023-03-01 00:00:00
p_fm6edfx4ep,Military Green Fleece French Terry Jogger,Sweatpants & Joggers,0,0,0,2023-03-01 00:00:00
p_28tc85jmdq,Military Green Waffle Long Sleeve Crew Neck,Sweatshirt,0,0,0,2023-03-01 00:00:00
p_mxsupz7eaq,Navy Coaches Jacket,Jacket,0,0,0,2023-03-01 00:00:00
p_qqk283mjjn,Navy Fleece French Terry Jogger,Sweatpants & Joggers,0,0,0,2023-03-01 00:00:00
p_xanpax5dbd,True Red Polo,Polos,0,0,0,2023-03-01 00:00:00
p_mrvwze8wph,White Ankle Socks 3-Pack,Socks,0,0,0,2023-03-01 00:00:00
p_ga52js5nmp,White Never Show Socks 3-Pack,Socks,0,0,0,2023-03-01 00:00:00
p_yhe8c62x9c,Heather Navy Quarter Zip Performance Shirt,Athletic Tops,0,0,0,2023-03-01 00:00:00
p_a7p3mw83t9,Heather Military Green Active Long Sleeve Crew Neck,T-Shirts,0,0,0,2023-03-01 00:00:00
p_rwwrukwyz9,Charcoal Heather Gray Short Sleeve Tall Active Crew Neck,T-Shirts,0,0,0,2023-03-01 00:00:00
p_qy223hzmfv,White Short Sleeve Tall Active Crew Neck,T-Shirts,0,0,0,2023-03-01 00:00:00
p_hfj965wa8c,Charcoal Heather Gray Loungewear Long Sleeve Tee And Jogger Set,Sweatshirt,0,0,0,2023-03-01 00:00:00
p_f3v8s3b963,Charcoal Heather Gray Loungewear Short Sleeve Tee And Pant Set,Sweatpants & Joggers,0,0,0,2023-03-01 00:00:00
p_3vtx7z4d8y,Heather Dusty Pink V-Neck T-Shirt,Screen Printed T-Shirts,0,0,0,2023-03-01 00:00:00
p_3kckyj2khu,Heather Navy Loungewear Short Sleeve Tee And Pant Set,Lounge Sweatpants & Joggers,0,0,0,2023-03-01 00:00:00
p_wj3u3m87yx,Short Sleeve T-Shirt | Active | Crew Neck | Black,T-Shirts,0,0,0,2023-04-01 00:00:00
p_svsvrfrcb6,Black Active Long Sleeve Crew Neck T-Shirt,T-Shirts,0,0,0,2023-04-01 00:00:00
p_vjfh4zw9pd,Short Sleeve Active Polo Shirt | Black,Polos,0,0,0,2023-04-01 00:00:00
p_2gwdmudpww,Long Sleeve Shirt | Crew Neck | Black,Shirt,0,0,0,2023-04-01 00:00:00
p_p6zw3xeg4v,Short Sleeve T-Shirt | Crew Neck | Black,T-Shirts,0,0,0,2023-04-01 00:00:00
p_8jmz33scf8,Sweatshirt | Pullover Crew Neck | Fleece French Terry | Black,Sweatshirt,0,0,0,2023-04-01 00:00:00
p_26twzeayzk,Pullover Hoodie | Fleece French Terry | Black,Hoodie,0,0,0,2023-04-01 00:00:00
p_xnzebcgf9j,Zip Hoodie | Fleece French Terry | Black,Hoodie,0,0,0,2023-04-01 00:00:00
p_v9vmgr3m4t,Polo Shirt | Black,Polos,0,0,0,2023-04-01 00:00:00
p_uwm4psyppk,Black Tall Straight Hem Crew Neck T-Shirt,T-Shirts,0,0,0,2023-04-01 00:00:00
p_s7yfamyjwt,Black V-Neck T-Shirt,T-Shirts,0,0,0,2023-04-01 00:00:00
p_htnnbrvvmk,Carbon Active Crew Neck,T-Shirts,0,0,0,2023-04-01 00:00:00
p_rgamhxuwjz,Carbon Crew Neck Long Sleeve,Shirt,0,0,0,2023-04-01 00:00:00
p_szpx92nwke,Carbon Fleece French Terry Zip Hoodie,Hoodie,0,0,0,2023-04-01 00:00:00
p_prm2runmas,Carbon Long Sleeve Henley,T-Shirts,0,0,0,2023-04-01 00:00:00
p_gf9pckvcm8,Carbon Short Sleeve Polo Shirt,Polos,0,0,0,2023-04-01 00:00:00
p_ujs2rxbwwy,Charcoal Heather Gray Active Long Sleeve Crew Neck,T-Shirts,0,0,0,2023-04-01 00:00:00
p_73vqwcfbpf,Charcoal Heather Gray Short Sleeve Active Polo Shirt,Polos,0,0,0,2023-04-01 00:00:00
p_9744mpdv5n,Charcoal Heather Gray Long Sleeve,Shirt,0,0,0,2023-04-01 00:00:00
p_3dh3myqfyq,Charcoal Heather Gray Polo,Polos,0,0,0,2023-04-01 00:00:00
p_yjazyejt4q,Charcoal Heather Gray V-Neck,Shirt,0,0,0,2023-04-01 00:00:00
p_xhhgk2nnba,Heather Burgundy Crew Neck T-Shirt,Shirt,0,0,0,2023-04-01 00:00:00
p_gbd3qsz25s,Heather Charcoal Gray Crew Neck T-Shirt,Shirt,0,0,0,2023-04-01 00:00:00
p_ea2gekbzfm,Heather Gray Crew Neck Long Sleeve,T-Shirts,0,0,0,2023-04-01 00:00:00
p_bdybxrzhhw,Heather Gray Fleece French Terry Pullover Hoodie,Hoodie,0,0,0,2023-04-01 00:00:00
p_cz4mtzemgt,Heather Gray Fleece French Terry Zip Hoodie,Hoodie,0,0,0,2023-04-01 00:00:00
p_ddgsdeyzu9,Heather Gray Long Sleeve Henley,T-Shirts,0,0,0,2023-04-01 00:00:00
p_5rc5ezqwny,Heather Gray Short Sleeve Polo Shirt,Polos,0,0,0,2023-04-01 00:00:00
p_shhxbvvxxp,Heather Indigo Active Crew Neck T-Shirt,T-Shirts,0,0,0,2023-04-01 00:00:00
p_4fs9u74y4x,Heather Indigo Crew Neck Long Sleeve,T-Shirts,0,0,0,2023-04-01 00:00:00
p_hmkhv4g497,Heather Indigo Crew Neck T-Shirt,Shirt,0,0,0,2023-04-01 00:00:00
p_s6hq3cbp99,Heather Indigo Short Sleeve Polo Shirt,Polos,0,0,0,2023-04-01 00:00:00
p_5q6tnqwruf,Heather Light Gray Active Long Sleeve Crew Neck,T-Shirts,0,0,0,2023-04-01 00:00:00
p_ggx5q9x8xm,Heather Military Green Active Crew Neck T-Shirt,Shirt,0,0,0,2023-04-01 00:00:00
p_xngupz8qg8,Heather Military Green Active Long Sleeve Crew Neck,T-Shirts,0,0,0,2023-04-01 00:00:00
p_pzg4uy9ru4,Heather Military Green Short Sleeve Active Polo Shirt,Polos,0,0,0,2023-04-01 00:00:00
p_kajnxmygka,Heather Military Green Crew Neck T-Shirt,Shirt,0,0,0,2023-04-01 00:00:00
p_95axe6dfn6,Heather Navy Active Crew Neck T-Shirt,T-Shirts,0,0,0,2023-04-01 00:00:00
p_5kpddtqty2,Heather Navy Active Long Sleeve Crew Neck,T-Shirts,0,0,0,2023-04-01 00:00:00
p_ccse4psnan,Heather Navy Crew Neck Long Sleeve,T-Shirts,0,0,0,2023-04-01 00:00:00
p_ug6duq4hvt,Heather Navy Crew Neck T-Shirt,Shirt,0,0,0,2023-04-01 00:00:00
p_vrmxbznmh9,Indigo Long Sleeve Henley,Shirt,0,0,0,2023-04-01 00:00:00
p_bhfd33ejhy,Indigo Short Sleeve Polo Shirt,Polos,0,0,0,2023-04-01 00:00:00
p_955cnseek9,Light Heather Gray Crew Neck Long Sleeve,T-Shirts,0,0,0,2023-04-01 00:00:00
p_6zjn28jf23,Military Green Crew Neck Long Sleeve,Shirt,0,0,0,2023-04-01 00:00:00
p_shcbhfeqaq,Military Green Fleece French Terry Pullover Crew Neck Sweatshirt,Sweatshirt,0,0,0,2023-04-01 00:00:00
p_3wz546brng,Military Green Fleece French Terry Pullover Hoodie,Hoodie,0,0,0,2023-04-01 00:00:00
p_8q6kvd32nc,Military Green Fleece French Terry Zip Hoodie,Hoodie,0,0,0,2023-04-01 00:00:00
p_brwwn6xkwh,Military Green Long Sleeve Henley,T-Shirts,0,0,0,2023-04-01 00:00:00
p_mwv4sjthwt,Military Green Short Sleeve Polo Shirt,Polos,0,0,0,2023-04-01 00:00:00
p_vtkmnr87v2,Navy Active Crew Neck T-Shirt,T-Shirts,0,0,0,2023-04-01 00:00:00
p_tpzfdnukzs,Navy Active Long Sleeve Crew Neck,T-Shirts,0,0,0,2023-04-01 00:00:00
p_bptwztkuks,Navy Short Sleeve Active Polo Shirt,Polos,0,0,0,2023-04-01 00:00:00
p_tjh5t8a6tw,Navy Crew Neck Long Sleeve,Shirt,0,0,0,2023-04-01 00:00:00
p_rezzg23bjy,Navy Fleece French Terry Pullover Crew Neck Sweatshirt,Sweatshirt,0,0,0,2023-04-01 00:00:00
p_k6s6hftqfe,Navy Fleece French Terry Pullover Hoodie,Hoodie,0,0,0,2023-04-01 00:00:00
p_h9z43a8zde,Navy Fleece French Terry Zip Hoodie,Hoodie,0,0,0,2023-04-01 00:00:00
p_ngbbqfwzd5,Navy Long Sleeve Henley,Shirt,0,0,0,2023-04-01 00:00:00
p_rhexhysfzs,Navy Short Sleeve Polo Shirt,Polos,0,0,0,2023-04-01 00:00:00
p_xa4dn5yc22,Navy Tall Short Sleeve Polo Shirt,Polos,0,0,0,2023-04-01 00:00:00
p_2wu3jtehp2,Navy Short Sleeve V-Neck T-Shirt,Shirt,0,0,0,2023-04-01 00:00:00
p_8rbvhb5tdc,White Active Crew Neck T-Shirt,Shirt,0,0,0,2023-04-01 00:00:00
p_r5gttk27sm,White Active Long Sleeve Crew Neck,Shirt,0,0,0,2023-04-01 00:00:00
p_2cus7843n6,White Crew Neck Long Sleeve,Shirt,0,0,0,2023-04-01 00:00:00
p_twpefb4vpq,White Long Sleeve Henley,T-Shirts,0,0,0,2023-04-01 00:00:00
p_6hvvy94kq4,White Short Sleeve Polo Shirt,Polos,0,0,0,2023-04-01 00:00:00
p_m6x758mjvq,White Short Sleeve Tall Polo Shirt,Polos,0,0,0,2023-04-01 00:00:00
p_s49r5jxnqq,White Short Sleeve V-Neck T-Shirt,T-Shirts,0,0,0,2023-04-01 00:00:00
p_fx25mpavbf,Long Sleeve T-Shirt | Hooded | Black,T-Shirts,0,0,0,2023-04-01 00:00:00
p_gawdf2gbfa,Long Sleeve Polo Shirt | Black,Polos,0,0,0,2023-04-01 00:00:00
p_xafkdxwnvm,Black Waffle Hoodie,Hoodie,0,0,0,2023-04-01 00:00:00
p_yev838e3bk,Dark Olive Waffle Hoodie,Hoodie,0,0,0,2023-04-01 00:00:00
p_3h5wxbdgfn,White Long Sleeve Polo Shirt,Polos,0,0,0,2023-04-01 00:00:00
p_g5xjgypbqs,Long Sleeve Button Up Shirt | Black,Button Down Shirts,0,0,0,2023-04-01 00:00:00
p_pqjyybc86f,Black Waffle Long Sleeve Crew Neck T-Shirt,T-Shirts,0,0,0,2023-04-01 00:00:00
p_5pqpzmazbr,Carbon Long Sleeve Button Up Shirt,Button Down Shirts,0,0,0,2023-04-01 00:00:00
p_anqd83cjye,Military Green Waffle Long Sleeve Crew Neck,Sweatshirt,0,0,0,2023-04-01 00:00:00
p_vp3anzz9s3,White Button Up Shirt,Button Down Shirts,0,0,0,2023-04-01 00:00:00
p_92vf4hpdrt,White Commuter Short Sleeve Button Up,Button Down Shirts,0,0,0,2023-04-01 00:00:00
p_85skykpy7r,Short Sleeve Button Up Shirt | Commuter | Black,Button Down Shirts,0,0,0,2023-04-01 00:00:00
p_v5bwyyhget,Carbon Commuter Short Sleeve Button Up,Button Down Shirts,0,0,0,2023-04-01 00:00:00
p_5kr9enrf6j,Short Sleeve Tee | Loungewear | Charcoal Heather Gray,T-Shirts,0,0,0,2023-04-01 00:00:00
p_rpwqburrmc,Dark Heather Cadet Active Polo,Polos,0,0,0,2023-04-01 00:00:00
p_8tryb2ahrp,Dark Heather Cocoa Active Polo,Polos,0,0,0,2023-04-01 00:00:00
p_vnexp6dh3m,Heather Centurion Short Sleeve Active Polo Shirt,Polos,0,0,0,2023-04-01 00:00:00
p_8pczdfc69m,Heather Cocoa Short Sleeve Active Polo Shirt,Polos,0,0,0,2023-04-01 00:00:00
p_xdyq8mewrc,Short Sleeve Button Up Shirt | Black,Button Down Shirts,0,0,0,2023-04-01 00:00:00
p_56qjzafa6s,Carbon Short Sleeve Button Up Shirt,Button Down Shirts,0,0,0,2023-04-01 00:00:00
p_7dyz93zegj,"Shorts | Active Training | 7"" | Sapphire",Athletic Shorts,0,0,0,2023-04-01 00:00:00
p_3pkg63ym5k,"Shorts | Active Training | 7"" | Steel",Shorts,0,0,0,2023-04-01 00:00:00
p_k5hymg84ez,"Shorts | Training | 7"" | 2-in-1 Black",Athletic Shorts,0,0,0,2023-04-01 00:00:00
p_mm5tbn6qza,Sweatshirt | Comfort Crew | Black,Sweatshirt,0,0,0,2023-04-01 00:00:00
p_2uptnqrxy2,Hoodie | Active Comfort | Pullover | Black,Hoodie,0,0,0,2023-04-01 00:00:00
p_ys335pw23m,Pants | Active Comfort | Straight Leg | Black,Sweatpants & Joggers,0,0,0,2023-04-01 00:00:00
p_9attt36kqt,Blazer | Black,Blazer,0,0,0,2023-04-01 00:00:00
p_84w66d79b8,Pants | Comfort Chino | Black,Pants,0,0,0,2023-04-01 00:00:00
p_349fd5fte5,Sweater | Crew Neck | Black,Knit Sweaters,0,0,0,2023-04-01 00:00:00
p_zzvxdda285,Fleece Shacket | Black,Jacket,0,0,0,2023-04-01 00:00:00
p_z7kat66jsb,Puffer Vest | Black,Outerwear Vests,0,0,0,2023-04-01 00:00:00
p_w99wqwtmd8,Performance Shirt | Quarter Zip | Black,Athletic Tops,0,0,0,2023-04-01 00:00:00
p_vkp29t8hpk,Sleeveless Muscle Tee | Active | Black,Athletic Tops,0,0,0,2023-04-01 00:00:00
p_bxpjzp3q34,Sweater Hoodie | Black,Hoodie,0,0,0,2023-04-01 00:00:00
p_j23j35syzx,Black Wash Long Sleeve Chambray Shirt,Shirt,0,0,0,2023-04-01 00:00:00
p_aaa5u2senn,Black Wash Slim Fit Comfort Jeans,Jeans,0,0,0,2023-04-01 00:00:00
p_mu7q5qx67m,Black Wash Straight Fit Comfort Jeans,Jeans,0,0,0,2023-04-01 00:00:00
p_kv4qxkyavb,Chino Pants | Comfort | Carbon,Pants,0,0,0,2023-04-01 00:00:00
p_av6ja2w28x,Charcoal Heather Active Comfort Crew Sweatshirt,Athletic Tops,0,0,0,2023-04-01 00:00:00
p_jqxjnq8mc8,Charcoal Heather Active Comfort Straight Leg Pant,Sweatpants & Joggers,0,0,0,2023-04-01 00:00:00
p_hzkzcd9ag9,Charcoal Heather Gray Long Sleeve Ripstop Commuter Shirt,Shirt,0,0,0,2023-04-01 00:00:00
p_zc74ftx9hy,Charcoal Heather Gray Pique Crew Sweater,Knit Sweaters,0,0,0,2023-04-01 00:00:00
p_4krqrmhc8s, Sleeveless Muscle Tee | Active | Charcoal Heather Gray,Athletic Tops,0,0,0,2023-04-01 00:00:00
p_qvscv7wqa7,Dark Oak Fleece French Terry Jogger,Sweatpants & Joggers,0,0,0,2023-04-01 00:00:00
p_yw7vvn467f,Dark Olive Long Sleeve Crew Neck T-Shirt,T-Shirts,0,0,0,2023-04-01 00:00:00
p_hc97kv4jxf,Deep Sea Blue Short Sleeve Crew Neck T-Shirt,T-Shirts,0,0,0,2023-04-01 00:00:00
p_zp4vn3rtz4,Deep Sea Blue Long Sleeve Crew Neck T-Shirt,T-Shirts,0,0,0,2023-04-01 00:00:00
p_8d5cs572ku,Evergreen Heather Short Sleeve Crew Neck T-Shirt,T-Shirts,0,0,0,2023-04-01 00:00:00
p_2qn4rb76qt,Evergreen Heather Long Sleeve Crew Neck T-Shirt,T-Shirts,0,0,0,2023-04-01 00:00:00
p_hun6quaf8f,Gray Wash Slim Fit Comfort Jeans,Jeans,0,0,0,2023-04-01 00:00:00
p_bn49najk97,Gray Wash Straight Fit Comfort Jeans,Jeans,0,0,0,2023-04-01 00:00:00
p_a66qgjtv8u, Sleeveless Muscle Tee | Active | Heather Cadet,Athletic Tops,0,0,0,2023-04-01 00:00:00
p_76w9v5r9gp,Heather Camel Pique Crew Sweater,Knit Sweaters,0,0,0,2023-04-01 00:00:00
p_m26nune3tt,Sleeveless Muscle Tee | Active | Heather Cocoa,Tank Top,0,0,0,2023-04-01 00:00:00
p_wtfwp7uyps,Heather Dark Oak Long Sleeve Crew Neck T-Shirt,T-Shirts,0,0,0,2023-04-01 00:00:00
p_guzmuvmxwg,Heather Dark Orchid Short Sleeve Crew Neck T-Shirt,T-Shirts,0,0,0,2023-04-01 00:00:00
p_auux7guqn5,Sleeveless Muscle Tee | Active| Heather Forest,Athletic Tops,0,0,0,2023-04-01 00:00:00
p_wvdzacyaq8,Heather Garnet Short Sleeve Crew Neck T-Shirt,T-Shirts,0,0,0,2023-04-01 00:00:00
p_59st4ejx9g,Heather Graphite Short Sleeve Crew Neck T-Shirt,T-Shirts,0,0,0,2023-04-01 00:00:00
p_mkhh2ymk98,Heather Navy Active Comfort Crew Sweatshirt,Sweatshirt,0,0,0,2023-04-01 00:00:00
p_4tw7w4865y,Medium Gray Wash Slim Fit Comfort Jeans,Jeans,0,0,0,2023-04-01 00:00:00
p_u25kmysesj,Medium Gray Wash Straight Fit Comfort Jeans,Jeans,0,0,0,2023-04-01 00:00:00
p_yrp9cazs3k,Olive Long Sleeve Ripstop Commuter Shirt,Shirt,0,0,0,2023-04-01 00:00:00
p_vjj8djm98g,"Voyager 7"" 2-in-1 Training Short",Athletic Shorts,0,0,0,2023-04-01 00:00:00
p_ens5k22dee,Coaches Jacket | Black,Jacket,0,0,0,2023-04-01 00:00:00
p_krqrvpb5nk,Short Sleeve Sweater Polo Shirt | Black,Polos,0,0,0,2023-04-01 00:00:00
p_ezjsg82fk7,Garnet Short Sleeve Sweater Polo Shirt,Polos,0,0,0,2023-04-01 00:00:00
p_zfqbnz8zdc,Heather Gray Short Sleeve Sweater Polo,Polos,0,0,0,2023-04-01 00:00:00
p_rdac8nxqpc,Navy Short Sleeve Sweater Polo,Polos,0,0,0,2023-04-01 00:00:00
p_tdz6dj3k93,Charcoal Heather Gray Active Shell Jacket,Jacket,0,0,0,2023-04-01 00:00:00
p_ef9p26sqwv,Navy Coaches Jacket,Jacket,0,0,0,2023-04-01 00:00:00
p_gvy838kdy9,Long Sleeve Button Up Sweater Shirt | Black + Carbon,Button Down Shirts,0,0,0,2023-04-01 00:00:00
p_cpfjz5js6m,Light Heather Gray Quarter Zip Performance Shirt,Athletic Tops,0,0,0,2023-04-01 00:00:00
p_encznv79zd,Charcoal Heather Gray Loungewear Jogger,Sweatpants & Joggers,0,0,0,2023-04-01 00:00:00
p_uqg73gd526,Dark Olive Short Sleeve V-Neck T-Shirt,T-Shirts,0,0,0,2023-04-01 00:00:00
p_dd7ynwa46b,Military Green Coaches Jacket,Jacket,0,0,0,2023-04-01 00:00:00
p_pds624ht98,Ankle Socks | Active | 3-Pack | Black,Socks,0,0,0,2023-04-01 00:00:00
p_h9thpv33ux,Crew Socks | Active | 3-Pack | Black,Socks,0,0,0,2023-04-01 00:00:00
p_vm4udwbmec,Ankle Socks | 3-Pack | Black,Socks,0,0,0,2023-04-01 00:00:00
p_hv5d9t5gb4,Black Boxer Trunks 3-Pack,Underwear,0,0,0,2023-04-01 00:00:00
p_eg72spursx,Half Crew Sock | 3-Pack | Black,Socks,0,0,0,2023-04-01 00:00:00
p_m5nrytn7g3,Boxer Briefs | Logo | 3-Pack | Black,Underwear,0,0,0,2023-04-01 00:00:00
p_7rzxq9sd8n,Never Show Socks | 3-Pack | Black,Socks,0,0,0,2023-04-01 00:00:00
p_h644hfsgj7,Sweater Beanie | Black,Beanie,0,0,0,2023-04-01 00:00:00
p_k8j2vzha5p,Burgundy Boxer Briefs 3-Pack,Underwear,0,0,0,2023-04-01 00:00:00
p_rd96dkwsx6,Carbon Boxer Trunks 3-Pack,Underwear,0,0,0,2023-04-01 00:00:00
p_3zf2yh34hr,Dark Olive Short Sleeve Polo Shirt,Polos,0,0,0,2023-04-01 00:00:00
p_fcgghnz6fh,Evergreen Sweater Beanie,Beanie,0,0,0,2023-04-01 00:00:00
p_vxfj55w6ma,Heather Burgundy Short Sleeve Polo Shirt,Polos,0,0,0,2023-04-01 00:00:00
p_tpv8fcqeja,Heather Gray Active Ankle Socks 3-Pack,Socks,0,0,0,2023-04-01 00:00:00
p_y6cg76w8k6,Heather Gray Half Crew Sock 3-Pack,Socks,0,0,0,2023-04-01 00:00:00
p_sgut9a5tns,Light Heather Gray Polo,Polos,0,0,0,2023-04-01 00:00:00
p_r5xrp6kuxu,True Red Short Sleeve Polo Shirt,Polos,0,0,0,2023-04-01 00:00:00
p_x285vx432e,White Ankle Socks 3-Pack,Socks,0,0,0,2023-04-01 00:00:00
p_3aup7bbqg3,Carbon Tall Long Sleeve T-Shirt,Shirt,0,0,0,2023-04-01 00:00:00
p_mxpb4sqvry,Charcoal Heather Gray Short Sleeve Tall Crew,T-Shirts,0,0,0,2023-04-01 00:00:00
p_92fw37ajex,Heather Seafarer Short Sleeve Tall Crew,Shirt,0,0,0,2023-04-01 00:00:00
p_rhk5rdjr7y,Heather Voyager Short Sleeve Tall Crew,T-Shirts,0,0,0,2023-04-01 00:00:00
p_hz3svpszdm,Military Green Tall Long Sleeve T-Shirt,T-Shirts,0,0,0,2023-04-01 00:00:00
p_3xnj548f3x,Sapphire Short Sleeve Tall Crew,T-Shirts,0,0,0,2023-04-01 00:00:00
p_j9huduq2g2,White Tall Straight Hem Crew Neck T-Shirt,T-Shirts,0,0,0,2023-04-01 00:00:00
p_ct8bqyz5rd,Bomber Jacket | Black,Bomber Jackets,0,0,0,2023-04-01 00:00:00
p_26x46r3gh3,Carbon Short Sleeve Tall Polo Shirt,Polos,0,0,0,2023-04-01 00:00:00
p_uwgqdnnawm,Charcoal Heather Gray Short Sleeve Tall Polo Shirt,Polos,0,0,0,2023-04-01 00:00:00
p_awt8ehv6fc,Heather Gray Short Sleeve Tall Polo Shirt,Polos,0,0,0,2023-04-01 00:00:00
p_ug78456eub,Mahogany Fleece French Terry Pullover Hoodie,Hoodie,0,0,0,2023-04-01 00:00:00
p_3hycs4vyy4,Mahogany Fleece French Terry Zip Hoodie,Hoodie,0,0,0,2023-04-01 00:00:00
p_487dnzupxz,Military Green Short Sleeve Tall Polo Shirt,Polos,0,0,0,2023-04-01 00:00:00
p_haens7aj79,Sapphire Short Sleeve Tall Polo Shirt,Polos,0,0,0,2023-04-01 00:00:00
p_n7npmmnfq3,Bomber Jacket | Army Green,Bomber Jackets,0,0,0,2023-04-01 00:00:00
p_vhct7fnamt,Sweater Fleece Jacket | Black,Jacket,0,0,0,2023-04-01 00:00:00
p_qvxdc36tay,Carbon Bomber Jacket,Bomber Jackets,0,0,0,2023-04-01 00:00:00
p_ubarpzrdvd,Gray Sweater Fleece Jacket,Knit Sweaters,0,0,0,2023-04-01 00:00:00
p_25m5nqdhtq,Gunmetal Puffer Jacket,Puffer Jackets,0,0,0,2023-04-01 00:00:00
p_9nq4jjbkbr,Military Green Puffer Jacket,Puffer Jackets,0,0,0,2023-04-01 00:00:00
p_6svhrtmsn3,Navy Bomber Jacket,Bomber Jackets,0,0,0,2023-04-01 00:00:00
p_dwbw45rvge,Navy Hooded Puffer Jacket,Puffer Jackets,0,0,0,2023-04-01 00:00:00
p_4yh4m8q3v7,Navy Puffer Jacket,Puffer Jackets,0,0,0,2023-04-01 00:00:00
p_e6pz5d7uh9,Navy Sweater Fleece Jacket,Hoodie,0,0,0,2023-04-01 00:00:00
p_4xmfcxsvq4,Puffer Jacket | Hooded | Black,Puffer Jackets,0,0,0,2023-04-01 00:00:00
p_zrt8e4hahp,Chino Pants | Straight | Twill | Black,Pants,0,0,0,2023-04-01 00:00:00
p_6bppe3h2jj,Centurion Slim Twill Chino,Pants,0,0,0,2023-04-01 00:00:00
p_zd6gtes7qp,Centurion Straight Twill Chino,Pants,0,0,0,2023-04-01 00:00:00
p_ja9tudbs9q,Dark Oak Straight Twill Chino,Pants,0,0,0,2023-04-01 00:00:00
p_yqusyfjxtf,Gunmetal Hooded Puffer Jacket,Puffer Jackets,0,0,0,2023-04-01 00:00:00
p_kkdff6r47e,Meadow Slim Twill Chino,Pants,0,0,0,2023-04-01 00:00:00
p_rnmhwn9kcu,Navy Slim Twill Chino,Pants,0,0,0,2023-04-01 00:00:00
p_y5u5gs4evr,Navy Straight Twill Chino,Pants,0,0,0,2023-04-01 00:00:00
p_vqc6jejd69,Long Sleeve Button Up Shirt | Do-It-All Comfort | Black,Button Down Shirts,0,0,0,2023-04-01 00:00:00
p_p8ep2jre98,Hoodie | Active | Black,Hoodie,0,0,0,2023-04-01 00:00:00
p_vubwwnzvnt,Dark Heather Cadet Long Sleeve Active Crew Neck,T-Shirts,0,0,0,2023-04-01 00:00:00
p_e2426ac79u,Dark Heather Tempest Long Sleeve Active Crew Neck,Sweatshirt,0,0,0,2023-04-01 00:00:00
p_cjzvdmswjf,White Active Hoodie,Hoodie,0,0,0,2023-04-01 00:00:00
p_ncwnq5usm5,"Shorts | Active Training | 7"" | Slate Green",Athletic Shorts,0,0,0,2023-04-01 00:00:00
p_x443echvnq,"Chino Shorts | Comfort | 7"" | Military Green",Shorts,0,0,0,2023-04-01 00:00:00
p_qhjjf5kjgd,"Chino Shorts | Comfort | 7"" | Rosewood",Shorts,0,0,0,2023-04-01 00:00:00
p_f8rywmvjsy,"Chino Shorts | Comfort | 7"" | Sapphire",Shorts,0,0,0,2023-04-01 00:00:00
p_6kxr6rztwd,"Chino Shorts | Comfort | 7"" | Slate Green",Shorts,0,0,0,2023-04-01 00:00:00
p_56zbdasvhd,"Chino Shorts | Comfort | 9"" | Sapphire",Shorts,0,0,0,2023-04-01 00:00:00
p_xpmubyp2yg,"Chino Shorts | Comfort | 9"" | Slate Green",Shorts,0,0,0,2023-04-01 00:00:00
p_saytmbtmak,"Shorts | Classic Twill | 9"" | Black",Shorts,0,0,0,2023-04-01 00:00:00
p_aytxzkck8x,"Shorts | Classic Twill | 7"" | Black",Shorts,0,0,0,2023-04-01 00:00:00
p_fhdff8x3jt,"Shorts | Classic Twill | 7"" | Harbor",Shorts,0,0,0,2023-04-01 00:00:00
p_q2935cukf5,"Shorts | Classic Twill | 7"" | Khaki",Shorts,0,0,0,2023-04-01 00:00:00
p_qr5wafyaq4,"Shorts | Classic Twill | 7"" | Moss",Shorts,0,0,0,2023-04-01 00:00:00
p_j48puxsej5,"Shorts | Classic Twill | 7"" | Sandstone",Shorts,0,0,0,2023-04-01 00:00:00
p_b2wv3hqta7,"Shorts | Classic Twill | 9"" | Centurion",Shorts,0,0,0,2023-04-01 00:00:00
p_wungd9j4dh,"Shorts | Active Training | 7"" | Black",Shorts,0,0,0,2023-04-01 00:00:00
p_r9rn7a2dy5,"Shorts | Active Training | 7"" | Carbon",Shorts,0,0,0,2023-04-01 00:00:00
p_n9qtgjygdv,"Shorts | Active Training | 7"" | Sandstone",Athletic Shorts,0,0,0,2023-04-01 00:00:00
p_nu9kcajw2z,"Chino Shorts | Comfort | 7"" | Black",Shorts,0,0,0,2023-04-01 00:00:00
p_hmp7dkjce9,"Chino Shorts | Comfort | 7"" | Carbon",Shorts,0,0,0,2023-04-01 00:00:00
p_25upswaptj,"Chino Shorts | Comfort | 7"" | Khaki",Shorts,0,0,0,2023-04-01 00:00:00
p_kaq2j39v2p,"Chino Shorts | Comfort | 7"" | Navy",Shorts,0,0,0,2023-04-01 00:00:00
p_utfqrxy94f,Shorts | Commuter | Black,Shorts,0,0,0,2023-04-01 00:00:00
p_prrc5xwre5,Khaki Commuter Short,Shorts,0,0,0,2023-04-01 00:00:00
p_bj4epra3sv,Shorts | Fleece French Terry | Black,Shorts,0,0,0,2023-04-01 00:00:00
p_fvgyjfheyt,Sandstone Commuter Short,Shorts,0,0,0,2023-04-01 00:00:00
p_epuubwwz7s,Military Green Fleece French Terry Short,Shorts,0,0,0,2023-04-01 00:00:00
p_j4bf77xx5v,"Chino Shorts | Comfort | 9"" | Black",Shorts,0,0,0,2023-04-01 00:00:00
p_74gmgsy6yv,Navy Fleece French Terry Short,Shorts,0,0,0,2023-04-01 00:00:00
p_m5f29n89jy,"Chino Shorts | Comfort | 9"" | Carbon",Shorts,0,0,0,2023-04-01 00:00:00
p_47meu4bybx,"Chino Shorts | Comfort |  9"" | Ivory",Shorts,0,0,0,2023-04-01 00:00:00
p_5za8gj7unh,"Chino Shorts | Comfort | 9"" | Khaki",Shorts,0,0,0,2023-04-01 00:00:00
p_arxdch5qcv,"Chino Shorts | Comfort | 9"" | Military Green",Shorts,0,0,0,2023-04-01 00:00:00
p_en8vndps74,"Chino Shorts | Comfort | 9"" | Navy",Shorts,0,0,0,2023-04-01 00:00:00
p_rquj6mrdex,Dark Heather Navy Active Comfort Short,Shorts,0,0,0,2023-04-01 00:00:00
p_6ra9g27e7u,Burgundy Active Quick Dry Short with Liner,Swim Shorts,0,0,0,2023-04-01 00:00:00
p_5ek32kjgzp,Navy Active Quick Dry Short with Liner,Swim Shorts,0,0,0,2023-04-01 00:00:00
p_bp7w9cp3k9,Pants | Commuter | Black,Pants,0,0,0,2023-04-01 00:00:00
p_5p5sgcwp5f,"Shorts | Active Training | 7"" | Navy",Shorts,0,0,0,2023-04-01 00:00:00
p_47uf2puagk,"Shorts | Classic Twill | 7"" | Navy",Shorts,0,0,0,2023-04-01 00:00:00
p_9a5tjqerw5,"Shorts | Classic Twill | 9"" | Meadow",Shorts,0,0,0,2023-04-01 00:00:00
p_a69bzurkgs,Joggers | Active | Black,Sweatpants & Joggers,0,0,0,2023-04-01 00:00:00
p_2bkrkbfbk9,Classic Polarized Sunglasses | Black,Sunglasses,0,0,0,2023-04-01 00:00:00
p_vvkaza7v48,Long Sleeve Button Up Shirt | Commuter | Black,Button Down Shirts,0,0,0,2023-04-01 00:00:00
p_egq2tewvm7,Long Sleeve Henley | Black,T-Shirts,0,0,0,2023-04-01 00:00:00
p_yp2v99qxbf,Classic Polarized Sunglasses | Black Mirror,Sunglasses,0,0,0,2023-04-01 00:00:00
p_mef5fue56y,Dress Shirt | Lightweight Performance | Black,Button Down Shirts,0,0,0,2023-04-01 00:00:00
p_fpmkw85rke,Short Sleeve Polo Shirt | Black,Polos,0,0,0,2023-04-01 00:00:00
p_s7c853uk5c,Puffer Jacket | Black,Puffer Jackets,0,0,0,2023-04-01 00:00:00
p_8nhyuguh4z,Chino Pants | Slim | Twill | Black,Pants,0,0,0,2023-04-01 00:00:00
p_ka5fa3ne6y,Slippers | Black,Slippers,0,0,0,2023-04-01 00:00:00
p_6wnwzma24v,Long Sleeve Button Up Shirt | Stretch Oxford | Black,Button Down Shirts,0,0,0,2023-04-01 00:00:00
p_u3ffx96ehp,Short Sleeve T-Shirt | Tall | Active Crew Neck | Black,T-Shirts,0,0,0,2023-04-01 00:00:00
p_ufjg6nn927,Long Sleeve T-Shirt | Tall | Black,T-Shirts,0,0,0,2023-04-01 00:00:00
p_enhxmmv3xa,Polo Shirt | Tall | Black,Polos,0,0,0,2023-04-01 00:00:00
p_gqfhmx28rz,Blue Quartz Short Sleeve Crew Neck T-Shirt,T-Shirts,0,0,0,2023-04-01 00:00:00
p_6ccw4zmdj6,Bluestone Tall Round Hem Crew Neck T-Shirt,T-Shirts,0,0,0,2023-04-01 00:00:00
p_ryght7etrs,Bluestone V-Neck Short Sleeve T-Shirt,T-Shirts,0,0,0,2023-04-01 00:00:00
p_5q95b4bjyg,Burgundy Short Sleeve Crew Neck T-Shirt,T-Shirts,0,0,0,2023-04-01 00:00:00
p_2sxe2kvxmc,Burgundy Long Sleeve Crew Neck T-Shirt,T-Shirts,0,0,0,2023-04-01 00:00:00
p_srwzc2wwq6,Burgundy Long Sleeve Henley,T-Shirts,0,0,0,2023-04-01 00:00:00
p_8p9z2j6eqt,Burgundy Short Sleeve V-Neck T-Shirt,T-Shirts,0,0,0,2023-04-01 00:00:00
p_dnq23rfcgu,"Carbon 7"" 2-in-1 Training Short",Athletic Shorts,0,0,0,2023-04-01 00:00:00
p_9tz4xs4maw,Carbon Commuter Long Sleeve Button Up Shirt,Button Down Shirts,0,0,0,2023-04-01 00:00:00
p_82erf6xepz,Carbon Commuter Pant,Pants,0,0,0,2023-04-01 00:00:00
p_gxqdqumwae,Carbon Short Sleeve Crew Neck T-Shirt,T-Shirts,0,0,0,2023-04-01 00:00:00
p_nmb6y3r32b,Carbon Fleece French Terry Jogger,Sweatpants & Joggers,0,0,0,2023-04-01 00:00:00
p_mqhey6peq9,Carbon Fleece French Terry Pullover Crew Neck Sweatshirt,Sweatshirt,0,0,0,2023-04-01 00:00:00
p_pgvy4mwya6,Carbon Fleece French Terry Pullover Hoodie,Hoodie,0,0,0,2023-04-01 00:00:00
p_dcfsb4qj5s,Carbon Performance Lightweight Dress Shirt,Button Down Shirts,0,0,0,2023-04-01 00:00:00
p_q9e4tw2vgn,Carbon Tall Active Crew Neck T-Shirt,T-Shirts,0,0,0,2023-04-01 00:00:00
p_3mznzzvw2f,Carbon Tall Round Hem Crew Neck T-Shirt,T-Shirts,0,0,0,2023-04-01 00:00:00
p_fcv57d39m8,Carbon Short Sleeve V-Neck T-Shirt,T-Shirts,0,0,0,2023-04-01 00:00:00
p_n6hvkgussy,Carbon Waffle Hoodie,Hoodie,0,0,0,2023-04-01 00:00:00
p_yg5234hu8z,Centurion Short Sleeve Sweater Polo Shirt,Polos,0,0,0,2023-04-01 00:00:00
p_qcw7eb8td6,Charcoal Heather Active Comfort Full Zip Hoodie,Hoodie,0,0,0,2023-04-01 00:00:00
p_agkp4c43e4,Charcoal Heather Active Comfort Pullover Hoodie,Hoodie,0,0,0,2023-04-01 00:00:00
p_cn8axvjmp9,Charcoal Heather Gray Active Comfort Short,Athletic Shorts,0,0,0,2023-04-01 00:00:00
p_6c6nrcr2c3, Short Sleeve T-Shirt | Active Crew Neck | Charcoal Heather Gray,T-Shirts,0,0,0,2023-04-01 00:00:00
p_znfcswnte7,Charcoal Heather Gray Active Hoodie,Hoodie,0,0,0,2023-04-01 00:00:00
p_bdbtrvs35c,Charcoal Heather Gray Active Joggers,Sweatpants & Joggers,0,0,0,2023-04-01 00:00:00
p_pxnmvcumyj,Charcoal Heather Gray Do-It-All Comfort Long Sleeve Button Up Shirt,Button Down Shirts,0,0,0,2023-04-01 00:00:00
p_yra4pxjn2n,Charcoal Heather Gray Fleece French Terry Full Zip,Hoodie,0,0,0,2023-04-01 00:00:00
p_k727r3s7q8,Charcoal Heather Gray Fleece French Terry Jogger,Sweatpants & Joggers,0,0,0,2023-04-01 00:00:00
p_qsxubmrtfw,Long Sleeve Tee | Loungewear | Charcoal Heather Gray,T-Shirts,0,0,0,2023-04-01 00:00:00
p_hrqsaa2u6g,Charcoal Heather Gray Loungewear Pant,Pants,0,0,0,2023-04-01 00:00:00
p_z9gg92dcqx,Charcoal Heather Gray Short Sleeve Polo Shirt,Polos,0,0,0,2023-04-01 00:00:00
p_3shyn5zkky,Charcoal Heather Gray Tall Crew T-Shirt,T-Shirts,0,0,0,2023-04-01 00:00:00
p_mvqwbcmhah,Charcoal Heather Gray Tall Round Hem Crew Neck T-Shirt,T-Shirts,0,0,0,2023-04-01 00:00:00
p_yupfqc6yfm,Charcoal Heather Gray Short Sleeve V-Neck T-Shirt,T-Shirts,0,0,0,2023-04-01 00:00:00
p_6k245nh69q,Crimson Long Sleeve Crew Neck T-Shirt,T-Shirts,0,0,0,2023-04-01 00:00:00
p_rhxjthz5x8,Dark Heather Burgundy Active Comfort Short,Swim Shorts,0,0,0,2023-04-01 00:00:00
p_ucy8r4cqe3,Dark Heather Burgundy Active Joggers,Sweatpants & Joggers,0,0,0,2023-04-01 00:00:00
p_2eh6mejec7,Dark Heather Cadet Active Crew Neck T-Shirt,T-Shirts,0,0,0,2023-04-01 00:00:00
p_sfn5q4bv26,Dark Heather Cadet Short Sleeve Active Polo Shirt,Polos,0,0,0,2023-04-01 00:00:00
p_ncvpa3z4h7,Dark Heather Cadet Long Sleeve Active Crew Neck T-Shirt,T-Shirts,0,0,0,2023-04-01 00:00:00
p_6njreat3aq,Dark Heather Cocoa Active Crew Neck T-Shirt,T-Shirts,0,0,0,2023-04-01 00:00:00
p_mjrxd2wgtf,Dark Heather Cocoa Short Sleeve Active Polo Shirt,Polos,0,0,0,2023-04-01 00:00:00
p_zf9muhc3as,Dark Heather Indigo Active Comfort Short,Shorts,0,0,0,2023-04-01 00:00:00
p_x5p88uuzy5,Dark Heather Indigo Active Joggers,Sweatpants & Joggers,0,0,0,2023-04-01 00:00:00
p_npx42jpcmt,Dark Heather Military Green Active Comfort Short,Shorts,0,0,0,2023-04-01 00:00:00
p_9m3e7uj62s,Dark Heather Military Green Active Joggers,Sweatpants & Joggers,0,0,0,2023-04-01 00:00:00
p_t2tpzxuynp,Dark Heather Navy Active Joggers,Sweatpants & Joggers,0,0,0,2023-04-01 00:00:00
p_vybqnpjdfb,Dark Heather Tempest Active Crew Neck T-Shirt,T-Shirts,0,0,0,2023-04-01 00:00:00
p_gzgm33n9cz,Dark Heather Tempest Short Sleeve Active Polo Shirt,Polos,0,0,0,2023-04-01 00:00:00
p_sph8dsebwy,Dark Oak Fleece French Terry Pullover Crew Neck Sweatshirt,Sweatshirt,0,0,0,2023-04-01 00:00:00
p_zpj5m6rzbh,Dark Oak Fleece French Terry Pullover Hoodie,Hoodie,0,0,0,2023-04-01 00:00:00
p_bvsv82u2jt,Dark Oak Fleece French Terry Zip Hoodie,Hoodie,0,0,0,2023-04-01 00:00:00
p_xdyn8gxhhe,Dark Oak Long Sleeve Waffle Crew,Sweatshirt,0,0,0,2023-04-01 00:00:00
p_hvyht2dd2v,Dark Oak Slim Twill Chino Pant,Pants,0,0,0,2023-04-01 00:00:00
p_9mtccasba9,Dark Oak Waffle Hoodie,Hoodie,0,0,0,2023-04-01 00:00:00
p_2wxxfw7mca,Dark Olive Fleece Shacket,Shirt Jackets,0,0,0,2023-04-01 00:00:00
p_b3ppfm2vay,Dark Olive Long Sleeve Waffle Crew,Shirt,0,0,0,2023-04-01 00:00:00
p_a6yxedr8jx,Dark Purple Short Sleeve V-Neck T-Shirt ,T-Shirts,0,0,0,2023-04-01 00:00:00
p_zwwudtzed5,Deep Sea Blue Heather Active Hoodie,Hoodie,0,0,0,2023-04-01 00:00:00
p_9y7p8njxta,Deep Sea Blue Heather Active Long Sleeve Crew T-Shirt,T-Shirts,0,0,0,2023-04-01 00:00:00
p_wht3v5efkm,Deep Sea Blue Long Sleeve Waffle Crew,T-Shirts,0,0,0,2023-04-01 00:00:00
p_z7xekuufwm,Ecru Do-It-All Comfort Long Sleeve Button Up Shirt,Button Down Shirts,0,0,0,2023-04-01 00:00:00
p_kvuhf7884a,Electric Blue Short Sleeve Polo Shirt,Polos,0,0,0,2023-04-01 00:00:00
p_ysyjzgmtu6,Evergreen Heather Active Hoodie,Hoodie,0,0,0,2023-04-01 00:00:00
p_shc7xvk932,Evergreen Heather Active Long Sleeve Crew Neck T-Shirt,T-Shirts,0,0,0,2023-04-01 00:00:00
p_2d43kb3hj3,Evergreen Heather Long Sleeve Waffle Crew,Sweatshirt,0,0,0,2023-04-01 00:00:00
p_yszdpmgyju,Evergreen Sweater Scarf,Scarf,0,0,0,2023-04-01 00:00:00
p_ydptv6rbpw,Gradient Classic Polarized Sunglasses,Sunglasses,0,0,0,2023-04-01 00:00:00
p_3wdph5p4a5,Gunmetal Puffer Vest,Outerwear Vests,0,0,0,2023-04-01 00:00:00
p_2c7s8a7bmw,Heather Black Active Jogger,Sweatpants & Joggers,0,0,0,2023-04-01 00:00:00
p_dny6u2yy3n,Heather Burgundy Active Crew Neck T-Shirt,T-Shirts,0,0,0,2023-04-01 00:00:00
p_5a5sfcgqkq,Heather Burgundy Active Long Sleeve Crew Neck T-Shirt,T-Shirts,0,0,0,2023-04-01 00:00:00
p_ctw749pxad,Heather Burgundy Long Sleeve Crew Neck T-Shirt,T-Shirts,0,0,0,2023-04-01 00:00:00
p_pqwkc9p2hu,Heather Burgundy Short Sleeve Crew Neck T-Shirt,T-Shirts,0,0,0,2023-04-01 00:00:00
p_a2wcem7cms,Heather Burgundy Short Sleeve V-Neck T-Shirt,T-Shirts,0,0,0,2023-04-01 00:00:00
p_25hy766nzk,Heather Cayenne Short Sleeve Crew Neck T-Shirt,T-Shirts,0,0,0,2023-04-01 00:00:00
p_x7cgdhmyp3,Heather Navy Short Sleeve Polo Shirt,Polos,0,0,0,2023-04-01 00:00:00
p_2hkre8aznc,Military Green Tall Straight Hem Crew Neck T-Shirt,T-Shirts,0,0,0,2023-04-01 00:00:00
p_73kjt62een,Heather Cayenne Short Sleeve Polo Shirt,Polos,0,0,0,2023-04-01 00:00:00
p_dpgtwv5dut,Heather Cayenne Short Sleeve Tall Polo,Polos,0,0,0,2023-04-01 00:00:00
p_rpenkmstmg,Heather Centurion Active Crew Neck T-Shirt,T-Shirts,0,0,0,2023-04-01 00:00:00
p_kzqm93unyy,Heather Cocoa Active Crew Neck T-Shirt,T-Shirts,0,0,0,2023-04-01 00:00:00
p_rua2yj3jmt,Heather Dark Oak Crew Short Sleeve Neck T-Shirt,T-Shirts,0,0,0,2023-04-01 00:00:00
p_cve5gy56m8,Heather Dark Oak Short Sleeve V-Neck T-Shirt,T-Shirts,0,0,0,2023-04-01 00:00:00
p_cvrhss99ts,Heather Dark Orchid Short Sleeve V-Neck T-Shirt,Shirt,0,0,0,2023-04-01 00:00:00
p_y3r2ug2mpu,Heather Forest Active Crew Neck T-Shirt,T-Shirts,0,0,0,2023-04-01 00:00:00
p_h75hjs7973,Heather Forest Short Sleeve Active Polo Shirt,Polos,0,0,0,2023-04-01 00:00:00
p_x5pshyk4q9,Heather Graphite Short Sleeve Polo Shirt,Polos,0,0,0,2023-04-01 00:00:00
p_g4xkdswn5e,Heather Gray Active Comfort Short,Shorts,0,0,0,2023-04-01 00:00:00
p_9p8bns7rmp,Heather Gray Active Crew Socks 3-Pack,Socks,0,0,0,2023-04-01 00:00:00
p_bjecaeres5,Heather Gray Active Never Show Socks 3-Pack,Socks,0,0,0,2023-04-01 00:00:00
p_nw97q8x9x2,Heather Gray Ankle Socks 3-Pack,Socks,0,0,0,2023-04-01 00:00:00
p_n3jnq4u8q7,Heather Gray Crew Neck Sweater,Knit Sweaters,0,0,0,2023-04-01 00:00:00
p_gbh9ypmsjv,Heather Gray Do-It-All Comfort Long Sleeve Button Up Shirt,Button Down Shirts,0,0,0,2023-04-01 00:00:00
p_bz2jmxhgzb,Heather Gray Fleece French Terry Joggers,Sweatpants & Joggers,0,0,0,2023-04-01 00:00:00
p_dvj7aj4rxq,Heather Gray Fleece French Terry Pullover Crew Neck Sweatshirt,Sweatshirt,0,0,0,2023-04-01 00:00:00
p_ttdapkruav,Heather Gray Fleece French Terry Pullover Hoodie,Hoodie,0,0,0,2023-04-01 00:00:00
p_e3w27784ez,Heather Gray Long Sleeve Lightweight Flannel Shirt,Button Down Shirts,0,0,0,2023-04-01 00:00:00
p_7cvqeq727k,Heather Gray Long Sleeve Polo Shirt,Polos,0,0,0,2023-04-01 00:00:00
p_36tjt6cs8z,Heather Gray Pique Crew Sweater,Knit Sweaters,0,0,0,2023-04-01 00:00:00
p_mbdbf8ya5d,Heather Gray Sweater Long Sleeve Button Up Shirt,Button Down Shirts,0,0,0,2023-04-01 00:00:00
p_gzymf76rmw,Heather Navy Loungewear Jogger,Sweatpants & Joggers,0,0,0,2023-04-01 00:00:00
p_8nxyvmkrbc,Heather Navy Loungewear Pant,Pants,0,0,0,2023-04-01 00:00:00
p_yb98yp2sqv,Indigo Rinse Slim Authentic Stretch Jeans,Jeans,0,0,0,2023-04-01 00:00:00
p_juu2rq3qu8,Indigo Rinse Straight Authentic Stretch Jeans,Jeans,0,0,0,2023-04-01 00:00:00
p_jwjqtb338j,Khaki Comfort Chino Pants,Pants,0,0,0,2023-04-01 00:00:00
p_t83m3bqcj4,Khaki Commuter Pant,Pants,0,0,0,2023-04-01 00:00:00
p_spf5g5jf32,Khaki Slim Twill Chino,Pants,0,0,0,2023-04-01 00:00:00
p_jx3q5n329x,Khaki Straight Twill Chino,Pants,0,0,0,2023-04-01 00:00:00
p_rhugz6jch8,Light Indigo Wash Slim Authentic Stretch Jeans,Jeans,0,0,0,2023-04-01 00:00:00
p_katetzgtwe,Light Indigo Wash Straight Authentic Stretch Jeans,Jeans,0,0,0,2023-04-01 00:00:00
p_s57sjtnm4q,Meadow Straight Twill Chino,Pants,0,0,0,2023-04-01 00:00:00
p_d3c8r9bpvv,Medium Indigo Wash Slim Authentic Stretch Jeans,Jeans,0,0,0,2023-04-01 00:00:00
p_xgzt58skmg,Medium Indigo Wash Straight Authentic Stretch Jeans,Jeans,0,0,0,2023-04-01 00:00:00
p_egd9fym6xg,Navy Commuter Pant,Pants,0,0,0,2023-04-01 00:00:00
p_ymb5bq3vdv,Navy Fleece Shacket,Shirt Jackets,0,0,0,2023-04-01 00:00:00
p_accagka8uw,Reversible Dress Belt,Belt,0,0,0,2023-04-01 00:00:00
p_pjpnhtycns,Sandstone Commuter Pant,Pants,0,0,0,2023-04-01 00:00:00
p_dks9q92uqc,Heather Gray Tall Round Hem Crew Neck T-Shirt,T-Shirts,0,0,0,2023-04-01 00:00:00
p_udqn8s72v2,Navy Tall Round Hem Crew Neck T-Shirt,T-Shirts,0,0,0,2023-04-01 00:00:00
p_8y5vsf82td,Heather Emerald Short Sleeve Crew Neck T-Shirt,T-Shirts,0,0,0,2023-04-01 00:00:00
p_xqh3f9cwus,Heather Emerald Short Sleeve V-Neck T-Shirt,T-Shirts,0,0,0,2023-04-01 00:00:00
p_vst6extntp,Heather Gray Active Jogger,Sweatpants & Joggers,0,0,0,2023-04-01 00:00:00
p_75cz36rfz9,Heather Gray Sweater Hoodie,Hoodie,0,0,0,2023-04-01 00:00:00
p_6cj8gtxf2x,Heather Gray Tall Long Sleeve T-Shirt,Shirt,0,0,0,2023-04-01 00:00:00
p_34upddt2cp,Heather Gray Tall Straight Hem Crew Neck T-Shirt,T-Shirts,0,0,0,2023-04-01 00:00:00
p_behk4g2psv,Heather Gray Short Sleeve V-Neck T-Shirt,T-Shirts,0,0,0,2023-04-01 00:00:00
p_kgcgy98rwb,Heather Gray Waffle Hoodie,Hoodie,0,0,0,2023-04-01 00:00:00
p_6suxvjsvfc,Heather Indigo Tall Round Hem Crew Neck T-Shirt,T-Shirts,0,0,0,2023-04-01 00:00:00
p_jpmpa7s5yw,Heather Indigo Short Sleeve V-Neck T-Shirt,T-Shirts,0,0,0,2023-04-01 00:00:00
p_4pdddcg9t6,Heather Military Green Long Sleeve Crew T-Shirt,T-Shirts,0,0,0,2023-04-01 00:00:00
p_284qkebjr8,Heather Military Green Short Sleeve Polo Shirt,Polos,0,0,0,2023-04-01 00:00:00
p_tbp6wvu828,Heather Military Green Short Sleeve V-Neck T-Shirt,T-Shirts,0,0,0,2023-04-01 00:00:00
p_x8z28nbvwg,Heather Mist Short Sleeve Crew Neck T-Shirt,T-Shirts,0,0,0,2023-04-01 00:00:00
p_rejmm7td92,Heather Mist Short Sleeve V-Neck T-Shirt,T-Shirts,0,0,0,2023-04-01 00:00:00
p_6wj7x98tcn,Heather Navy Active Comfort Crew Sweatshirt,Sweatshirt,0,0,0,2023-04-01 00:00:00
p_mtqhyqahab,Heather Navy Active Comfort Pullover Hoodie,Hoodie,0,0,0,2023-04-01 00:00:00
p_bxnehsqcdv,Heather Navy Short Sleeve Active Polo Shirt,Polos,0,0,0,2023-04-01 00:00:00
p_7bmuq9q6qw,Heather Navy Long Sleeve Ripstop Commuter Shirt,Shirt,0,0,0,2023-04-01 00:00:00
p_g6dg3x3nta,Heather Navy Pique Crew Sweater,Knit Sweaters,0,0,0,2023-04-01 00:00:00
p_5gc6jyy4vw,Heather Navy Tall Round Hem Crew Neck T-Shirt,T-Shirts,0,0,0,2023-04-01 00:00:00
p_u4zzshtv4s,Heather Navy Short Sleeve V-Neck T-Shirt,Shirt,0,0,0,2023-04-01 00:00:00
p_7tce4kfut5,Heather Oatmeal Crew Neck Sweater,Knit Sweaters,0,0,0,2023-04-01 00:00:00
p_eyc8fnh7za,Heather Purple Short Sleeve Crew Neck T-Shirt,T-Shirts,0,0,0,2023-04-01 00:00:00
p_fzwwcz6x6s,Heather Sage Short Sleeve Crew Neck T-Shirt,T-Shirts,0,0,0,2023-04-01 00:00:00
p_xvg4py479t,Heather Sage V-Neck Short Sleeve T-Shirt,T-Shirts,0,0,0,2023-04-01 00:00:00
p_up97jdnnsw,Heather Sapphire Short Sleeve Crew Neck T-Shirt,T-Shirts,0,0,0,2023-04-01 00:00:00
p_84xru5kzx9,Heather Dusty Pink Short Sleeve Crew Neck T-Shirt,T-Shirts,0,0,0,2023-04-01 00:00:00
p_xrvchd55bc,Heather Military Green Short Sleeve Tall Crew,Screen Printed T-Shirts,0,0,0,2023-04-01 00:00:00
p_xqcme6qpqk,Heather Navy Active Comfort Full Zip Hoodie,Hoodie,0,0,0,2023-04-01 00:00:00
p_5f676x59tf,Long Sleeve Tee | Loungewear | Heather Navy,T-Shirts,0,0,0,2023-04-01 00:00:00
p_ztgcvk5gkn,Short Sleeve Tee | Loungewear | Heather Navy,T-Shirts,0,0,0,2023-04-01 00:00:00
p_spgwfvgehe,Heather Navy Sweater Long Sleeve Button Up Shirt,Button Down Shirts,0,0,0,2023-04-01 00:00:00
p_6mr5zpx479,Indigo Wash Straight Fit Comfort Jeans,Jeans,0,0,0,2023-04-01 00:00:00
p_5bvpjy99x9,Ivory Active Jacket,Jacket,0,0,0,2023-04-01 00:00:00
p_23ej4qec4x,Khaki Coaches Jacket,Jacket,0,0,0,2023-04-01 00:00:00
p_ukpa96wyhm,Light Gray Stretch Oxford Long Sleeve Button Up Shirt,Button Down Shirts,0,0,0,2023-04-01 00:00:00
p_mzcrkdhuvj,Light Heather Gray Tall Round Hem Crew Neck T-Shirt,T-Shirts,0,0,0,2023-04-01 00:00:00
p_f7jft6kfqg,Light Indigo Wash Long Sleeve Chambray Shirt,Shirt,0,0,0,2023-04-01 00:00:00
p_ae6rxxhgmc,Medium Indigo Wash Long Sleeve Chambray Shirt,Shirt,0,0,0,2023-04-01 00:00:00
p_4axmubbqfb,Medium Indigo Wash Slim Fit Comfort Jeans,Jeans,0,0,0,2023-04-01 00:00:00
p_6b6wk8uxa6,Military Green Comfort Chino Pants,Pants,0,0,0,2023-04-01 00:00:00
p_ewa8pkqm8u,Military Green Fleece French Terry Jogger,Sweatpants & Joggers,0,0,0,2023-04-01 00:00:00
p_9fu3j9tbue,Military Green Tall Round Hem Crew Neck T-Shirt,T-Shirts,0,0,0,2023-04-01 00:00:00
p_26dpvscejy,Navy Comfort Chino Pants,Pants,0,0,0,2023-04-01 00:00:00
p_gqs2hwpkjy,Navy Commuter Long Sleeve Button Up Shirt,Shirt,0,0,0,2023-04-01 00:00:00
p_e58dmnpc9e,Navy Fleece French Terry Jogger,Sweatpants & Joggers,0,0,0,2023-04-01 00:00:00
p_r3gbt3j2kw,Navy Long Sleeve Button Up Shirt,Shirt,0,0,0,2023-04-01 00:00:00
p_byy2kmxasx,Navy Long Sleeve Lightweight Flannel Shirt,Shirt,0,0,0,2023-04-01 00:00:00
p_dr2dsqwwjd,Navy Performance Lightweight Dress Shirt,Button Down Shirts,0,0,0,2023-04-01 00:00:00
p_2d9wqf9yrd,Navy Puffer Vest,Outerwear Vests,0,0,0,2023-04-01 00:00:00
p_m753ak35t9,Navy Stretch Oxford Long Sleeve Button Up Shirt,Shirt,0,0,0,2023-04-01 00:00:00
p_wzprzguypw,Sandstone Comfort Chino Pants,Pants,0,0,0,2023-04-01 00:00:00
p_fyejvaduhb,Stone Blue Active Jogger,Sweatpants & Joggers,0,0,0,2023-04-01 00:00:00
p_gv8hh5kma3,Stone Stretch Oxford Long Sleeve Button Up Shirt,Button Down Shirts,0,0,0,2023-04-01 00:00:00
p_9absn9mpzt,Suede Brown Comfort Chino Pant,Pants,0,0,0,2023-04-01 00:00:00
p_f3zjdpjr6y,White Active Ankle Socks 3-Pack,Socks,0,0,0,2023-04-01 00:00:00
p_vdzeqmc9rs,White Active Crew Socks 3-Pack,Socks,0,0,0,2023-04-01 00:00:00
p_u9kx69bqms,White Active Never Show Socks 3-Pack,Socks,0,0,0,2023-04-01 00:00:00
p_jybua995rp,White Long Sleeve Button Up Shirt,Button Down Shirts,0,0,0,2023-04-01 00:00:00
p_yabrk8yt6y,White Commuter Long Sleeve Button Up Shirt,Button Down Shirts,0,0,0,2023-04-01 00:00:00
p_jc3jqkdafw,White Commuter Short Sleeve Button Up,Button Down Shirts,0,0,0,2023-04-01 00:00:00
p_hvfwhakq9c,White Performance Lightweight Dress Shirt,Button Down Shirts,0,0,0,2023-04-01 00:00:00
p_btfq53bzn6,White Short Sleeve Active Polo Shirt,Polos,0,0,0,2023-04-01 00:00:00
p_p42j2ebh8r,White Short Sleeve Button Up Shirt,Shirt,0,0,0,2023-04-01 00:00:00
p_xug2xuwpqn,White Stretch Oxford Long Sleeve Button Up Shirt,Shirt,0,0,0,2023-04-01 00:00:00
p_2xrckgaktx,White Tall Round Hem Crew Neck T-Shirt,T-Shirts,0,0,0,2023-04-01 00:00:00
p_p29249kscd,White Waffle Hoodie,Hoodie,0,0,0,2023-04-01 00:00:00
p_395td7np9f,Heather Military Green Short Sleeve Tall Polo Shirt,Polos,0,0,0,2023-04-01 00:00:00
p_tmjb73g498,Heather Navy Short Sleeve Tall Polo Shirt,Polos,0,0,0,2023-04-01 00:00:00
p_p7dtyf9kd8,Heather Pale Blue Short Sleeve V-Neck T-Shirt,T-Shirts,0,0,0,2023-04-01 00:00:00
p_3fgxkpaxye,Heather Seafarer Short Sleeve Polo Shirt,Polos,0,0,0,2023-04-01 00:00:00
p_jre675wesy,Heather Seafarer Short Sleeve Tall Polo Shirt,Polos,0,0,0,2023-04-01 00:00:00
p_mqgpa9st88,Heather Sapphire Short Sleeve V-Neck T-Shirt,T-Shirts,0,0,0,2023-04-01 00:00:00
p_vaexg8brvb,Heather Navy Short Sleeve Tall Crew,T-Shirts,0,0,0,2023-04-01 00:00:00
p_dqknx7njuf,Heather Slate Green Short Sleeve Polo Shirt,Polos,0,0,0,2023-04-01 00:00:00
p_zscv6ea69y,Heather Voyager Short Sleeve Crew Neck T-Shirt,T-Shirts,0,0,0,2023-04-01 00:00:00
p_jzwpw7njj6,Heather Voyager Short Sleeve Polo Shirt,Polos,0,0,0,2023-04-01 00:00:00
p_6e9uas44v6,Heather Voyager Short Sleeve V-Neck T-Shirt,T-Shirts,0,0,0,2023-04-01 00:00:00
p_28xdw49sqx,Indigo Short Sleeve Crew Neck T-Shirt,T-Shirts,0,0,0,2023-04-01 00:00:00
p_79pyfxzssb,Indigo Short Sleeve V-Neck T-Shirt,T-Shirts,0,0,0,2023-04-01 00:00:00
p_cje82wcjgv,Iron Gray Active Crew Neck T-Shirt,T-Shirts,0,0,0,2023-04-01 00:00:00
p_42exp9424a,Light Heather Gray Active Crew Neck T-Shirt,T-Shirts,0,0,0,2023-04-01 00:00:00
p_8v2uvftad7,Light Heather Gray Short Sleeve Crew Neck T-Shirt,T-Shirts,0,0,0,2023-04-01 00:00:00
p_39k28x38p7,Light Heather Gray Short Sleeve Polo Shirt,Polos,0,0,0,2023-04-01 00:00:00
p_cgxstjpjhj,Light Khaki Short Sleeve Crew Neck T-Shirt,T-Shirts,0,0,0,2023-04-01 00:00:00
p_4rudftw6u6,Lilac Gray Short Sleeve V-Neck T-Shirt,T-Shirts,0,0,0,2023-04-01 00:00:00
p_zymrwj8fj9,Mahogany Short Sleeve Crew Neck T-Shirt,T-Shirts,0,0,0,2023-04-01 00:00:00
p_6b99p4bqsk,Mahogany Short Sleeve Polo Shirt,Polos,0,0,0,2023-04-01 00:00:00
p_tgudk6vxpb,Military Beige Short Sleeve V-Neck T-Shirt,T-Shirts,0,0,0,2023-04-01 00:00:00
p_cbxu2v3ntm,Military Green Short Sleeve Active Crew Neck T-Shirt,T-Shirts,0,0,0,2023-04-01 00:00:00
p_j9ak85wp57,Military Green Active Quick Dry Short with Liner,Shorts,0,0,0,2023-04-01 00:00:00
p_tfc9aqbuz4,Military Green Short Sleeve Crew Neck T-Shirt,T-Shirts,0,0,0,2023-04-01 00:00:00
p_ch6qn6a8en,Military Green Short Sleeve V-Neck T-Shirt,T-Shirts,0,0,0,2023-04-01 00:00:00
p_t4px9w63de,Navy Short Sleeve Crew Neck T-Shirt,T-Shirts,0,0,0,2023-04-01 00:00:00
p_cty4s4ehz9,Orange Short Sleeve V-Neck T-Shirt,T-Shirts,0,0,0,2023-04-01 00:00:00
p_wc3k5eupk3,Oxford Blue Short Sleeve V-Neck T-Shirt,T-Shirts,0,0,0,2023-04-01 00:00:00
p_zc2fube8nb,Periwinkle Blue Short Sleeve Polo Shirt,Polos,0,0,0,2023-04-01 00:00:00
p_hed6qt6arh,Raspberry Short Sleeve Polo Shirt,Polos,0,0,0,2023-04-01 00:00:00
p_uwx92gahmk,Mahogany Long Sleeve Henley,T-Shirts,0,0,0,2023-04-01 00:00:00
p_mdphbu2y54,Indigo Long Sleeve T-Shirt,T-Shirts,0,0,0,2023-04-01 00:00:00
p_vhh2e6dge7,Mellow Yellow Short Sleeve Crew Neck T-Shirt,T-Shirts,0,0,0,2023-04-01 00:00:00
p_w24fe8f3xz,Mellow Yellow Short Sleeve V-Neck T-Shirt,T-Shirts,0,0,0,2023-04-01 00:00:00
p_77barf9kfn,Mahogany Long Sleeve Waffle Crew,Sweatshirt,0,0,0,2023-04-01 00:00:00
p_624s29xq4x,Sweater Scarf | Black,Scarf,0,0,0,2023-04-01 00:00:00
p_c4xj5zhjn2,Heather Navy Sweater Button Up Shirt,Button Down Shirts,0,0,0,2023-04-01 00:00:00
p_qek9etj5vj,Heather Voyager Short Sleeve Crew Neck T-Shirt,Shirt,0,0,0,2023-04-01 00:00:00
p_u9qz9yabud,Indigo Wash Slim Fit Comfort Jeans,Jeans,0,0,0,2023-04-01 00:00:00
p_h5b94d3deu,Centurion Short Sleeve Sweater Polo,Polos,0,0,0,2023-04-01 00:00:00
p_erspmns4ce,Heather Seafarer Short Sleeve V-Neck Neck T-Shirt,Shirt,0,0,0,2023-04-01 00:00:00
p_q4h28hmd8q,Never Show Socks | Active | 3-Pack | Black,Socks,0,0,0,2023-04-01 00:00:00
p_aj2ry7xdv9,"Chino Shorts | Comfort | 7"" | Rosewood",Shorts,0,0,0,2023-04-01 00:00:00
p_9y7cp9jumm,"Shorts | Classic Twill | 9"" | Sandstone",Shorts,0,0,0,2023-04-01 00:00:00
p_3pskc4cwbp,"Shorts | Classic Twill | 9"" Khaki",Shorts,0,0,0,2023-04-01 00:00:00
p_6bn53rdnz2,"Shorts | Classic Twill | 9"" | Navy",Shorts,0,0,0,2023-04-01 00:00:00
p_h4877neu4n,Sandstone Commuter Short,Shorts,0,0,0,2023-04-01 00:00:00
p_xsbj94sm6q,Heather Gray Fleece French Terry Short,Shorts,0,0,0,2023-04-01 00:00:00
p_jqam2z9s7w,"Chino Shorts | Comfort | 9"" | Ivory",Shorts,0,0,0,2023-04-01 00:00:00
p_kvcynwabcy,"Chino Shorts | Comfort | 9"" | Sandstone",Shorts,0,0,0,2023-04-01 00:00:00
p_7y7ms9wtr4,Shorts | Active Comfort | Black,Shorts,0,0,0,2023-04-01 00:00:00
p_r5du83g9df,Shorts | Active | Quick Dry with Liner | Black,Swim Shorts,0,0,0,2023-04-01 00:00:00
p_7pvp4dcq5n,Carbon Active Quick Dry Short with Liner,Swim Shorts,0,0,0,2023-04-01 00:00:00
p_gmhetj6qvj,Long Sleeve Button Up Shirt | Stretch Oxford | Banker Blue,Button Down Shirts,0,0,0,2023-04-01 00:00:00
p_8q3s9r6qwu,Hoodie | Active Comfort | Full Zip | Black,Hoodie,0,0,0,2023-04-01 00:00:00
p_fc9era585c,Jacket | Active | Black,Athletic Jackets,0,0,0,2023-04-01 00:00:00
p_m26ckp2n6s,Black Tall Round Hem Crew Neck T-Shirt,T-Shirts,0,0,0,2023-04-01 00:00:00
p_cfg5xu3gvw,Dark Olive Short Sleeve Crew Neck T-Shirt,T-Shirts,0,0,0,2023-04-01 00:00:00
p_yhput7au44,Dark Olive Long Sleeve Henley,T-Shirts,0,0,0,2023-04-01 00:00:00
p_ez9ax3esv6,Emerald Long Sleeve Crew Neck T-Shirt,T-Shirts,0,0,0,2023-04-01 00:00:00
p_8vx6ygsmsd,Heather Gray Hooded Long Sleeve T-Shirt,Hoodie,0,0,0,2023-04-01 00:00:00
p_23ubcbvz89,Heather Gray Never Show Socks 3-Pack,Socks,0,0,0,2023-04-01 00:00:00
p_pz6x448p9t,Heather Gray Short Sleeve Sweater Polo Shirt,Knit Tops,0,0,0,2023-04-01 00:00:00
p_jg78h55jmw,Heather Gray Sweater Beanie,Beanie,0,0,0,2023-04-01 00:00:00
p_w7ysprckp8,Heather Navy Active Comfort Straight Leg Pant,Sweatpants & Joggers,0,0,0,2023-04-01 00:00:00
p_8nnyqj3ewe,Heather Emerald Tall Round Hem Crew Neck T-Shirt,T-Shirts,0,0,0,2023-04-01 00:00:00
p_ttezb89gxf,Heather Mauve Short Sleeve Crew Neck T-Shirt,T-Shirts,0,0,0,2023-04-01 00:00:00
p_qtjb9pcnn3,Heather Navy Active Shell Jacket,Jacket,0,0,0,2023-04-01 00:00:00
p_f92h3kv2cv,Heather Pale Blue Short Sleeve Crew Neck T-Shirt,T-Shirts,0,0,0,2023-04-01 00:00:00
p_vjgaj8nyrd,Heather Gray Sweater Scarf,Scarf,0,0,0,2023-04-01 00:00:00
p_dy7mjs4bpm,Sleeveless Muscle Tee | Active | Light Heather Gray,Tank Top,0,0,0,2023-04-01 00:00:00
p_6sdgsje2m3,Mahogany Fleece French Terry Jogger,Sweatpants & Joggers,0,0,0,2023-04-01 00:00:00
p_xfct3t2vkk,Mahogany Waffle Hoodie,Hoodie,0,0,0,2023-04-01 00:00:00
p_wtnvenruq9,Medium indigo Wash Straight Fit Comfort Jeans,Jeans,0,0,0,2023-04-01 00:00:00
p_v8pfb5wryd,Military Green Waffle Hoodie,Hoodie,0,0,0,2023-04-01 00:00:00
p_x525p5gyt4,Moss Short Sleeve Sweater Polo Shirt,T-Shirts,0,0,0,2023-04-01 00:00:00
p_t58yx24wsb,Navy Hooded Long Sleeve T-Shirt,Sweatshirt,0,0,0,2023-04-01 00:00:00
p_msfd479sz8,Navy Short Sleeve Button Up Shirt,Shirt,0,0,0,2023-04-01 00:00:00
p_mau5qbhasg,Navy Short Sleeve Sweater Polo Shirt,Knit Sweaters,0,0,0,2023-04-01 00:00:00
p_kccxqadagn,Navy Waffle Hoodie,Hoodie,0,0,0,2023-04-01 00:00:00
p_dbg2vhd8gn,Navy Waffle Long Sleeve Crew Neck,Sweatshirt,0,0,0,2023-04-01 00:00:00
p_7kzk6kwsxk,Oatmeal Sweater Hoodie,Hoodie,0,0,0,2023-04-01 00:00:00
p_xhubfpt2bh,Olive Long Sleeve Ripstop Commuter Shirt,Shirt,0,0,0,2023-04-01 00:00:00
p_29wrd4wkfa,Pale Blue Button Up Shirt,Button Down Shirts,0,0,0,2023-04-01 00:00:00
p_u2rhgedcvp,White Long Sleeve Polo Shirt,Polos,0,0,0,2023-04-01 00:00:00
p_5e7t6v6gv8,Heather Sapphire Short Sleeve V-Neck T-Shirt,T-Shirts,0,0,0,2023-04-01 00:00:00
p_wctjf5cy38,Heather Seafarer Short Sleeve Crew Neck T-Shirt,T-Shirts,0,0,0,2023-04-01 00:00:00
p_dxzcer2fk8,Heather Slate Green Short Sleeve Crew Neck T-Shirt,T-Shirts,0,0,0,2023-04-01 00:00:00
p_dbcpnaxxzz,Navy Boxer Briefs 3-Pack,Underwear,0,0,0,2023-04-01 00:00:00
p_4juc2hdg85,Navy Tall Straight Hem Crew Neck T-Shirt,T-Shirts,0,0,0,2023-04-01 00:00:00
p_drc7rrjfsv,Mahogany Long Sleeve T-Shirt,Shirt,0,0,0,2023-04-01 00:00:00
p_rpcku7uhxu,Mahogany Short Sleeve V-Neck T-Shirt,T-Shirts,0,0,0,2023-04-01 00:00:00
p_jj6vbqjbcj,Navy Boxer Trunks 3-Pack,Underwear,0,0,0,2023-04-01 00:00:00
p_zm5cpgbxrk,Sapphire Short Sleeve Crew Neck T-Shirt,T-Shirts,0,0,0,2023-04-01 00:00:00
p_npv4nzv5x2,Sapphire Short Sleeve Polo Shirt,Polos,0,0,0,2023-04-01 00:00:00
p_ps2ys9u9da,Short Sleeve T-Shirt | Crew Neck | Steel,T-Shirts,0,0,0,2023-04-01 00:00:00
p_wue6hk6hmr,Short Sleeve T-Shirt | V-Neck | Steel,T-Shirts,0,0,0,2023-04-01 00:00:00
p_avsdr3kjaw,Military Green Boxer Briefs 3-Pack,Underwear,0,0,0,2023-04-01 00:00:00
p_9xxg4dd5wv,Navy Tall Long Sleeve T-Shirt,Shirt,0,0,0,2023-04-01 00:00:00
p_4qvba3a9f7,Off White Short Sleeve Crew Neck T-Shirt,T-Shirts,0,0,0,2023-04-01 00:00:00
p_rh632vzkvf,Raspberry Short Sleeve Crew Neck T-Shirt,T-Shirts,0,0,0,2023-04-01 00:00:00
p_jgnjyyepyv,White Short Sleeve Crew Neck T-Shirt,T-Shirts,0,0,0,2023-04-01 00:00:00
p_2nzpxxx9qd,White Tall Long Sleeve T-Shirt,T-Shirts,0,0,0,2023-04-01 00:00:00
p_fsr8s5rfne,Navy Tall Active Crew Neck,T-Shirts,0,0,0,2023-04-01 00:00:00
p_xzhwz3h8uh,Heather Light Khaki Crew Neck,Sweatshirt,0,0,0,2023-04-01 00:00:00
p_g2f7b4qvq8,Kelly Green Short Sleeve Crew Neck T-Shirt,T-Shirts,0,0,0,2023-04-01 00:00:00
p_jdmt24d7hn,Pale Blue Short Sleeve Crew Neck T-Shirt,T-Shirts,0,0,0,2023-04-01 00:00:00
p_xx645fy2er,Pink Opal Short Sleeve Crew Neck T-Shirt,T-Shirts,0,0,0,2023-04-01 00:00:00
p_m9zcd62yqy,Sandstone Short Sleeve Crew Neck T-Shirt,T-Shirts,0,0,0,2023-04-01 00:00:00
p_4m97kku3wq,Tan 499 Short Sleeve Crew Neck T-Shirt,T-Shirts,0,0,0,2023-04-01 00:00:00
p_6q2v79acx5,Light Blue Short Sleeve V-Neck T-Shirt,T-Shirts,0,0,0,2023-04-01 00:00:00
p_ce7amvu2k2,Light Heather Short Sleeve Gray V-Neck T-Shirt,T-Shirts,0,0,0,2023-04-01 00:00:00
p_ar4zzgjk5p,Periwinkle Blue Short Sleeve Crew Neck T-Shirt,T-Shirts,0,0,0,2023-04-01 00:00:00
p_e34ttzx6kf,True Red Short Sleeve Crew Neck T-Shirt,T-Shirts,0,0,0,2023-04-01 00:00:00
p_qsrzg2ce35,Turquoise Short Sleeve Crew Neck T-Shirt,T-Shirts,0,0,0,2023-04-01 00:00:00
p_bg7f7edphc,Stone Blue Active Comfort Short,Shorts,0,0,0,2023-04-01 00:00:00
p_ka34xhhhr8,Indigo Boxer Briefs 3-Pack,Underwear,0,0,0,2023-04-01 00:00:00
p_axzk47pvme,Teal Boxer Briefs 3-Pack,Underwear,0,0,0,2023-04-01 00:00:00
p_cnrb9yncvy,White Half Crew Sock 3-Pack,Socks,0,0,0,2023-04-01 00:00:00
p_pkqtyg3hqm,White Never Show Socks 3-Pack,Socks,0,0,0,2023-04-01 00:00:00
p_8q6fwp8wgq,Yellow Short Sleeve Polo Shirt,Polos,0,0,0,2023-04-01 00:00:00
p_8497zwuxp3,Mahogany Fleece French Terry Pullover Crew Sweatshirt,Sweatshirt,0,0,0,2023-04-01 00:00:00
p_dcqnnrpypu,Long Sleeve Tee And Jogger Set | Loungewear | Charcoal Heather Gray,Sweatshirt,0,0,0,2023-04-01 00:00:00
p_cc9s42vn4x,Short Sleeve Tee And Pant Set | Loungewear | Charcoal Heather Gray,Sweatpants & Joggers,0,0,0,2023-04-01 00:00:00
p_zwuqmdbfnt,Charcoal Heather Gray Short Sleeve Tall Active Crew Neck,T-Shirts,0,0,0,2023-04-01 00:00:00
p_un65wg283k,Long Sleeve Tee And Jogger Set | Loungewear | Heather Navy,Sweatshirt,0,0,0,2023-04-01 00:00:00
p_pqxd5rn6d9,Short Sleeve Tee And Pant Set | Loungewear | Heather Navy,Lounge Sweatpants & Joggers,0,0,0,2023-04-01 00:00:00
p_pznn6yemfk,Heather Navy Quarter Zip Performance Shirt,Athletic Tops,0,0,0,2023-04-01 00:00:00
p_f8nexh4476,Heather Navy Short Sleeve Tall Active Crew Neck,T-Shirts,0,0,0,2023-04-01 00:00:00
p_v4vw7cyjx6,White Short Sleeve Tall Active Crew Neck,T-Shirts,0,0,0,2023-04-01 00:00:00
p_fbcq86jv23,Heather Dusty Pink Short Sleeve V-Neck T-Shirt,T-Shirts,0,0,0,2023-04-01 00:00:00
p_d47n8u8fab,Black Long Sleeve Henley,Shirt,0,0,0,2023-04-01 00:00:00
p_7ekanr458k,Heather Burgundy Active Crew Neck T-Shirt,Shirt,0,0,0,2023-04-01 00:00:00
p_adhb2jnwk7,Military Green Tall Straight Hem Crew Neck T-Shirt,T-Shirts,0,0,0,2023-04-01 00:00:00
p_4xegh3d2dq,White Short Sleeve Active Polo Shirt,Polos,0,0,0,2023-04-01 00:00:00
p_jgj485u9gx,Heather Gray Hooded Long Sleeve T-Shirt,Hoodie,0,0,0,2023-04-01 00:00:00
p_5uvd4uv28m,Mahogany Waffle Hoodie,Hoodie,0,0,0,2023-04-01 00:00:00
p_qh5ucmcku5,Military Green Waffle Hoodie,Hoodie,0,0,0,2023-04-01 00:00:00
p_wrcbv4f2uu,Navy Hooded Long Sleeve T-Shirt,Sweatshirt,0,0,0,2023-04-01 00:00:00
p_3rcm54jqbs,Navy Waffle Hoodie,Hoodie,0,0,0,2023-04-01 00:00:00
p_vjd833ph3z,White Waffle Hoodie,Hoodie,0,0,0,2023-04-01 00:00:00
p_5uapency29,Navy Waffle Long Sleeve Crew Neck,Sweatshirt,0,0,0,2023-04-01 00:00:00
p_4ssfur9upr,Pale Blue Button Up Shirt,Button Down Shirts,0,0,0,2023-04-01 00:00:00
p_u9t2zm725p,Short Sleeve Active Polo Shirt | Black,Polos,0,0,0,2023-04-01 00:00:00
p_mnk33hmpwg,White Short Sleeve Active Polo,Polos,0,0,0,2023-04-01 00:00:00
p_ch7bwuavhv,Heather Gray Sweater Scarf,Scarf,0,0,0,2023-04-01 00:00:00
p_5crt48k7v7,Navy Short Sleeve Button Up Shirt,Shirt,0,0,0,2023-04-01 00:00:00
p_r6t642amsw,White Short Sleeve Button Up Shirt,Shirt,0,0,0,2023-04-01 00:00:00
p_pzx9wvv4qb,Heather Mauve Short Sleeve Crew Neck T-Shirt,T-Shirts,0,0,0,2023-04-01 00:00:00
p_tvdv27amhe,Heather Navy Active Comfort Straight Leg Pant,Sweatpants & Joggers,0,0,0,2023-04-01 00:00:00
p_2rhbv3znrg,Heather Navy Active Shell Jacket,Jacket,0,0,0,2023-04-01 00:00:00
p_ne28r8hbv2,Heather Seafarer Short Sleeve Crew Neck T-Shirt,T-Shirts,0,0,0,2023-04-01 00:00:00
p_yxq99tj7cv,Heather Slate Green Short Sleeve Crew Neck T-Shirt,Shirt,0,0,0,2023-04-01 00:00:00
p_2mwcc7hpkx,Light Heather Gray Sleeveless Active Muscle Tee,Tank Top,0,0,0,2023-04-01 00:00:00
p_cyyubbh7u4,Mahogany Fleece French Terry Jogger,Sweatpants & Joggers,0,0,0,2023-04-01 00:00:00
p_fqsqmarq3k,Mahogany Long Sleeve T-Shirt,Shirt,0,0,0,2023-04-01 00:00:00
p_r6f5ekuzmt,Mahogany V-Neck T-Shirt,Shirt,0,0,0,2023-04-01 00:00:00
p_zm7a3rkwma,Navy Tall Straight Hem Crew Neck T-Shirt,T-Shirts,0,0,0,2023-04-01 00:00:00
p_qktubda8xw,Heather Sapphire Short Sleeve V-Neck T-Shirt,T-Shirts,0,0,0,2023-04-01 00:00:00
p_bpux6v6hy3,Moss Short Sleeve Sweater Polo Shirt,T-Shirts,0,0,0,2023-04-01 00:00:00
p_x53atty9z2,Steel Short Sleeve V-Neck T-Shirt,T-Shirts,0,0,0,2023-04-01 00:00:00
p_55tcz9qg6f,Black Boxer Briefs 3-Pack,Underwear,0,0,0,2023-04-01 00:00:00
p_3t9x6drd9q,Never Show Socks | 3-Pack | Black,Socks,0,0,0,2023-04-01 00:00:00
p_9u87cuwg9k,Carbon Boxer Briefs 3-Pack,Underwear,0,0,0,2023-04-01 00:00:00
p_wuqcj8q3tb,Heather Gray Never Show Socks 3-Pack,Socks,0,0,0,2023-04-01 00:00:00
p_hj4kerceu3,Heather Gray Sweater Beanie,Beanie,0,0,0,2023-04-01 00:00:00
p_zkfhub8juv,Indigo Boxer Briefs 3-Pack,Underwear,0,0,0,2023-04-01 00:00:00
p_gky7ujn5kk,Military Green Boxer Briefs 3-Pack,Underwear,0,0,0,2023-04-01 00:00:00
p_hcstkqf7xs,Navy Boxer Briefs 3-Pack,Underwear,0,0,0,2023-04-01 00:00:00
p_vvxrx4e62u,Navy Boxer Trunks 3-Pack,Underwear,0,0,0,2023-04-01 00:00:00
p_ebtxk5mjkc,Teal Boxer Briefs 3-Pack,Underwear,0,0,0,2023-04-01 00:00:00
p_n52bwwvypc,White Active Crew Socks 3-Pack,Socks,0,0,0,2023-04-01 00:00:00
p_ngty2gftav,White Active Never Show Socks 3-Pack,Socks,0,0,0,2023-04-01 00:00:00
p_kdjpvxj7fs,White Half Crew Sock 3-Pack,Socks,0,0,0,2023-04-01 00:00:00
p_yefeaupknw,White Never Show Socks 3-Pack,Socks,0,0,0,2023-04-01 00:00:00
p_39acmqrp48,White Never Show Socks 3-Pack,Socks,0,0,0,2023-04-01 00:00:00
p_ntuxn2s2c5,Yellow Polo,Polos,0,0,0,2023-04-01 00:00:00
p_d53wqyy6nw,Oatmeal Sweater Hoodie,Hoodie,0,0,0,2023-04-01 00:00:00
p_xqd85rvpxs,Black Puffer Jacket,Puffer Jackets,0,0,0,2023-04-01 00:00:00
p_cad333s5q5,Heather Burgundy Active Long Sleeve Crew Neck,Sweatshirt,0,0,0,2023-04-01 00:00:00
p_heevyaqhce,"9"" Sandstone Classic Twill Shorts",Shorts,0,0,0,2023-04-01 00:00:00
p_yptjy3dzdz,"Shorts | Classic Twill | 7"" | Navy",Shorts,0,0,0,2023-04-01 00:00:00
p_v7wa7rn4tb,"Shorts | Classic Twill | 9"" | Khaki",Shorts,0,0,0,2023-04-01 00:00:00
p_x53vukk5e9,"Shorts | Classic Twill | 9"" | Meadow",Shorts,0,0,0,2023-04-01 00:00:00
p_yacuttmhrh,"9"" Navy Classic Twill Shorts",Shorts,0,0,0,2023-04-01 00:00:00
p_2432p8f6a5,"Shorts | Active Training | 7"" | Navy",Shorts,0,0,0,2023-04-01 00:00:00
p_64vbv6tpdm,Heather Gray Fleece French Terry Shorts,Shorts,0,0,0,2023-04-01 00:00:00
p_bmga62pefz,"9"" Sandstone Comfort Chino Shorts",Shorts,0,0,0,2023-04-01 00:00:00
p_b9pagk3ugb,Shorts | Active Comfort | Black,Shorts,0,0,0,2023-04-01 00:00:00
p_yn26dfj46r,Dark Heather Burgundy Active Comfort Short,Swim Shorts,0,0,0,2023-04-01 00:00:00
p_pe2azubxe8,Dark Heather Indigo Active Comfort Short,Shorts,0,0,0,2023-04-01 00:00:00
p_p58c6d9vvb,Dark Heather Military Green Active Comfort Short,Shorts,0,0,0,2023-04-01 00:00:00
p_6uh7rmkygu,Black Active Quick Dry Short with Liner,Swim Shorts,0,0,0,2023-04-01 00:00:00
p_wdbckwxtef,Carbon Active Quick Dry Short with Liner,Swim Shorts,0,0,0,2023-04-01 00:00:00
p_use9g4kaed,Black Active Never Show Socks 3-Pack,Socks,0,0,0,2023-04-01 00:00:00
p_85umjtnpsy,Sweater Scarf | Black,Scarf,0,0,0,2023-04-01 00:00:00
p_atrr9sdp25,Charcoal Heather Gray Short Sleeve Tall Polo Shirt,Polos,0,0,0,2023-04-01 00:00:00
p_9h2qsu97ew,Dark Heather Navy Active Comfort Short,Shorts,0,0,0,2023-04-01 00:00:00
p_znadcksnfx,Reversible Casual Belt,Belt,0,0,0,2023-04-01 00:00:00
p_rbz7y8npg6,Indigo Wash Slim Fit Comfort Jeans,Jeans,0,0,0,2023-04-01 00:00:00
p_p54vvkv29d,Light Heather Gray Quarter Zip Performance Shirt,Athletic Tops,0,0,0,2023-04-01 00:00:00
p_rujp4wvbzv,Mahogany Long Sleeve Waffle Crew,Sweatshirt,0,0,0,2023-04-01 00:00:00
p_vsyjxxtp4a,Navy Short Sleeve Active Polo Shirt,Polos,0,0,0,2023-04-01 00:00:00
p_tfhcx4fbf5,Heather Gray Never Show Socks 3-Pack,Socks,0,0,0,2023-04-01 00:00:00
p_ggkq2n25rk,Carbon Waffle Hoodie,Hoodie,0,0,0,2023-04-01 00:00:00
p_fsar8whm4b,Dark Oak Waffle Hoodie,Hoodie,0,0,0,2023-04-01 00:00:00
p_nqbh5bzsfh,Heather Gray Long Sleeve Polo,Polos,0,0,0,2023-04-01 00:00:00
p_ter2rcscz6,Heather Gray Waffle Hoodie,Hoodie,0,0,0,2023-04-01 00:00:00
p_5z9rynrdat,Dark Oak Long Sleeve Waffle Crew,Sweatshirt,0,0,0,2023-04-01 00:00:00
p_ap2c64hjnc,Dark Olive Long Sleeve Waffle Crew,Shirt,0,0,0,2023-04-01 00:00:00
p_zwzpj7gynb,Deep Sea Blue Long Sleeve Waffle Crew,T-Shirts,0,0,0,2023-04-01 00:00:00
p_ejzn2bhevc,Evergreen Heather Long Sleeve Waffle Crew,Sweatshirt,0,0,0,2023-04-01 00:00:00
p_456rdfdknv,Navy Long Sleeve Button Up Shirt,Shirt,0,0,0,2023-04-01 00:00:00
p_9ueremsrcn,Heather Navy Short Sleeve Loungewear Tee,T-Shirts,0,0,0,2023-04-01 00:00:00
p_pxj9zkmurj,Charcoal Heather Active Comfort Pullover Hoodie,Hoodie,0,0,0,2023-04-01 00:00:00
p_ab6dzqm4qc,Charcoal Heather Gray Fleece French Terry Jogger,Sweatpants & Joggers,0,0,0,2023-04-01 00:00:00
p_r7g7s9ued2,Dark Olive Fleece Shacket,Jacket,0,0,0,2023-04-01 00:00:00
p_pevetyjchy,Heather Dark Oak V-Neck T-Shirt,Screen Printed T-Shirts,0,0,0,2023-04-01 00:00:00
p_7bmm7jjbng,Heather Gray Long Sleeve Lightweight Flannel Shirt,Button Down Shirts,0,0,0,2023-04-01 00:00:00
p_jdy7juawjw,Heather Gray Pique Crew Sweater,Knit Sweaters,0,0,0,2023-04-01 00:00:00
p_hdbwf4s669,Heather Gray Tall Straight Hem Crew Neck T-Shirt,T-Shirts,0,0,0,2023-04-01 00:00:00
p_zsnvka2svc,Heather Mist Short Sleeve Crew Neck T-Shirt,T-Shirts,0,0,0,2023-04-01 00:00:00
p_h4edseg6hf,Heather Navy Active Comfort Pullover Hoodie,Hoodie,0,0,0,2023-04-01 00:00:00
p_n6kve3ddkw,Heather Navy Long Sleeve Ripstop Commuter Shirt,Shirt,0,0,0,2023-04-01 00:00:00
p_h8jucbuvcu,Heather Navy Pique Crew Sweater,Knit Sweaters,0,0,0,2023-04-01 00:00:00
p_sxcevd7ww2,Heather Oatmeal Crew Neck Sweater,Knit Sweaters,0,0,0,2023-04-01 00:00:00
p_ex8zw8z5dh,Heather Sapphire Short Sleeve Crew Neck T-Shirt,T-Shirts,0,0,0,2023-04-01 00:00:00
p_fdgw8vn8mw,Indigo Wash Straight Fit Comfort Jeans,Jeans,0,0,0,2023-04-01 00:00:00
p_gkhuhrbvc5,Light Indigo Wash Long Sleeve Chambray Shirt,Shirt,0,0,0,2023-04-01 00:00:00
p_5ez35speq8,Medium Indigo Wash Long Sleeve Chambray Shirt,Shirt,0,0,0,2023-04-01 00:00:00
p_36tbyhq9p3,Navy Fleece Shacket,Shirt Jackets,0,0,0,2023-04-01 00:00:00
p_grdphsazq4,Reversible Dress Belt,Belt,0,0,0,2023-04-01 00:00:00
p_qj9xh26ctj,Sapphire Short Sleeve Crew Neck T-Shirt,Screen Printed T-Shirts,0,0,0,2023-04-01 00:00:00
p_7nraatq97j,Steel Short Sleeve Crew Neck T-Shirt,T-Shirts,0,0,0,2023-04-01 00:00:00
p_37z5p8b2wz,Heather Dark Orchid Short Sleeve Vee Neck T-Shirt,Shirt,0,0,0,2023-04-01 00:00:00
p_rr9yu69cdx,Heather Mist Short Sleeve Vee Neck T-Shirt,T-Shirts,0,0,0,2023-04-01 00:00:00
p_7fgbszq45t,Heather Voyager Short Sleeve Vee Neck T-Shirt,T-Shirts,0,0,0,2023-04-01 00:00:00
p_aj728cj6p2,Reversible Casual Belt,Belt,0,0,0,2023-04-01 00:00:00
p_wkggwhgxue,Navy Long Sleeve Lightweight Flannel Shirt,Shirt,0,0,0,2023-04-01 00:00:00
p_8fx2h79sez,Black Slippers,Slippers,0,0,0,2023-04-01 00:00:00
p_cguvv472kt,Heather Navy Loungewear Pant,Pants,0,0,0,2023-04-01 00:00:00
p_e6aypq2yyn,Charcoal Heather Active Comfort Full Zip Hoodie,Hoodie,0,0,0,2023-04-01 00:00:00
p_zg2kz56sep,Khaki Coaches Jacket,Jacket,0,0,0,2023-04-01 00:00:00
p_v6xzqb4euh,Electric Blue Polo,Polos,0,0,0,2023-04-01 00:00:00
p_kyjxexravk,Heather Gray Active Crew Socks 3-Pack,Socks,0,0,0,2023-04-01 00:00:00
p_v4pawc4ufa,Heather Gray Ankle Socks 3-Pack,Socks,0,0,0,2023-04-01 00:00:00
p_r3b5cqykd8,Heather Gray Never Show Socks 3-Pack,Socks,0,0,0,2023-04-01 00:00:00
p_xsa4epqty5,Mahogany Polo,Polos,0,0,0,2023-04-01 00:00:00
p_perj37fvaa,Periwinkle Blue Polo,Polos,0,0,0,2023-04-01 00:00:00
p_ump27mtkuq,Raspberry Polo,Polos,0,0,0,2023-04-01 00:00:00
p_szsv98dxsn,White Active Ankle Socks 3-Pack,Socks,0,0,0,2023-04-01 00:00:00
p_yvahsdbd7s,Heather Seafarer Short Sleeve Polo,Polos,0,0,0,2023-04-01 00:00:00
p_njb9h744v3,Indigo Rinse Straight Authentic Stretch Jeans,Jeans,0,0,0,2023-04-01 00:00:00
p_nyn3pcwdu8,Light Indigo Wash Slim Authentic Stretch Jeans,Jeans,0,0,0,2023-04-01 00:00:00
p_9f3wn27yj9,Indigo Rinse Slim Authentic Stretch Jeans,Jeans,0,0,0,2023-04-01 00:00:00
p_3dxryrdx2k,Medium Indigo Wash Slim Authentic Stretch Jeans,Jeans,0,0,0,2023-04-01 00:00:00
p_75westm75x,Light Indigo Wash Straight Authentic Stretch Jeans,Jeans,0,0,0,2023-04-01 00:00:00
p_7sfgw9sa4n,Medium Indigo Wash Straight Authentic Stretch Jeans,Jeans,0,0,0,2023-04-01 00:00:00
p_sy5ta2zsks,Heather Cayenne Short Sleeve Crew Neck T-Shirt,Shirt,0,0,0,2023-04-01 00:00:00
p_qcke957864,"Chino Shorts | Comfort | 7"" | Military Green",Shorts,0,0,0,2023-04-01 00:00:00
p_uy62gqzk94,"Shorts | Comfort Chino | 7"" | Sapphire",Shorts,0,0,0,2023-04-01 00:00:00
p_svgga79dfc,"Chino Shorts | Comfort | 7"" | Slate Green",Shorts,0,0,0,2023-04-01 00:00:00
p_n2cq64ucyu,"9"" Sapphire Comfort Chino Short",Shorts,0,0,0,2023-04-01 00:00:00
p_hubt8gp9tb,"9"" Slate Green Comfort Chino Short",Shorts,0,0,0,2023-04-01 00:00:00
p_vahhav9rn7,"Shorts | Classic Twill | 9"" | Black",Shorts,0,0,0,2023-04-01 00:00:00
p_jxeh4td3j3,"Shorts | 9"" | Classic Twill | Centurion",Shorts,0,0,0,2023-04-01 00:00:00
p_3mav9fu9q9,"Shorts | Active Training 7"" | Black",Shorts,0,0,0,2023-04-01 00:00:00
p_3he4jy8f99,"Shorts | Active Training | 7"" | Carbon",Shorts,0,0,0,2023-04-01 00:00:00
p_sdkp4ngqy8,"Shorts | Active Training | 7"" | Sandstone",Shorts,0,0,0,2023-04-01 00:00:00
p_n5vm5c3nb9,"Chino Shorts | Comfort | 7"" | Black",Shorts,0,0,0,2023-04-01 00:00:00
p_t3995sdwge,"Shorts | Comfort Chino | 7"" | Carbon",Shorts,0,0,0,2023-04-01 00:00:00
p_ys9u6f3mbt,"Chino Shorts | Comfort | 7"" | Khaki",Shorts,0,0,0,2023-04-01 00:00:00
p_2vpu7ymaay,Black Commuter Short,Shorts,0,0,0,2023-04-01 00:00:00
p_jnvzcqrwxp,Khaki Commuter Short,Shorts,0,0,0,2023-04-01 00:00:00
p_pgq6zgcvgq,Black Fleece French Terry Short,Shorts,0,0,0,2023-04-01 00:00:00
p_8hbywkfrwc,Military Green Fleece French Terry Short,Shorts,0,0,0,2023-04-01 00:00:00
p_v7655zp7an,"Chino Shorts | Comfort | 9"" | Black",Shorts,0,0,0,2023-04-01 00:00:00
p_29aky289rv,Navy Fleece French Terry Short,Shorts,0,0,0,2023-04-01 00:00:00
p_juczmrnmtc,"Shorts | Comfort Chino | 9"" | Carbon",Shorts,0,0,0,2023-04-01 00:00:00
p_jw2fyemxq7,"9"" Khaki Comfort Chino Short",Shorts,0,0,0,2023-04-01 00:00:00
p_uqn6yzvkpa,"9"" Navy Comfort Chino Short",Shorts,0,0,0,2023-04-01 00:00:00
p_8an2wybh3y,Charcoal Heather Gray Active Comfort Short,Athletic Shorts,0,0,0,2023-04-01 00:00:00
p_aw48ckctp9,Burgundy Active Quick Dry Short with Liner,Swim Shorts,0,0,0,2023-04-01 00:00:00
p_vey4w66jst,Military Green Active Quick Dry Short with Liner,Shorts,0,0,0,2023-04-01 00:00:00
p_nuk7mzc8jt,Navy Active Quick Dry Short with Liner,Swim Shorts,0,0,0,2023-04-01 00:00:00
p_r2e57cmagz,Joggers | Active | Black,Sweatpants & Joggers,0,0,0,2023-04-01 00:00:00
p_csr594d6ws,Heather Navy Loungewear Jogger,Sweatpants & Joggers,0,0,0,2023-04-01 00:00:00
p_2krzrc4m74,Carbon Fleece French Terry Jogger,Sweatpants & Joggers,0,0,0,2023-04-01 00:00:00
p_phdjj3n8yh,Heather Gray Fleece French Terry Joggers,Sweatpants & Joggers,0,0,0,2023-04-01 00:00:00
p_eaxfgdw35q,Medium Gray Wash Slim Fit Comfort Jeans,Jeans,0,0,0,2023-04-01 00:00:00
p_wcjsyc8zup,Medium Gray Wash Straight Fit Comfort Jeans,Jeans,0,0,0,2023-04-01 00:00:00
p_qjxt4q7gff,Military Green Coaches Jacket,Jacket,0,0,0,2023-04-01 00:00:00
p_fm6edfx4ep,Military Green Fleece French Terry Jogger,Sweatpants & Joggers,0,0,0,2023-04-01 00:00:00
p_28tc85jmdq,Military Green Waffle Long Sleeve Crew Neck,Sweatshirt,0,0,0,2023-04-01 00:00:00
p_mxsupz7eaq,Navy Coaches Jacket,Jacket,0,0,0,2023-04-01 00:00:00
p_qqk283mjjn,Navy Fleece French Terry Jogger,Sweatpants & Joggers,0,0,0,2023-04-01 00:00:00
p_xanpax5dbd,True Red Polo,Polos,0,0,0,2023-04-01 00:00:00
p_mrvwze8wph,White Ankle Socks 3-Pack,Socks,0,0,0,2023-04-01 00:00:00
p_ga52js5nmp,White Never Show Socks 3-Pack,Socks,0,0,0,2023-04-01 00:00:00
p_yhe8c62x9c,Heather Navy Quarter Zip Performance Shirt,Athletic Tops,0,0,0,2023-04-01 00:00:00
p_a7p3mw83t9,Heather Military Green Active Long Sleeve Crew Neck,T-Shirts,0,0,0,2023-04-01 00:00:00
p_rwwrukwyz9,Charcoal Heather Gray Short Sleeve Tall Active Crew Neck,T-Shirts,0,0,0,2023-04-01 00:00:00
p_qy223hzmfv,White Short Sleeve Tall Active Crew Neck,T-Shirts,0,0,0,2023-04-01 00:00:00
p_hfj965wa8c,Charcoal Heather Gray Loungewear Long Sleeve Tee And Jogger Set,Sweatshirt,0,0,0,2023-04-01 00:00:00
p_f3v8s3b963,Charcoal Heather Gray Loungewear Short Sleeve Tee And Pant Set,Sweatpants & Joggers,0,0,0,2023-04-01 00:00:00
p_3vtx7z4d8y,Heather Dusty Pink V-Neck T-Shirt,Screen Printed T-Shirts,0,0,0,2023-04-01 00:00:00
p_3kckyj2khu,Heather Navy Loungewear Short Sleeve Tee And Pant Set,Lounge Sweatpants & Joggers,0,0,0,2023-04-01 00:00:00
p_wj3u3m87yx,Short Sleeve T-Shirt | Active | Crew Neck | Black,T-Shirts,0,0,0,2023-05-01 00:00:00
p_svsvrfrcb6,Black Active Long Sleeve Crew Neck T-Shirt,T-Shirts,0,0,0,2023-05-01 00:00:00
p_vjfh4zw9pd,Short Sleeve Active Polo Shirt | Black,Polos,0,0,0,2023-05-01 00:00:00
p_2gwdmudpww,Long Sleeve Shirt | Crew Neck | Black,Shirt,0,0,0,2023-05-01 00:00:00
p_p6zw3xeg4v,Short Sleeve T-Shirt | Crew Neck | Black,T-Shirts,0,0,0,2023-05-01 00:00:00
p_8jmz33scf8,Sweatshirt | Pullover Crew Neck | Fleece French Terry | Black,Sweatshirt,0,0,0,2023-05-01 00:00:00
p_26twzeayzk,Pullover Hoodie | Fleece French Terry | Black,Hoodie,0,0,0,2023-05-01 00:00:00
p_xnzebcgf9j,Zip Hoodie | Fleece French Terry | Black,Hoodie,0,0,0,2023-05-01 00:00:00
p_v9vmgr3m4t,Polo Shirt | Black,Polos,0,0,0,2023-05-01 00:00:00
p_uwm4psyppk,Black Tall Straight Hem Crew Neck T-Shirt,T-Shirts,0,0,0,2023-05-01 00:00:00
p_s7yfamyjwt,Black V-Neck T-Shirt,T-Shirts,0,0,0,2023-05-01 00:00:00
p_htnnbrvvmk,Carbon Active Crew Neck,T-Shirts,0,0,0,2023-05-01 00:00:00
p_rgamhxuwjz,Carbon Crew Neck Long Sleeve,Shirt,0,0,0,2023-05-01 00:00:00
p_szpx92nwke,Carbon Fleece French Terry Zip Hoodie,Hoodie,0,0,0,2023-05-01 00:00:00
p_prm2runmas,Carbon Long Sleeve Henley,T-Shirts,0,0,0,2023-05-01 00:00:00
p_gf9pckvcm8,Carbon Short Sleeve Polo Shirt,Polos,0,0,0,2023-05-01 00:00:00
p_ujs2rxbwwy,Charcoal Heather Gray Active Long Sleeve Crew Neck,T-Shirts,0,0,0,2023-05-01 00:00:00
p_73vqwcfbpf,Charcoal Heather Gray Short Sleeve Active Polo Shirt,Polos,0,0,0,2023-05-01 00:00:00
p_9744mpdv5n,Charcoal Heather Gray Long Sleeve,Shirt,0,0,0,2023-05-01 00:00:00
p_3dh3myqfyq,Charcoal Heather Gray Polo,Polos,0,0,0,2023-05-01 00:00:00
p_yjazyejt4q,Charcoal Heather Gray V-Neck,Shirt,0,0,0,2023-05-01 00:00:00
p_xhhgk2nnba,Heather Burgundy Crew Neck T-Shirt,Shirt,0,0,0,2023-05-01 00:00:00
p_gbd3qsz25s,Heather Charcoal Gray Crew Neck T-Shirt,Shirt,0,0,0,2023-05-01 00:00:00
p_ea2gekbzfm,Heather Gray Crew Neck Long Sleeve,T-Shirts,0,0,0,2023-05-01 00:00:00
p_bdybxrzhhw,Heather Gray Fleece French Terry Pullover Hoodie,Hoodie,0,0,0,2023-05-01 00:00:00
p_cz4mtzemgt,Heather Gray Fleece French Terry Zip Hoodie,Hoodie,0,0,0,2023-05-01 00:00:00
p_ddgsdeyzu9,Heather Gray Long Sleeve Henley,T-Shirts,0,0,0,2023-05-01 00:00:00
p_5rc5ezqwny,Heather Gray Short Sleeve Polo Shirt,Polos,0,0,0,2023-05-01 00:00:00
p_shhxbvvxxp,Heather Indigo Active Crew Neck T-Shirt,T-Shirts,0,0,0,2023-05-01 00:00:00
p_4fs9u74y4x,Heather Indigo Crew Neck Long Sleeve,T-Shirts,0,0,0,2023-05-01 00:00:00
p_hmkhv4g497,Heather Indigo Crew Neck T-Shirt,Shirt,0,0,0,2023-05-01 00:00:00
p_s6hq3cbp99,Heather Indigo Short Sleeve Polo Shirt,Polos,0,0,0,2023-05-01 00:00:00
p_5q6tnqwruf,Heather Light Gray Active Long Sleeve Crew Neck,T-Shirts,0,0,0,2023-05-01 00:00:00
p_ggx5q9x8xm,Heather Military Green Active Crew Neck T-Shirt,Shirt,0,0,0,2023-05-01 00:00:00
p_xngupz8qg8,Heather Military Green Active Long Sleeve Crew Neck,T-Shirts,0,0,0,2023-05-01 00:00:00
p_pzg4uy9ru4,Heather Military Green Short Sleeve Active Polo Shirt,Polos,0,0,0,2023-05-01 00:00:00
p_kajnxmygka,Heather Military Green Crew Neck T-Shirt,Shirt,0,0,0,2023-05-01 00:00:00
p_95axe6dfn6,Heather Navy Active Crew Neck T-Shirt,T-Shirts,0,0,0,2023-05-01 00:00:00
p_5kpddtqty2,Heather Navy Active Long Sleeve Crew Neck,T-Shirts,0,0,0,2023-05-01 00:00:00
p_ccse4psnan,Heather Navy Crew Neck Long Sleeve,T-Shirts,0,0,0,2023-05-01 00:00:00
p_ug6duq4hvt,Heather Navy Crew Neck T-Shirt,Shirt,0,0,0,2023-05-01 00:00:00
p_vrmxbznmh9,Indigo Long Sleeve Henley,Shirt,0,0,0,2023-05-01 00:00:00
p_bhfd33ejhy,Indigo Short Sleeve Polo Shirt,Polos,0,0,0,2023-05-01 00:00:00
p_955cnseek9,Light Heather Gray Crew Neck Long Sleeve,T-Shirts,0,0,0,2023-05-01 00:00:00
p_6zjn28jf23,Military Green Crew Neck Long Sleeve,Shirt,0,0,0,2023-05-01 00:00:00
p_shcbhfeqaq,Military Green Fleece French Terry Pullover Crew Neck Sweatshirt,Sweatshirt,0,0,0,2023-05-01 00:00:00
p_3wz546brng,Military Green Fleece French Terry Pullover Hoodie,Hoodie,0,0,0,2023-05-01 00:00:00
p_8q6kvd32nc,Military Green Fleece French Terry Zip Hoodie,Hoodie,0,0,0,2023-05-01 00:00:00
p_brwwn6xkwh,Military Green Long Sleeve Henley,T-Shirts,0,0,0,2023-05-01 00:00:00
p_mwv4sjthwt,Military Green Short Sleeve Polo Shirt,Polos,0,0,0,2023-05-01 00:00:00
p_vtkmnr87v2,Navy Active Crew Neck T-Shirt,T-Shirts,0,0,0,2023-05-01 00:00:00
p_tpzfdnukzs,Navy Active Long Sleeve Crew Neck,T-Shirts,0,0,0,2023-05-01 00:00:00
p_bptwztkuks,Navy Short Sleeve Active Polo Shirt,Polos,0,0,0,2023-05-01 00:00:00
p_tjh5t8a6tw,Navy Crew Neck Long Sleeve,Shirt,0,0,0,2023-05-01 00:00:00
p_rezzg23bjy,Navy Fleece French Terry Pullover Crew Neck Sweatshirt,Sweatshirt,0,0,0,2023-05-01 00:00:00
p_k6s6hftqfe,Navy Fleece French Terry Pullover Hoodie,Hoodie,0,0,0,2023-05-01 00:00:00
p_h9z43a8zde,Navy Fleece French Terry Zip Hoodie,Hoodie,0,0,0,2023-05-01 00:00:00
p_ngbbqfwzd5,Navy Long Sleeve Henley,Shirt,0,0,0,2023-05-01 00:00:00
p_rhexhysfzs,Navy Short Sleeve Polo Shirt,Polos,0,0,0,2023-05-01 00:00:00
p_xa4dn5yc22,Navy Tall Short Sleeve Polo Shirt,Polos,0,0,0,2023-05-01 00:00:00
p_2wu3jtehp2,Navy Short Sleeve V-Neck T-Shirt,Shirt,0,0,0,2023-05-01 00:00:00
p_8rbvhb5tdc,White Active Crew Neck T-Shirt,Shirt,0,0,0,2023-05-01 00:00:00
p_r5gttk27sm,White Active Long Sleeve Crew Neck,Shirt,0,0,0,2023-05-01 00:00:00
p_2cus7843n6,White Crew Neck Long Sleeve,Shirt,0,0,0,2023-05-01 00:00:00
p_twpefb4vpq,White Long Sleeve Henley,T-Shirts,0,0,0,2023-05-01 00:00:00
p_6hvvy94kq4,White Short Sleeve Polo Shirt,Polos,0,0,0,2023-05-01 00:00:00
p_m6x758mjvq,White Short Sleeve Tall Polo Shirt,Polos,0,0,0,2023-05-01 00:00:00
p_s49r5jxnqq,White Short Sleeve V-Neck T-Shirt,T-Shirts,0,0,0,2023-05-01 00:00:00
p_fx25mpavbf,Long Sleeve T-Shirt | Hooded | Black,T-Shirts,0,0,0,2023-05-01 00:00:00
p_gawdf2gbfa,Long Sleeve Polo Shirt | Black,Polos,0,0,0,2023-05-01 00:00:00
p_xafkdxwnvm,Black Waffle Hoodie,Hoodie,0,0,0,2023-05-01 00:00:00
p_yev838e3bk,Dark Olive Waffle Hoodie,Hoodie,0,0,0,2023-05-01 00:00:00
p_3h5wxbdgfn,White Long Sleeve Polo Shirt,Polos,0,0,0,2023-05-01 00:00:00
p_g5xjgypbqs,Long Sleeve Button Up Shirt | Black,Button Down Shirts,0,0,0,2023-05-01 00:00:00
p_pqjyybc86f,Black Waffle Long Sleeve Crew Neck T-Shirt,T-Shirts,0,0,0,2023-05-01 00:00:00
p_5pqpzmazbr,Carbon Long Sleeve Button Up Shirt,Button Down Shirts,0,0,0,2023-05-01 00:00:00
p_anqd83cjye,Military Green Waffle Long Sleeve Crew Neck,Sweatshirt,0,0,0,2023-05-01 00:00:00
p_vp3anzz9s3,White Button Up Shirt,Button Down Shirts,0,0,0,2023-05-01 00:00:00
p_92vf4hpdrt,White Commuter Short Sleeve Button Up,Button Down Shirts,0,0,0,2023-05-01 00:00:00
p_85skykpy7r,Short Sleeve Button Up Shirt | Commuter | Black,Button Down Shirts,0,0,0,2023-05-01 00:00:00
p_v5bwyyhget,Carbon Commuter Short Sleeve Button Up,Button Down Shirts,0,0,0,2023-05-01 00:00:00
p_5kr9enrf6j,Short Sleeve Tee | Loungewear | Charcoal Heather Gray,T-Shirts,0,0,0,2023-05-01 00:00:00
p_rpwqburrmc,Dark Heather Cadet Active Polo,Polos,0,0,0,2023-05-01 00:00:00
p_8tryb2ahrp,Dark Heather Cocoa Active Polo,Polos,0,0,0,2023-05-01 00:00:00
p_vnexp6dh3m,Heather Centurion Short Sleeve Active Polo Shirt,Polos,0,0,0,2023-05-01 00:00:00
p_8pczdfc69m,Heather Cocoa Short Sleeve Active Polo Shirt,Polos,0,0,0,2023-05-01 00:00:00
p_xdyq8mewrc,Short Sleeve Button Up Shirt | Black,Button Down Shirts,0,0,0,2023-05-01 00:00:00
p_56qjzafa6s,Carbon Short Sleeve Button Up Shirt,Button Down Shirts,0,0,0,2023-05-01 00:00:00
p_7dyz93zegj,"Shorts | Active Training | 7"" | Sapphire",Athletic Shorts,0,0,0,2023-05-01 00:00:00
p_3pkg63ym5k,"Shorts | Active Training | 7"" | Steel",Shorts,0,0,0,2023-05-01 00:00:00
p_k5hymg84ez,"Shorts | Training | 7"" | 2-in-1 Black",Athletic Shorts,0,0,0,2023-05-01 00:00:00
p_mm5tbn6qza,Sweatshirt | Comfort Crew | Black,Sweatshirt,0,0,0,2023-05-01 00:00:00
p_2uptnqrxy2,Hoodie | Active Comfort | Pullover | Black,Hoodie,0,0,0,2023-05-01 00:00:00
p_ys335pw23m,Pants | Active Comfort | Straight Leg | Black,Sweatpants & Joggers,0,0,0,2023-05-01 00:00:00
p_9attt36kqt,Blazer | Black,Blazer,0,0,0,2023-05-01 00:00:00
p_84w66d79b8,Pants | Comfort Chino | Black,Pants,0,0,0,2023-05-01 00:00:00
p_349fd5fte5,Sweater | Crew Neck | Black,Knit Sweaters,0,0,0,2023-05-01 00:00:00
p_zzvxdda285,Fleece Shacket | Black,Jacket,0,0,0,2023-05-01 00:00:00
p_z7kat66jsb,Puffer Vest | Black,Outerwear Vests,0,0,0,2023-05-01 00:00:00
p_w99wqwtmd8,Performance Shirt | Quarter Zip | Black,Athletic Tops,0,0,0,2023-05-01 00:00:00
p_vkp29t8hpk,Sleeveless Muscle Tee | Active | Black,Athletic Tops,0,0,0,2023-05-01 00:00:00
p_bxpjzp3q34,Sweater Hoodie | Black,Hoodie,0,0,0,2023-05-01 00:00:00
p_j23j35syzx,Black Wash Long Sleeve Chambray Shirt,Shirt,0,0,0,2023-05-01 00:00:00
p_aaa5u2senn,Black Wash Slim Fit Comfort Jeans,Jeans,0,0,0,2023-05-01 00:00:00
p_mu7q5qx67m,Black Wash Straight Fit Comfort Jeans,Jeans,0,0,0,2023-05-01 00:00:00
p_kv4qxkyavb,Chino Pants | Comfort | Carbon,Pants,0,0,0,2023-05-01 00:00:00
p_av6ja2w28x,Charcoal Heather Active Comfort Crew Sweatshirt,Athletic Tops,0,0,0,2023-05-01 00:00:00
p_jqxjnq8mc8,Charcoal Heather Active Comfort Straight Leg Pant,Sweatpants & Joggers,0,0,0,2023-05-01 00:00:00
p_hzkzcd9ag9,Charcoal Heather Gray Long Sleeve Ripstop Commuter Shirt,Shirt,0,0,0,2023-05-01 00:00:00
p_zc74ftx9hy,Charcoal Heather Gray Pique Crew Sweater,Knit Sweaters,0,0,0,2023-05-01 00:00:00
p_4krqrmhc8s, Sleeveless Muscle Tee | Active | Charcoal Heather Gray,Athletic Tops,0,0,0,2023-05-01 00:00:00
p_qvscv7wqa7,Dark Oak Fleece French Terry Jogger,Sweatpants & Joggers,0,0,0,2023-05-01 00:00:00
p_yw7vvn467f,Dark Olive Long Sleeve Crew Neck T-Shirt,T-Shirts,0,0,0,2023-05-01 00:00:00
p_hc97kv4jxf,Deep Sea Blue Short Sleeve Crew Neck T-Shirt,T-Shirts,0,0,0,2023-05-01 00:00:00
p_zp4vn3rtz4,Deep Sea Blue Long Sleeve Crew Neck T-Shirt,T-Shirts,0,0,0,2023-05-01 00:00:00
p_8d5cs572ku,Evergreen Heather Short Sleeve Crew Neck T-Shirt,T-Shirts,0,0,0,2023-05-01 00:00:00
p_2qn4rb76qt,Evergreen Heather Long Sleeve Crew Neck T-Shirt,T-Shirts,0,0,0,2023-05-01 00:00:00
p_hun6quaf8f,Gray Wash Slim Fit Comfort Jeans,Jeans,0,0,0,2023-05-01 00:00:00
p_bn49najk97,Gray Wash Straight Fit Comfort Jeans,Jeans,0,0,0,2023-05-01 00:00:00
p_a66qgjtv8u, Sleeveless Muscle Tee | Active | Heather Cadet,Athletic Tops,0,0,0,2023-05-01 00:00:00
p_76w9v5r9gp,Heather Camel Pique Crew Sweater,Knit Sweaters,0,0,0,2023-05-01 00:00:00
p_m26nune3tt,Sleeveless Muscle Tee | Active | Heather Cocoa,Tank Top,0,0,0,2023-05-01 00:00:00
p_wtfwp7uyps,Heather Dark Oak Long Sleeve Crew Neck T-Shirt,T-Shirts,0,0,0,2023-05-01 00:00:00
p_guzmuvmxwg,Heather Dark Orchid Short Sleeve Crew Neck T-Shirt,T-Shirts,0,0,0,2023-05-01 00:00:00
p_auux7guqn5,Sleeveless Muscle Tee | Active| Heather Forest,Athletic Tops,0,0,0,2023-05-01 00:00:00
p_wvdzacyaq8,Heather Garnet Short Sleeve Crew Neck T-Shirt,T-Shirts,0,0,0,2023-05-01 00:00:00
p_59st4ejx9g,Heather Graphite Short Sleeve Crew Neck T-Shirt,T-Shirts,0,0,0,2023-05-01 00:00:00
p_mkhh2ymk98,Heather Navy Active Comfort Crew Sweatshirt,Sweatshirt,0,0,0,2023-05-01 00:00:00
p_4tw7w4865y,Medium Gray Wash Slim Fit Comfort Jeans,Jeans,0,0,0,2023-05-01 00:00:00
p_u25kmysesj,Medium Gray Wash Straight Fit Comfort Jeans,Jeans,0,0,0,2023-05-01 00:00:00
p_yrp9cazs3k,Olive Long Sleeve Ripstop Commuter Shirt,Shirt,0,0,0,2023-05-01 00:00:00
p_vjj8djm98g,"Voyager 7"" 2-in-1 Training Short",Athletic Shorts,0,0,0,2023-05-01 00:00:00
p_ens5k22dee,Coaches Jacket | Black,Jacket,0,0,0,2023-05-01 00:00:00
p_krqrvpb5nk,Short Sleeve Sweater Polo Shirt | Black,Polos,0,0,0,2023-05-01 00:00:00
p_ezjsg82fk7,Garnet Short Sleeve Sweater Polo Shirt,Polos,0,0,0,2023-05-01 00:00:00
p_zfqbnz8zdc,Heather Gray Short Sleeve Sweater Polo,Polos,0,0,0,2023-05-01 00:00:00
p_rdac8nxqpc,Navy Short Sleeve Sweater Polo,Polos,0,0,0,2023-05-01 00:00:00
p_tdz6dj3k93,Charcoal Heather Gray Active Shell Jacket,Jacket,0,0,0,2023-05-01 00:00:00
p_ef9p26sqwv,Navy Coaches Jacket,Jacket,0,0,0,2023-05-01 00:00:00
p_gvy838kdy9,Long Sleeve Button Up Sweater Shirt | Black + Carbon,Button Down Shirts,0,0,0,2023-05-01 00:00:00
p_cpfjz5js6m,Light Heather Gray Quarter Zip Performance Shirt,Athletic Tops,0,0,0,2023-05-01 00:00:00
p_encznv79zd,Charcoal Heather Gray Loungewear Jogger,Sweatpants & Joggers,0,0,0,2023-05-01 00:00:00
p_uqg73gd526,Dark Olive Short Sleeve V-Neck T-Shirt,T-Shirts,0,0,0,2023-05-01 00:00:00
p_dd7ynwa46b,Military Green Coaches Jacket,Jacket,0,0,0,2023-05-01 00:00:00
p_pds624ht98,Ankle Socks | Active | 3-Pack | Black,Socks,0,0,0,2023-05-01 00:00:00
p_h9thpv33ux,Crew Socks | Active | 3-Pack | Black,Socks,0,0,0,2023-05-01 00:00:00
p_vm4udwbmec,Ankle Socks | 3-Pack | Black,Socks,0,0,0,2023-05-01 00:00:00
p_hv5d9t5gb4,Black Boxer Trunks 3-Pack,Underwear,0,0,0,2023-05-01 00:00:00
p_eg72spursx,Half Crew Sock | 3-Pack | Black,Socks,0,0,0,2023-05-01 00:00:00
p_m5nrytn7g3,Boxer Briefs | Logo | 3-Pack | Black,Underwear,0,0,0,2023-05-01 00:00:00
p_7rzxq9sd8n,Never Show Socks | 3-Pack | Black,Socks,0,0,0,2023-05-01 00:00:00
p_h644hfsgj7,Sweater Beanie | Black,Beanie,0,0,0,2023-05-01 00:00:00
p_k8j2vzha5p,Burgundy Boxer Briefs 3-Pack,Underwear,0,0,0,2023-05-01 00:00:00
p_rd96dkwsx6,Carbon Boxer Trunks 3-Pack,Underwear,0,0,0,2023-05-01 00:00:00
p_3zf2yh34hr,Dark Olive Short Sleeve Polo Shirt,Polos,0,0,0,2023-05-01 00:00:00
p_fcgghnz6fh,Evergreen Sweater Beanie,Beanie,0,0,0,2023-05-01 00:00:00
p_vxfj55w6ma,Heather Burgundy Short Sleeve Polo Shirt,Polos,0,0,0,2023-05-01 00:00:00
p_tpv8fcqeja,Heather Gray Active Ankle Socks 3-Pack,Socks,0,0,0,2023-05-01 00:00:00
p_y6cg76w8k6,Heather Gray Half Crew Sock 3-Pack,Socks,0,0,0,2023-05-01 00:00:00
p_sgut9a5tns,Light Heather Gray Polo,Polos,0,0,0,2023-05-01 00:00:00
p_r5xrp6kuxu,True Red Short Sleeve Polo Shirt,Polos,0,0,0,2023-05-01 00:00:00
p_x285vx432e,White Ankle Socks 3-Pack,Socks,0,0,0,2023-05-01 00:00:00
p_3aup7bbqg3,Carbon Tall Long Sleeve T-Shirt,Shirt,0,0,0,2023-05-01 00:00:00
p_mxpb4sqvry,Charcoal Heather Gray Short Sleeve Tall Crew,T-Shirts,0,0,0,2023-05-01 00:00:00
p_92fw37ajex,Heather Seafarer Short Sleeve Tall Crew,Shirt,0,0,0,2023-05-01 00:00:00
p_rhk5rdjr7y,Heather Voyager Short Sleeve Tall Crew,T-Shirts,0,0,0,2023-05-01 00:00:00
p_hz3svpszdm,Military Green Tall Long Sleeve T-Shirt,T-Shirts,0,0,0,2023-05-01 00:00:00
p_3xnj548f3x,Sapphire Short Sleeve Tall Crew,T-Shirts,0,0,0,2023-05-01 00:00:00
p_j9huduq2g2,White Tall Straight Hem Crew Neck T-Shirt,T-Shirts,0,0,0,2023-05-01 00:00:00
p_ct8bqyz5rd,Bomber Jacket | Black,Bomber Jackets,0,0,0,2023-05-01 00:00:00
p_26x46r3gh3,Carbon Short Sleeve Tall Polo Shirt,Polos,0,0,0,2023-05-01 00:00:00
p_uwgqdnnawm,Charcoal Heather Gray Short Sleeve Tall Polo Shirt,Polos,0,0,0,2023-05-01 00:00:00
p_awt8ehv6fc,Heather Gray Short Sleeve Tall Polo Shirt,Polos,0,0,0,2023-05-01 00:00:00
p_ug78456eub,Mahogany Fleece French Terry Pullover Hoodie,Hoodie,0,0,0,2023-05-01 00:00:00
p_3hycs4vyy4,Mahogany Fleece French Terry Zip Hoodie,Hoodie,0,0,0,2023-05-01 00:00:00
p_487dnzupxz,Military Green Short Sleeve Tall Polo Shirt,Polos,0,0,0,2023-05-01 00:00:00
p_haens7aj79,Sapphire Short Sleeve Tall Polo Shirt,Polos,0,0,0,2023-05-01 00:00:00
p_n7npmmnfq3,Bomber Jacket | Army Green,Bomber Jackets,0,0,0,2023-05-01 00:00:00
p_vhct7fnamt,Sweater Fleece Jacket | Black,Jacket,0,0,0,2023-05-01 00:00:00
p_qvxdc36tay,Carbon Bomber Jacket,Bomber Jackets,0,0,0,2023-05-01 00:00:00
p_ubarpzrdvd,Gray Sweater Fleece Jacket,Knit Sweaters,0,0,0,2023-05-01 00:00:00
p_25m5nqdhtq,Gunmetal Puffer Jacket,Puffer Jackets,0,0,0,2023-05-01 00:00:00
p_9nq4jjbkbr,Military Green Puffer Jacket,Puffer Jackets,0,0,0,2023-05-01 00:00:00
p_6svhrtmsn3,Navy Bomber Jacket,Bomber Jackets,0,0,0,2023-05-01 00:00:00
p_dwbw45rvge,Navy Hooded Puffer Jacket,Puffer Jackets,0,0,0,2023-05-01 00:00:00
p_4yh4m8q3v7,Navy Puffer Jacket,Puffer Jackets,0,0,0,2023-05-01 00:00:00
p_e6pz5d7uh9,Navy Sweater Fleece Jacket,Hoodie,0,0,0,2023-05-01 00:00:00
p_4xmfcxsvq4,Puffer Jacket | Hooded | Black,Puffer Jackets,0,0,0,2023-05-01 00:00:00
p_zrt8e4hahp,Chino Pants | Straight | Twill | Black,Pants,0,0,0,2023-05-01 00:00:00
p_6bppe3h2jj,Centurion Slim Twill Chino,Pants,0,0,0,2023-05-01 00:00:00
p_zd6gtes7qp,Centurion Straight Twill Chino,Pants,0,0,0,2023-05-01 00:00:00
p_ja9tudbs9q,Dark Oak Straight Twill Chino,Pants,0,0,0,2023-05-01 00:00:00
p_yqusyfjxtf,Gunmetal Hooded Puffer Jacket,Puffer Jackets,0,0,0,2023-05-01 00:00:00
p_kkdff6r47e,Meadow Slim Twill Chino,Pants,0,0,0,2023-05-01 00:00:00
p_rnmhwn9kcu,Navy Slim Twill Chino,Pants,0,0,0,2023-05-01 00:00:00
p_y5u5gs4evr,Navy Straight Twill Chino,Pants,0,0,0,2023-05-01 00:00:00
p_vqc6jejd69,Long Sleeve Button Up Shirt | Do-It-All Comfort | Black,Button Down Shirts,0,0,0,2023-05-01 00:00:00
p_p8ep2jre98,Hoodie | Active | Black,Hoodie,0,0,0,2023-05-01 00:00:00
p_vubwwnzvnt,Dark Heather Cadet Long Sleeve Active Crew Neck,T-Shirts,0,0,0,2023-05-01 00:00:00
p_e2426ac79u,Dark Heather Tempest Long Sleeve Active Crew Neck,Sweatshirt,0,0,0,2023-05-01 00:00:00
p_cjzvdmswjf,White Active Hoodie,Hoodie,0,0,0,2023-05-01 00:00:00
p_ncwnq5usm5,"Shorts | Active Training | 7"" | Slate Green",Athletic Shorts,0,0,0,2023-05-01 00:00:00
p_x443echvnq,"Chino Shorts | Comfort | 7"" | Military Green",Shorts,0,0,0,2023-05-01 00:00:00
p_qhjjf5kjgd,"Chino Shorts | Comfort | 7"" | Rosewood",Shorts,0,0,0,2023-05-01 00:00:00
p_f8rywmvjsy,"Chino Shorts | Comfort | 7"" | Sapphire",Shorts,0,0,0,2023-05-01 00:00:00
p_6kxr6rztwd,"Chino Shorts | Comfort | 7"" | Slate Green",Shorts,0,0,0,2023-05-01 00:00:00
p_56zbdasvhd,"Chino Shorts | Comfort | 9"" | Sapphire",Shorts,0,0,0,2023-05-01 00:00:00
p_xpmubyp2yg,"Chino Shorts | Comfort | 9"" | Slate Green",Shorts,0,0,0,2023-05-01 00:00:00
p_saytmbtmak,"Shorts | Classic Twill | 9"" | Black",Shorts,0,0,0,2023-05-01 00:00:00
p_aytxzkck8x,"Shorts | Classic Twill | 7"" | Black",Shorts,0,0,0,2023-05-01 00:00:00
p_fhdff8x3jt,"Shorts | Classic Twill | 7"" | Harbor",Shorts,0,0,0,2023-05-01 00:00:00
p_q2935cukf5,"Shorts | Classic Twill | 7"" | Khaki",Shorts,0,0,0,2023-05-01 00:00:00
p_qr5wafyaq4,"Shorts | Classic Twill | 7"" | Moss",Shorts,0,0,0,2023-05-01 00:00:00
p_j48puxsej5,"Shorts | Classic Twill | 7"" | Sandstone",Shorts,0,0,0,2023-05-01 00:00:00
p_b2wv3hqta7,"Shorts | Classic Twill | 9"" | Centurion",Shorts,0,0,0,2023-05-01 00:00:00
p_wungd9j4dh,"Shorts | Active Training | 7"" | Black",Shorts,0,0,0,2023-05-01 00:00:00
p_r9rn7a2dy5,"Shorts | Active Training | 7"" | Carbon",Shorts,0,0,0,2023-05-01 00:00:00
p_n9qtgjygdv,"Shorts | Active Training | 7"" | Sandstone",Athletic Shorts,0,0,0,2023-05-01 00:00:00
p_nu9kcajw2z,"Chino Shorts | Comfort | 7"" | Black",Shorts,0,0,0,2023-05-01 00:00:00
p_hmp7dkjce9,"Chino Shorts | Comfort | 7"" | Carbon",Shorts,0,0,0,2023-05-01 00:00:00
p_25upswaptj,"Chino Shorts | Comfort | 7"" | Khaki",Shorts,0,0,0,2023-05-01 00:00:00
p_kaq2j39v2p,"Chino Shorts | Comfort | 7"" | Navy",Shorts,0,0,0,2023-05-01 00:00:00
p_utfqrxy94f,Shorts | Commuter | Black,Shorts,0,0,0,2023-05-01 00:00:00
p_prrc5xwre5,Khaki Commuter Short,Shorts,0,0,0,2023-05-01 00:00:00
p_bj4epra3sv,Shorts | Fleece French Terry | Black,Shorts,0,0,0,2023-05-01 00:00:00
p_fvgyjfheyt,Sandstone Commuter Short,Shorts,0,0,0,2023-05-01 00:00:00
p_epuubwwz7s,Military Green Fleece French Terry Short,Shorts,0,0,0,2023-05-01 00:00:00
p_j4bf77xx5v,"Chino Shorts | Comfort | 9"" | Black",Shorts,0,0,0,2023-05-01 00:00:00
p_74gmgsy6yv,Navy Fleece French Terry Short,Shorts,0,0,0,2023-05-01 00:00:00
p_m5f29n89jy,"Chino Shorts | Comfort | 9"" | Carbon",Shorts,0,0,0,2023-05-01 00:00:00
p_47meu4bybx,"Chino Shorts | Comfort |  9"" | Ivory",Shorts,0,0,0,2023-05-01 00:00:00
p_5za8gj7unh,"Chino Shorts | Comfort | 9"" | Khaki",Shorts,0,0,0,2023-05-01 00:00:00
p_arxdch5qcv,"Chino Shorts | Comfort | 9"" | Military Green",Shorts,0,0,0,2023-05-01 00:00:00
p_en8vndps74,"Chino Shorts | Comfort | 9"" | Navy",Shorts,0,0,0,2023-05-01 00:00:00
p_rquj6mrdex,Dark Heather Navy Active Comfort Short,Shorts,0,0,0,2023-05-01 00:00:00
p_6ra9g27e7u,Burgundy Active Quick Dry Short with Liner,Swim Shorts,0,0,0,2023-05-01 00:00:00
p_5ek32kjgzp,Navy Active Quick Dry Short with Liner,Swim Shorts,0,0,0,2023-05-01 00:00:00
p_bp7w9cp3k9,Pants | Commuter | Black,Pants,0,0,0,2023-05-01 00:00:00
p_5p5sgcwp5f,"Shorts | Active Training | 7"" | Navy",Shorts,0,0,0,2023-05-01 00:00:00
p_47uf2puagk,"Shorts | Classic Twill | 7"" | Navy",Shorts,0,0,0,2023-05-01 00:00:00
p_9a5tjqerw5,"Shorts | Classic Twill | 9"" | Meadow",Shorts,0,0,0,2023-05-01 00:00:00
p_a69bzurkgs,Joggers | Active | Black,Sweatpants & Joggers,0,0,0,2023-05-01 00:00:00
p_2bkrkbfbk9,Classic Polarized Sunglasses | Black,Sunglasses,0,0,0,2023-05-01 00:00:00
p_vvkaza7v48,Long Sleeve Button Up Shirt | Commuter | Black,Button Down Shirts,0,0,0,2023-05-01 00:00:00
p_egq2tewvm7,Long Sleeve Henley | Black,T-Shirts,0,0,0,2023-05-01 00:00:00
p_yp2v99qxbf,Classic Polarized Sunglasses | Black Mirror,Sunglasses,0,0,0,2023-05-01 00:00:00
p_mef5fue56y,Dress Shirt | Lightweight Performance | Black,Button Down Shirts,0,0,0,2023-05-01 00:00:00
p_fpmkw85rke,Short Sleeve Polo Shirt | Black,Polos,0,0,0,2023-05-01 00:00:00
p_s7c853uk5c,Puffer Jacket | Black,Puffer Jackets,0,0,0,2023-05-01 00:00:00
p_8nhyuguh4z,Chino Pants | Slim | Twill | Black,Pants,0,0,0,2023-05-01 00:00:00
p_ka5fa3ne6y,Slippers | Black,Slippers,0,0,0,2023-05-01 00:00:00
p_6wnwzma24v,Long Sleeve Button Up Shirt | Stretch Oxford | Black,Button Down Shirts,0,0,0,2023-05-01 00:00:00
p_u3ffx96ehp,Short Sleeve T-Shirt | Tall | Active Crew Neck | Black,T-Shirts,0,0,0,2023-05-01 00:00:00
p_ufjg6nn927,Long Sleeve T-Shirt | Tall | Black,T-Shirts,0,0,0,2023-05-01 00:00:00
p_enhxmmv3xa,Polo Shirt | Tall | Black,Polos,0,0,0,2023-05-01 00:00:00
p_gqfhmx28rz,Blue Quartz Short Sleeve Crew Neck T-Shirt,T-Shirts,0,0,0,2023-05-01 00:00:00
p_6ccw4zmdj6,Bluestone Tall Round Hem Crew Neck T-Shirt,T-Shirts,0,0,0,2023-05-01 00:00:00
p_ryght7etrs,Bluestone V-Neck Short Sleeve T-Shirt,T-Shirts,0,0,0,2023-05-01 00:00:00
p_5q95b4bjyg,Burgundy Short Sleeve Crew Neck T-Shirt,T-Shirts,0,0,0,2023-05-01 00:00:00
p_2sxe2kvxmc,Burgundy Long Sleeve Crew Neck T-Shirt,T-Shirts,0,0,0,2023-05-01 00:00:00
p_srwzc2wwq6,Burgundy Long Sleeve Henley,T-Shirts,0,0,0,2023-05-01 00:00:00
p_8p9z2j6eqt,Burgundy Short Sleeve V-Neck T-Shirt,T-Shirts,0,0,0,2023-05-01 00:00:00
p_dnq23rfcgu,"Carbon 7"" 2-in-1 Training Short",Athletic Shorts,0,0,0,2023-05-01 00:00:00
p_9tz4xs4maw,Carbon Commuter Long Sleeve Button Up Shirt,Button Down Shirts,0,0,0,2023-05-01 00:00:00
p_82erf6xepz,Carbon Commuter Pant,Pants,0,0,0,2023-05-01 00:00:00
p_gxqdqumwae,Carbon Short Sleeve Crew Neck T-Shirt,T-Shirts,0,0,0,2023-05-01 00:00:00
p_nmb6y3r32b,Carbon Fleece French Terry Jogger,Sweatpants & Joggers,0,0,0,2023-05-01 00:00:00
p_mqhey6peq9,Carbon Fleece French Terry Pullover Crew Neck Sweatshirt,Sweatshirt,0,0,0,2023-05-01 00:00:00
p_pgvy4mwya6,Carbon Fleece French Terry Pullover Hoodie,Hoodie,0,0,0,2023-05-01 00:00:00
p_dcfsb4qj5s,Carbon Performance Lightweight Dress Shirt,Button Down Shirts,0,0,0,2023-05-01 00:00:00
p_q9e4tw2vgn,Carbon Tall Active Crew Neck T-Shirt,T-Shirts,0,0,0,2023-05-01 00:00:00
p_3mznzzvw2f,Carbon Tall Round Hem Crew Neck T-Shirt,T-Shirts,0,0,0,2023-05-01 00:00:00
p_fcv57d39m8,Carbon Short Sleeve V-Neck T-Shirt,T-Shirts,0,0,0,2023-05-01 00:00:00
p_n6hvkgussy,Carbon Waffle Hoodie,Hoodie,0,0,0,2023-05-01 00:00:00
p_yg5234hu8z,Centurion Short Sleeve Sweater Polo Shirt,Polos,0,0,0,2023-05-01 00:00:00
p_qcw7eb8td6,Charcoal Heather Active Comfort Full Zip Hoodie,Hoodie,0,0,0,2023-05-01 00:00:00
p_agkp4c43e4,Charcoal Heather Active Comfort Pullover Hoodie,Hoodie,0,0,0,2023-05-01 00:00:00
p_cn8axvjmp9,Charcoal Heather Gray Active Comfort Short,Athletic Shorts,0,0,0,2023-05-01 00:00:00
p_6c6nrcr2c3, Short Sleeve T-Shirt | Active Crew Neck | Charcoal Heather Gray,T-Shirts,0,0,0,2023-05-01 00:00:00
p_znfcswnte7,Charcoal Heather Gray Active Hoodie,Hoodie,0,0,0,2023-05-01 00:00:00
p_bdbtrvs35c,Charcoal Heather Gray Active Joggers,Sweatpants & Joggers,0,0,0,2023-05-01 00:00:00
p_pxnmvcumyj,Charcoal Heather Gray Do-It-All Comfort Long Sleeve Button Up Shirt,Button Down Shirts,0,0,0,2023-05-01 00:00:00
p_yra4pxjn2n,Charcoal Heather Gray Fleece French Terry Full Zip,Hoodie,0,0,0,2023-05-01 00:00:00
p_k727r3s7q8,Charcoal Heather Gray Fleece French Terry Jogger,Sweatpants & Joggers,0,0,0,2023-05-01 00:00:00
p_qsxubmrtfw,Long Sleeve Tee | Loungewear | Charcoal Heather Gray,T-Shirts,0,0,0,2023-05-01 00:00:00
p_hrqsaa2u6g,Charcoal Heather Gray Loungewear Pant,Pants,0,0,0,2023-05-01 00:00:00
p_z9gg92dcqx,Charcoal Heather Gray Short Sleeve Polo Shirt,Polos,0,0,0,2023-05-01 00:00:00
p_3shyn5zkky,Charcoal Heather Gray Tall Crew T-Shirt,T-Shirts,0,0,0,2023-05-01 00:00:00
p_mvqwbcmhah,Charcoal Heather Gray Tall Round Hem Crew Neck T-Shirt,T-Shirts,0,0,0,2023-05-01 00:00:00
p_yupfqc6yfm,Charcoal Heather Gray Short Sleeve V-Neck T-Shirt,T-Shirts,0,0,0,2023-05-01 00:00:00
p_6k245nh69q,Crimson Long Sleeve Crew Neck T-Shirt,T-Shirts,0,0,0,2023-05-01 00:00:00
p_rhxjthz5x8,Dark Heather Burgundy Active Comfort Short,Swim Shorts,0,0,0,2023-05-01 00:00:00
p_ucy8r4cqe3,Dark Heather Burgundy Active Joggers,Sweatpants & Joggers,0,0,0,2023-05-01 00:00:00
p_2eh6mejec7,Dark Heather Cadet Active Crew Neck T-Shirt,T-Shirts,0,0,0,2023-05-01 00:00:00
p_sfn5q4bv26,Dark Heather Cadet Short Sleeve Active Polo Shirt,Polos,0,0,0,2023-05-01 00:00:00
p_ncvpa3z4h7,Dark Heather Cadet Long Sleeve Active Crew Neck T-Shirt,T-Shirts,0,0,0,2023-05-01 00:00:00
p_6njreat3aq,Dark Heather Cocoa Active Crew Neck T-Shirt,T-Shirts,0,0,0,2023-05-01 00:00:00
p_mjrxd2wgtf,Dark Heather Cocoa Short Sleeve Active Polo Shirt,Polos,0,0,0,2023-05-01 00:00:00
p_zf9muhc3as,Dark Heather Indigo Active Comfort Short,Shorts,0,0,0,2023-05-01 00:00:00
p_x5p88uuzy5,Dark Heather Indigo Active Joggers,Sweatpants & Joggers,0,0,0,2023-05-01 00:00:00
p_npx42jpcmt,Dark Heather Military Green Active Comfort Short,Shorts,0,0,0,2023-05-01 00:00:00
p_9m3e7uj62s,Dark Heather Military Green Active Joggers,Sweatpants & Joggers,0,0,0,2023-05-01 00:00:00
p_t2tpzxuynp,Dark Heather Navy Active Joggers,Sweatpants & Joggers,0,0,0,2023-05-01 00:00:00
p_vybqnpjdfb,Dark Heather Tempest Active Crew Neck T-Shirt,T-Shirts,0,0,0,2023-05-01 00:00:00
p_gzgm33n9cz,Dark Heather Tempest Short Sleeve Active Polo Shirt,Polos,0,0,0,2023-05-01 00:00:00
p_sph8dsebwy,Dark Oak Fleece French Terry Pullover Crew Neck Sweatshirt,Sweatshirt,0,0,0,2023-05-01 00:00:00
p_zpj5m6rzbh,Dark Oak Fleece French Terry Pullover Hoodie,Hoodie,0,0,0,2023-05-01 00:00:00
p_bvsv82u2jt,Dark Oak Fleece French Terry Zip Hoodie,Hoodie,0,0,0,2023-05-01 00:00:00
p_xdyn8gxhhe,Dark Oak Long Sleeve Waffle Crew,Sweatshirt,0,0,0,2023-05-01 00:00:00
p_hvyht2dd2v,Dark Oak Slim Twill Chino Pant,Pants,0,0,0,2023-05-01 00:00:00
p_9mtccasba9,Dark Oak Waffle Hoodie,Hoodie,0,0,0,2023-05-01 00:00:00
p_2wxxfw7mca,Dark Olive Fleece Shacket,Shirt Jackets,0,0,0,2023-05-01 00:00:00
p_b3ppfm2vay,Dark Olive Long Sleeve Waffle Crew,Shirt,0,0,0,2023-05-01 00:00:00
p_a6yxedr8jx,Dark Purple Short Sleeve V-Neck T-Shirt ,T-Shirts,0,0,0,2023-05-01 00:00:00
p_zwwudtzed5,Deep Sea Blue Heather Active Hoodie,Hoodie,0,0,0,2023-05-01 00:00:00
p_9y7p8njxta,Deep Sea Blue Heather Active Long Sleeve Crew T-Shirt,T-Shirts,0,0,0,2023-05-01 00:00:00
p_wht3v5efkm,Deep Sea Blue Long Sleeve Waffle Crew,T-Shirts,0,0,0,2023-05-01 00:00:00
p_z7xekuufwm,Ecru Do-It-All Comfort Long Sleeve Button Up Shirt,Button Down Shirts,0,0,0,2023-05-01 00:00:00
p_kvuhf7884a,Electric Blue Short Sleeve Polo Shirt,Polos,0,0,0,2023-05-01 00:00:00
p_ysyjzgmtu6,Evergreen Heather Active Hoodie,Hoodie,0,0,0,2023-05-01 00:00:00
p_shc7xvk932,Evergreen Heather Active Long Sleeve Crew Neck T-Shirt,T-Shirts,0,0,0,2023-05-01 00:00:00
p_2d43kb3hj3,Evergreen Heather Long Sleeve Waffle Crew,Sweatshirt,0,0,0,2023-05-01 00:00:00
p_yszdpmgyju,Evergreen Sweater Scarf,Scarf,0,0,0,2023-05-01 00:00:00
p_ydptv6rbpw,Gradient Classic Polarized Sunglasses,Sunglasses,0,0,0,2023-05-01 00:00:00
p_3wdph5p4a5,Gunmetal Puffer Vest,Outerwear Vests,0,0,0,2023-05-01 00:00:00
p_2c7s8a7bmw,Heather Black Active Jogger,Sweatpants & Joggers,0,0,0,2023-05-01 00:00:00
p_dny6u2yy3n,Heather Burgundy Active Crew Neck T-Shirt,T-Shirts,0,0,0,2023-05-01 00:00:00
p_5a5sfcgqkq,Heather Burgundy Active Long Sleeve Crew Neck T-Shirt,T-Shirts,0,0,0,2023-05-01 00:00:00
p_ctw749pxad,Heather Burgundy Long Sleeve Crew Neck T-Shirt,T-Shirts,0,0,0,2023-05-01 00:00:00
p_pqwkc9p2hu,Heather Burgundy Short Sleeve Crew Neck T-Shirt,T-Shirts,0,0,0,2023-05-01 00:00:00
p_a2wcem7cms,Heather Burgundy Short Sleeve V-Neck T-Shirt,T-Shirts,0,0,0,2023-05-01 00:00:00
p_25hy766nzk,Heather Cayenne Short Sleeve Crew Neck T-Shirt,T-Shirts,0,0,0,2023-05-01 00:00:00
p_x7cgdhmyp3,Heather Navy Short Sleeve Polo Shirt,Polos,0,0,0,2023-05-01 00:00:00
p_2hkre8aznc,Military Green Tall Straight Hem Crew Neck T-Shirt,T-Shirts,0,0,0,2023-05-01 00:00:00
p_73kjt62een,Heather Cayenne Short Sleeve Polo Shirt,Polos,0,0,0,2023-05-01 00:00:00
p_dpgtwv5dut,Heather Cayenne Short Sleeve Tall Polo,Polos,0,0,0,2023-05-01 00:00:00
p_rpenkmstmg,Heather Centurion Active Crew Neck T-Shirt,T-Shirts,0,0,0,2023-05-01 00:00:00
p_kzqm93unyy,Heather Cocoa Active Crew Neck T-Shirt,T-Shirts,0,0,0,2023-05-01 00:00:00
p_rua2yj3jmt,Heather Dark Oak Crew Short Sleeve Neck T-Shirt,T-Shirts,0,0,0,2023-05-01 00:00:00
p_cve5gy56m8,Heather Dark Oak Short Sleeve V-Neck T-Shirt,T-Shirts,0,0,0,2023-05-01 00:00:00
p_cvrhss99ts,Heather Dark Orchid Short Sleeve V-Neck T-Shirt,Shirt,0,0,0,2023-05-01 00:00:00
p_y3r2ug2mpu,Heather Forest Active Crew Neck T-Shirt,T-Shirts,0,0,0,2023-05-01 00:00:00
p_h75hjs7973,Heather Forest Short Sleeve Active Polo Shirt,Polos,0,0,0,2023-05-01 00:00:00
p_x5pshyk4q9,Heather Graphite Short Sleeve Polo Shirt,Polos,0,0,0,2023-05-01 00:00:00
p_g4xkdswn5e,Heather Gray Active Comfort Short,Shorts,0,0,0,2023-05-01 00:00:00
p_9p8bns7rmp,Heather Gray Active Crew Socks 3-Pack,Socks,0,0,0,2023-05-01 00:00:00
p_bjecaeres5,Heather Gray Active Never Show Socks 3-Pack,Socks,0,0,0,2023-05-01 00:00:00
p_nw97q8x9x2,Heather Gray Ankle Socks 3-Pack,Socks,0,0,0,2023-05-01 00:00:00
p_n3jnq4u8q7,Heather Gray Crew Neck Sweater,Knit Sweaters,0,0,0,2023-05-01 00:00:00
p_gbh9ypmsjv,Heather Gray Do-It-All Comfort Long Sleeve Button Up Shirt,Button Down Shirts,0,0,0,2023-05-01 00:00:00
p_bz2jmxhgzb,Heather Gray Fleece French Terry Joggers,Sweatpants & Joggers,0,0,0,2023-05-01 00:00:00
p_dvj7aj4rxq,Heather Gray Fleece French Terry Pullover Crew Neck Sweatshirt,Sweatshirt,0,0,0,2023-05-01 00:00:00
p_ttdapkruav,Heather Gray Fleece French Terry Pullover Hoodie,Hoodie,0,0,0,2023-05-01 00:00:00
p_e3w27784ez,Heather Gray Long Sleeve Lightweight Flannel Shirt,Button Down Shirts,0,0,0,2023-05-01 00:00:00
p_7cvqeq727k,Heather Gray Long Sleeve Polo Shirt,Polos,0,0,0,2023-05-01 00:00:00
p_36tjt6cs8z,Heather Gray Pique Crew Sweater,Knit Sweaters,0,0,0,2023-05-01 00:00:00
p_mbdbf8ya5d,Heather Gray Sweater Long Sleeve Button Up Shirt,Button Down Shirts,0,0,0,2023-05-01 00:00:00
p_gzymf76rmw,Heather Navy Loungewear Jogger,Sweatpants & Joggers,0,0,0,2023-05-01 00:00:00
p_8nxyvmkrbc,Heather Navy Loungewear Pant,Pants,0,0,0,2023-05-01 00:00:00
p_yb98yp2sqv,Indigo Rinse Slim Authentic Stretch Jeans,Jeans,0,0,0,2023-05-01 00:00:00
p_juu2rq3qu8,Indigo Rinse Straight Authentic Stretch Jeans,Jeans,0,0,0,2023-05-01 00:00:00
p_jwjqtb338j,Khaki Comfort Chino Pants,Pants,0,0,0,2023-05-01 00:00:00
p_t83m3bqcj4,Khaki Commuter Pant,Pants,0,0,0,2023-05-01 00:00:00
p_spf5g5jf32,Khaki Slim Twill Chino,Pants,0,0,0,2023-05-01 00:00:00
p_jx3q5n329x,Khaki Straight Twill Chino,Pants,0,0,0,2023-05-01 00:00:00
p_rhugz6jch8,Light Indigo Wash Slim Authentic Stretch Jeans,Jeans,0,0,0,2023-05-01 00:00:00
p_katetzgtwe,Light Indigo Wash Straight Authentic Stretch Jeans,Jeans,0,0,0,2023-05-01 00:00:00
p_s57sjtnm4q,Meadow Straight Twill Chino,Pants,0,0,0,2023-05-01 00:00:00
p_d3c8r9bpvv,Medium Indigo Wash Slim Authentic Stretch Jeans,Jeans,0,0,0,2023-05-01 00:00:00
p_xgzt58skmg,Medium Indigo Wash Straight Authentic Stretch Jeans,Jeans,0,0,0,2023-05-01 00:00:00
p_egd9fym6xg,Navy Commuter Pant,Pants,0,0,0,2023-05-01 00:00:00
p_ymb5bq3vdv,Navy Fleece Shacket,Shirt Jackets,0,0,0,2023-05-01 00:00:00
p_accagka8uw,Reversible Dress Belt,Belt,0,0,0,2023-05-01 00:00:00
p_pjpnhtycns,Sandstone Commuter Pant,Pants,0,0,0,2023-05-01 00:00:00
p_dks9q92uqc,Heather Gray Tall Round Hem Crew Neck T-Shirt,T-Shirts,0,0,0,2023-05-01 00:00:00
p_udqn8s72v2,Navy Tall Round Hem Crew Neck T-Shirt,T-Shirts,0,0,0,2023-05-01 00:00:00
p_8y5vsf82td,Heather Emerald Short Sleeve Crew Neck T-Shirt,T-Shirts,0,0,0,2023-05-01 00:00:00
p_xqh3f9cwus,Heather Emerald Short Sleeve V-Neck T-Shirt,T-Shirts,0,0,0,2023-05-01 00:00:00
p_vst6extntp,Heather Gray Active Jogger,Sweatpants & Joggers,0,0,0,2023-05-01 00:00:00
p_75cz36rfz9,Heather Gray Sweater Hoodie,Hoodie,0,0,0,2023-05-01 00:00:00
p_6cj8gtxf2x,Heather Gray Tall Long Sleeve T-Shirt,Shirt,0,0,0,2023-05-01 00:00:00
p_34upddt2cp,Heather Gray Tall Straight Hem Crew Neck T-Shirt,T-Shirts,0,0,0,2023-05-01 00:00:00
p_behk4g2psv,Heather Gray Short Sleeve V-Neck T-Shirt,T-Shirts,0,0,0,2023-05-01 00:00:00
p_kgcgy98rwb,Heather Gray Waffle Hoodie,Hoodie,0,0,0,2023-05-01 00:00:00
p_6suxvjsvfc,Heather Indigo Tall Round Hem Crew Neck T-Shirt,T-Shirts,0,0,0,2023-05-01 00:00:00
p_jpmpa7s5yw,Heather Indigo Short Sleeve V-Neck T-Shirt,T-Shirts,0,0,0,2023-05-01 00:00:00
p_4pdddcg9t6,Heather Military Green Long Sleeve Crew T-Shirt,T-Shirts,0,0,0,2023-05-01 00:00:00
p_284qkebjr8,Heather Military Green Short Sleeve Polo Shirt,Polos,0,0,0,2023-05-01 00:00:00
p_tbp6wvu828,Heather Military Green Short Sleeve V-Neck T-Shirt,T-Shirts,0,0,0,2023-05-01 00:00:00
p_x8z28nbvwg,Heather Mist Short Sleeve Crew Neck T-Shirt,T-Shirts,0,0,0,2023-05-01 00:00:00
p_rejmm7td92,Heather Mist Short Sleeve V-Neck T-Shirt,T-Shirts,0,0,0,2023-05-01 00:00:00
p_6wj7x98tcn,Heather Navy Active Comfort Crew Sweatshirt,Sweatshirt,0,0,0,2023-05-01 00:00:00
p_mtqhyqahab,Heather Navy Active Comfort Pullover Hoodie,Hoodie,0,0,0,2023-05-01 00:00:00
p_bxnehsqcdv,Heather Navy Short Sleeve Active Polo Shirt,Polos,0,0,0,2023-05-01 00:00:00
p_7bmuq9q6qw,Heather Navy Long Sleeve Ripstop Commuter Shirt,Shirt,0,0,0,2023-05-01 00:00:00
p_g6dg3x3nta,Heather Navy Pique Crew Sweater,Knit Sweaters,0,0,0,2023-05-01 00:00:00
p_5gc6jyy4vw,Heather Navy Tall Round Hem Crew Neck T-Shirt,T-Shirts,0,0,0,2023-05-01 00:00:00
p_u4zzshtv4s,Heather Navy Short Sleeve V-Neck T-Shirt,Shirt,0,0,0,2023-05-01 00:00:00
p_7tce4kfut5,Heather Oatmeal Crew Neck Sweater,Knit Sweaters,0,0,0,2023-05-01 00:00:00
p_eyc8fnh7za,Heather Purple Short Sleeve Crew Neck T-Shirt,T-Shirts,0,0,0,2023-05-01 00:00:00
p_fzwwcz6x6s,Heather Sage Short Sleeve Crew Neck T-Shirt,T-Shirts,0,0,0,2023-05-01 00:00:00
p_xvg4py479t,Heather Sage V-Neck Short Sleeve T-Shirt,T-Shirts,0,0,0,2023-05-01 00:00:00
p_up97jdnnsw,Heather Sapphire Short Sleeve Crew Neck T-Shirt,T-Shirts,0,0,0,2023-05-01 00:00:00
p_84xru5kzx9,Heather Dusty Pink Short Sleeve Crew Neck T-Shirt,T-Shirts,0,0,0,2023-05-01 00:00:00
p_xrvchd55bc,Heather Military Green Short Sleeve Tall Crew,Screen Printed T-Shirts,0,0,0,2023-05-01 00:00:00
p_xqcme6qpqk,Heather Navy Active Comfort Full Zip Hoodie,Hoodie,0,0,0,2023-05-01 00:00:00
p_5f676x59tf,Long Sleeve Tee | Loungewear | Heather Navy,T-Shirts,0,0,0,2023-05-01 00:00:00
p_ztgcvk5gkn,Short Sleeve Tee | Loungewear | Heather Navy,T-Shirts,0,0,0,2023-05-01 00:00:00
p_spgwfvgehe,Heather Navy Sweater Long Sleeve Button Up Shirt,Button Down Shirts,0,0,0,2023-05-01 00:00:00
p_6mr5zpx479,Indigo Wash Straight Fit Comfort Jeans,Jeans,0,0,0,2023-05-01 00:00:00
p_5bvpjy99x9,Ivory Active Jacket,Jacket,0,0,0,2023-05-01 00:00:00
p_23ej4qec4x,Khaki Coaches Jacket,Jacket,0,0,0,2023-05-01 00:00:00
p_ukpa96wyhm,Light Gray Stretch Oxford Long Sleeve Button Up Shirt,Button Down Shirts,0,0,0,2023-05-01 00:00:00
p_mzcrkdhuvj,Light Heather Gray Tall Round Hem Crew Neck T-Shirt,T-Shirts,0,0,0,2023-05-01 00:00:00
p_f7jft6kfqg,Light Indigo Wash Long Sleeve Chambray Shirt,Shirt,0,0,0,2023-05-01 00:00:00
p_ae6rxxhgmc,Medium Indigo Wash Long Sleeve Chambray Shirt,Shirt,0,0,0,2023-05-01 00:00:00
p_4axmubbqfb,Medium Indigo Wash Slim Fit Comfort Jeans,Jeans,0,0,0,2023-05-01 00:00:00
p_6b6wk8uxa6,Military Green Comfort Chino Pants,Pants,0,0,0,2023-05-01 00:00:00
p_ewa8pkqm8u,Military Green Fleece French Terry Jogger,Sweatpants & Joggers,0,0,0,2023-05-01 00:00:00
p_9fu3j9tbue,Military Green Tall Round Hem Crew Neck T-Shirt,T-Shirts,0,0,0,2023-05-01 00:00:00
p_26dpvscejy,Navy Comfort Chino Pants,Pants,0,0,0,2023-05-01 00:00:00
p_gqs2hwpkjy,Navy Commuter Long Sleeve Button Up Shirt,Shirt,0,0,0,2023-05-01 00:00:00
p_e58dmnpc9e,Navy Fleece French Terry Jogger,Sweatpants & Joggers,0,0,0,2023-05-01 00:00:00
p_r3gbt3j2kw,Navy Long Sleeve Button Up Shirt,Shirt,0,0,0,2023-05-01 00:00:00
p_byy2kmxasx,Navy Long Sleeve Lightweight Flannel Shirt,Shirt,0,0,0,2023-05-01 00:00:00
p_dr2dsqwwjd,Navy Performance Lightweight Dress Shirt,Button Down Shirts,0,0,0,2023-05-01 00:00:00
p_2d9wqf9yrd,Navy Puffer Vest,Outerwear Vests,0,0,0,2023-05-01 00:00:00
p_m753ak35t9,Navy Stretch Oxford Long Sleeve Button Up Shirt,Shirt,0,0,0,2023-05-01 00:00:00
p_wzprzguypw,Sandstone Comfort Chino Pants,Pants,0,0,0,2023-05-01 00:00:00
p_fyejvaduhb,Stone Blue Active Jogger,Sweatpants & Joggers,0,0,0,2023-05-01 00:00:00
p_gv8hh5kma3,Stone Stretch Oxford Long Sleeve Button Up Shirt,Button Down Shirts,0,0,0,2023-05-01 00:00:00
p_9absn9mpzt,Suede Brown Comfort Chino Pant,Pants,0,0,0,2023-05-01 00:00:00
p_f3zjdpjr6y,White Active Ankle Socks 3-Pack,Socks,0,0,0,2023-05-01 00:00:00
p_vdzeqmc9rs,White Active Crew Socks 3-Pack,Socks,0,0,0,2023-05-01 00:00:00
p_u9kx69bqms,White Active Never Show Socks 3-Pack,Socks,0,0,0,2023-05-01 00:00:00
p_jybua995rp,White Long Sleeve Button Up Shirt,Button Down Shirts,0,0,0,2023-05-01 00:00:00
p_yabrk8yt6y,White Commuter Long Sleeve Button Up Shirt,Button Down Shirts,0,0,0,2023-05-01 00:00:00
p_jc3jqkdafw,White Commuter Short Sleeve Button Up,Button Down Shirts,0,0,0,2023-05-01 00:00:00
p_hvfwhakq9c,White Performance Lightweight Dress Shirt,Button Down Shirts,0,0,0,2023-05-01 00:00:00
p_btfq53bzn6,White Short Sleeve Active Polo Shirt,Polos,0,0,0,2023-05-01 00:00:00
p_p42j2ebh8r,White Short Sleeve Button Up Shirt,Shirt,0,0,0,2023-05-01 00:00:00
p_xug2xuwpqn,White Stretch Oxford Long Sleeve Button Up Shirt,Shirt,0,0,0,2023-05-01 00:00:00
p_2xrckgaktx,White Tall Round Hem Crew Neck T-Shirt,T-Shirts,0,0,0,2023-05-01 00:00:00
p_p29249kscd,White Waffle Hoodie,Hoodie,0,0,0,2023-05-01 00:00:00
p_395td7np9f,Heather Military Green Short Sleeve Tall Polo Shirt,Polos,0,0,0,2023-05-01 00:00:00
p_tmjb73g498,Heather Navy Short Sleeve Tall Polo Shirt,Polos,0,0,0,2023-05-01 00:00:00
p_p7dtyf9kd8,Heather Pale Blue Short Sleeve V-Neck T-Shirt,T-Shirts,0,0,0,2023-05-01 00:00:00
p_3fgxkpaxye,Heather Seafarer Short Sleeve Polo Shirt,Polos,0,0,0,2023-05-01 00:00:00
p_jre675wesy,Heather Seafarer Short Sleeve Tall Polo Shirt,Polos,0,0,0,2023-05-01 00:00:00
p_mqgpa9st88,Heather Sapphire Short Sleeve V-Neck T-Shirt,T-Shirts,0,0,0,2023-05-01 00:00:00
p_vaexg8brvb,Heather Navy Short Sleeve Tall Crew,T-Shirts,0,0,0,2023-05-01 00:00:00
p_dqknx7njuf,Heather Slate Green Short Sleeve Polo Shirt,Polos,0,0,0,2023-05-01 00:00:00
p_zscv6ea69y,Heather Voyager Short Sleeve Crew Neck T-Shirt,T-Shirts,0,0,0,2023-05-01 00:00:00
p_jzwpw7njj6,Heather Voyager Short Sleeve Polo Shirt,Polos,0,0,0,2023-05-01 00:00:00
p_6e9uas44v6,Heather Voyager Short Sleeve V-Neck T-Shirt,T-Shirts,0,0,0,2023-05-01 00:00:00
p_28xdw49sqx,Indigo Short Sleeve Crew Neck T-Shirt,T-Shirts,0,0,0,2023-05-01 00:00:00
p_79pyfxzssb,Indigo Short Sleeve V-Neck T-Shirt,T-Shirts,0,0,0,2023-05-01 00:00:00
p_cje82wcjgv,Iron Gray Active Crew Neck T-Shirt,T-Shirts,0,0,0,2023-05-01 00:00:00
p_42exp9424a,Light Heather Gray Active Crew Neck T-Shirt,T-Shirts,0,0,0,2023-05-01 00:00:00
p_8v2uvftad7,Light Heather Gray Short Sleeve Crew Neck T-Shirt,T-Shirts,0,0,0,2023-05-01 00:00:00
p_39k28x38p7,Light Heather Gray Short Sleeve Polo Shirt,Polos,0,0,0,2023-05-01 00:00:00
p_cgxstjpjhj,Light Khaki Short Sleeve Crew Neck T-Shirt,T-Shirts,0,0,0,2023-05-01 00:00:00
p_4rudftw6u6,Lilac Gray Short Sleeve V-Neck T-Shirt,T-Shirts,0,0,0,2023-05-01 00:00:00
p_zymrwj8fj9,Mahogany Short Sleeve Crew Neck T-Shirt,T-Shirts,0,0,0,2023-05-01 00:00:00
p_6b99p4bqsk,Mahogany Short Sleeve Polo Shirt,Polos,0,0,0,2023-05-01 00:00:00
p_tgudk6vxpb,Military Beige Short Sleeve V-Neck T-Shirt,T-Shirts,0,0,0,2023-05-01 00:00:00
p_cbxu2v3ntm,Military Green Short Sleeve Active Crew Neck T-Shirt,T-Shirts,0,0,0,2023-05-01 00:00:00
p_j9ak85wp57,Military Green Active Quick Dry Short with Liner,Shorts,0,0,0,2023-05-01 00:00:00
p_tfc9aqbuz4,Military Green Short Sleeve Crew Neck T-Shirt,T-Shirts,0,0,0,2023-05-01 00:00:00
p_ch6qn6a8en,Military Green Short Sleeve V-Neck T-Shirt,T-Shirts,0,0,0,2023-05-01 00:00:00
p_t4px9w63de,Navy Short Sleeve Crew Neck T-Shirt,T-Shirts,0,0,0,2023-05-01 00:00:00
p_cty4s4ehz9,Orange Short Sleeve V-Neck T-Shirt,T-Shirts,0,0,0,2023-05-01 00:00:00
p_wc3k5eupk3,Oxford Blue Short Sleeve V-Neck T-Shirt,T-Shirts,0,0,0,2023-05-01 00:00:00
p_zc2fube8nb,Periwinkle Blue Short Sleeve Polo Shirt,Polos,0,0,0,2023-05-01 00:00:00
p_hed6qt6arh,Raspberry Short Sleeve Polo Shirt,Polos,0,0,0,2023-05-01 00:00:00
p_uwx92gahmk,Mahogany Long Sleeve Henley,T-Shirts,0,0,0,2023-05-01 00:00:00
p_mdphbu2y54,Indigo Long Sleeve T-Shirt,T-Shirts,0,0,0,2023-05-01 00:00:00
p_vhh2e6dge7,Mellow Yellow Short Sleeve Crew Neck T-Shirt,T-Shirts,0,0,0,2023-05-01 00:00:00
p_w24fe8f3xz,Mellow Yellow Short Sleeve V-Neck T-Shirt,T-Shirts,0,0,0,2023-05-01 00:00:00
p_77barf9kfn,Mahogany Long Sleeve Waffle Crew,Sweatshirt,0,0,0,2023-05-01 00:00:00
p_624s29xq4x,Sweater Scarf | Black,Scarf,0,0,0,2023-05-01 00:00:00
p_c4xj5zhjn2,Heather Navy Sweater Button Up Shirt,Button Down Shirts,0,0,0,2023-05-01 00:00:00
p_qek9etj5vj,Heather Voyager Short Sleeve Crew Neck T-Shirt,Shirt,0,0,0,2023-05-01 00:00:00
p_u9qz9yabud,Indigo Wash Slim Fit Comfort Jeans,Jeans,0,0,0,2023-05-01 00:00:00
p_h5b94d3deu,Centurion Short Sleeve Sweater Polo,Polos,0,0,0,2023-05-01 00:00:00
p_erspmns4ce,Heather Seafarer Short Sleeve V-Neck Neck T-Shirt,Shirt,0,0,0,2023-05-01 00:00:00
p_q4h28hmd8q,Never Show Socks | Active | 3-Pack | Black,Socks,0,0,0,2023-05-01 00:00:00
p_aj2ry7xdv9,"Chino Shorts | Comfort | 7"" | Rosewood",Shorts,0,0,0,2023-05-01 00:00:00
p_9y7cp9jumm,"Shorts | Classic Twill | 9"" | Sandstone",Shorts,0,0,0,2023-05-01 00:00:00
p_3pskc4cwbp,"Shorts | Classic Twill | 9"" Khaki",Shorts,0,0,0,2023-05-01 00:00:00
p_6bn53rdnz2,"Shorts | Classic Twill | 9"" | Navy",Shorts,0,0,0,2023-05-01 00:00:00
p_h4877neu4n,Sandstone Commuter Short,Shorts,0,0,0,2023-05-01 00:00:00
p_xsbj94sm6q,Heather Gray Fleece French Terry Short,Shorts,0,0,0,2023-05-01 00:00:00
p_jqam2z9s7w,"Chino Shorts | Comfort | 9"" | Ivory",Shorts,0,0,0,2023-05-01 00:00:00
p_kvcynwabcy,"Chino Shorts | Comfort | 9"" | Sandstone",Shorts,0,0,0,2023-05-01 00:00:00
p_7y7ms9wtr4,Shorts | Active Comfort | Black,Shorts,0,0,0,2023-05-01 00:00:00
p_r5du83g9df,Shorts | Active | Quick Dry with Liner | Black,Swim Shorts,0,0,0,2023-05-01 00:00:00
p_7pvp4dcq5n,Carbon Active Quick Dry Short with Liner,Swim Shorts,0,0,0,2023-05-01 00:00:00
p_gmhetj6qvj,Long Sleeve Button Up Shirt | Stretch Oxford | Banker Blue,Button Down Shirts,0,0,0,2023-05-01 00:00:00
p_8q3s9r6qwu,Hoodie | Active Comfort | Full Zip | Black,Hoodie,0,0,0,2023-05-01 00:00:00
p_fc9era585c,Jacket | Active | Black,Athletic Jackets,0,0,0,2023-05-01 00:00:00
p_m26ckp2n6s,Black Tall Round Hem Crew Neck T-Shirt,T-Shirts,0,0,0,2023-05-01 00:00:00
p_cfg5xu3gvw,Dark Olive Short Sleeve Crew Neck T-Shirt,T-Shirts,0,0,0,2023-05-01 00:00:00
p_yhput7au44,Dark Olive Long Sleeve Henley,T-Shirts,0,0,0,2023-05-01 00:00:00
p_ez9ax3esv6,Emerald Long Sleeve Crew Neck T-Shirt,T-Shirts,0,0,0,2023-05-01 00:00:00
p_8vx6ygsmsd,Heather Gray Hooded Long Sleeve T-Shirt,Hoodie,0,0,0,2023-05-01 00:00:00
p_23ubcbvz89,Heather Gray Never Show Socks 3-Pack,Socks,0,0,0,2023-05-01 00:00:00
p_pz6x448p9t,Heather Gray Short Sleeve Sweater Polo Shirt,Knit Tops,0,0,0,2023-05-01 00:00:00
p_jg78h55jmw,Heather Gray Sweater Beanie,Beanie,0,0,0,2023-05-01 00:00:00
p_w7ysprckp8,Heather Navy Active Comfort Straight Leg Pant,Sweatpants & Joggers,0,0,0,2023-05-01 00:00:00
p_8nnyqj3ewe,Heather Emerald Tall Round Hem Crew Neck T-Shirt,T-Shirts,0,0,0,2023-05-01 00:00:00
p_ttezb89gxf,Heather Mauve Short Sleeve Crew Neck T-Shirt,T-Shirts,0,0,0,2023-05-01 00:00:00
p_qtjb9pcnn3,Heather Navy Active Shell Jacket,Jacket,0,0,0,2023-05-01 00:00:00
p_f92h3kv2cv,Heather Pale Blue Short Sleeve Crew Neck T-Shirt,T-Shirts,0,0,0,2023-05-01 00:00:00
p_vjgaj8nyrd,Heather Gray Sweater Scarf,Scarf,0,0,0,2023-05-01 00:00:00
p_dy7mjs4bpm,Sleeveless Muscle Tee | Active | Light Heather Gray,Tank Top,0,0,0,2023-05-01 00:00:00
p_6sdgsje2m3,Mahogany Fleece French Terry Jogger,Sweatpants & Joggers,0,0,0,2023-05-01 00:00:00
p_xfct3t2vkk,Mahogany Waffle Hoodie,Hoodie,0,0,0,2023-05-01 00:00:00
p_wtnvenruq9,Medium indigo Wash Straight Fit Comfort Jeans,Jeans,0,0,0,2023-05-01 00:00:00
p_v8pfb5wryd,Military Green Waffle Hoodie,Hoodie,0,0,0,2023-05-01 00:00:00
p_x525p5gyt4,Moss Short Sleeve Sweater Polo Shirt,T-Shirts,0,0,0,2023-05-01 00:00:00
p_t58yx24wsb,Navy Hooded Long Sleeve T-Shirt,Sweatshirt,0,0,0,2023-05-01 00:00:00
p_msfd479sz8,Navy Short Sleeve Button Up Shirt,Shirt,0,0,0,2023-05-01 00:00:00
p_mau5qbhasg,Navy Short Sleeve Sweater Polo Shirt,Knit Sweaters,0,0,0,2023-05-01 00:00:00
p_kccxqadagn,Navy Waffle Hoodie,Hoodie,0,0,0,2023-05-01 00:00:00
p_dbg2vhd8gn,Navy Waffle Long Sleeve Crew Neck,Sweatshirt,0,0,0,2023-05-01 00:00:00
p_7kzk6kwsxk,Oatmeal Sweater Hoodie,Hoodie,0,0,0,2023-05-01 00:00:00
p_xhubfpt2bh,Olive Long Sleeve Ripstop Commuter Shirt,Shirt,0,0,0,2023-05-01 00:00:00
p_29wrd4wkfa,Pale Blue Button Up Shirt,Button Down Shirts,0,0,0,2023-05-01 00:00:00
p_u2rhgedcvp,White Long Sleeve Polo Shirt,Polos,0,0,0,2023-05-01 00:00:00
p_5e7t6v6gv8,Heather Sapphire Short Sleeve V-Neck T-Shirt,T-Shirts,0,0,0,2023-05-01 00:00:00
p_wctjf5cy38,Heather Seafarer Short Sleeve Crew Neck T-Shirt,T-Shirts,0,0,0,2023-05-01 00:00:00
p_dxzcer2fk8,Heather Slate Green Short Sleeve Crew Neck T-Shirt,T-Shirts,0,0,0,2023-05-01 00:00:00
p_dbcpnaxxzz,Navy Boxer Briefs 3-Pack,Underwear,0,0,0,2023-05-01 00:00:00
p_4juc2hdg85,Navy Tall Straight Hem Crew Neck T-Shirt,T-Shirts,0,0,0,2023-05-01 00:00:00
p_drc7rrjfsv,Mahogany Long Sleeve T-Shirt,Shirt,0,0,0,2023-05-01 00:00:00
p_rpcku7uhxu,Mahogany Short Sleeve V-Neck T-Shirt,T-Shirts,0,0,0,2023-05-01 00:00:00
p_jj6vbqjbcj,Navy Boxer Trunks 3-Pack,Underwear,0,0,0,2023-05-01 00:00:00
p_zm5cpgbxrk,Sapphire Short Sleeve Crew Neck T-Shirt,T-Shirts,0,0,0,2023-05-01 00:00:00
p_npv4nzv5x2,Sapphire Short Sleeve Polo Shirt,Polos,0,0,0,2023-05-01 00:00:00
p_ps2ys9u9da,Short Sleeve T-Shirt | Crew Neck | Steel,T-Shirts,0,0,0,2023-05-01 00:00:00
p_wue6hk6hmr,Short Sleeve T-Shirt | V-Neck | Steel,T-Shirts,0,0,0,2023-05-01 00:00:00
p_avsdr3kjaw,Military Green Boxer Briefs 3-Pack,Underwear,0,0,0,2023-05-01 00:00:00
p_9xxg4dd5wv,Navy Tall Long Sleeve T-Shirt,Shirt,0,0,0,2023-05-01 00:00:00
p_4qvba3a9f7,Off White Short Sleeve Crew Neck T-Shirt,T-Shirts,0,0,0,2023-05-01 00:00:00
p_rh632vzkvf,Raspberry Short Sleeve Crew Neck T-Shirt,T-Shirts,0,0,0,2023-05-01 00:00:00
p_jgnjyyepyv,White Short Sleeve Crew Neck T-Shirt,T-Shirts,0,0,0,2023-05-01 00:00:00
p_2nzpxxx9qd,White Tall Long Sleeve T-Shirt,T-Shirts,0,0,0,2023-05-01 00:00:00
p_fsr8s5rfne,Navy Tall Active Crew Neck,T-Shirts,0,0,0,2023-05-01 00:00:00
p_xzhwz3h8uh,Heather Light Khaki Crew Neck,Sweatshirt,0,0,0,2023-05-01 00:00:00
p_g2f7b4qvq8,Kelly Green Short Sleeve Crew Neck T-Shirt,T-Shirts,0,0,0,2023-05-01 00:00:00
p_jdmt24d7hn,Pale Blue Short Sleeve Crew Neck T-Shirt,T-Shirts,0,0,0,2023-05-01 00:00:00
p_xx645fy2er,Pink Opal Short Sleeve Crew Neck T-Shirt,T-Shirts,0,0,0,2023-05-01 00:00:00
p_m9zcd62yqy,Sandstone Short Sleeve Crew Neck T-Shirt,T-Shirts,0,0,0,2023-05-01 00:00:00
p_4m97kku3wq,Tan 499 Short Sleeve Crew Neck T-Shirt,T-Shirts,0,0,0,2023-05-01 00:00:00
p_6q2v79acx5,Light Blue Short Sleeve V-Neck T-Shirt,T-Shirts,0,0,0,2023-05-01 00:00:00
p_ce7amvu2k2,Light Heather Short Sleeve Gray V-Neck T-Shirt,T-Shirts,0,0,0,2023-05-01 00:00:00
p_ar4zzgjk5p,Periwinkle Blue Short Sleeve Crew Neck T-Shirt,T-Shirts,0,0,0,2023-05-01 00:00:00
p_e34ttzx6kf,True Red Short Sleeve Crew Neck T-Shirt,T-Shirts,0,0,0,2023-05-01 00:00:00
p_qsrzg2ce35,Turquoise Short Sleeve Crew Neck T-Shirt,T-Shirts,0,0,0,2023-05-01 00:00:00
p_bg7f7edphc,Stone Blue Active Comfort Short,Shorts,0,0,0,2023-05-01 00:00:00
p_ka34xhhhr8,Indigo Boxer Briefs 3-Pack,Underwear,0,0,0,2023-05-01 00:00:00
p_axzk47pvme,Teal Boxer Briefs 3-Pack,Underwear,0,0,0,2023-05-01 00:00:00
p_cnrb9yncvy,White Half Crew Sock 3-Pack,Socks,0,0,0,2023-05-01 00:00:00
p_pkqtyg3hqm,White Never Show Socks 3-Pack,Socks,0,0,0,2023-05-01 00:00:00
p_8q6fwp8wgq,Yellow Short Sleeve Polo Shirt,Polos,0,0,0,2023-05-01 00:00:00
p_8497zwuxp3,Mahogany Fleece French Terry Pullover Crew Sweatshirt,Sweatshirt,0,0,0,2023-05-01 00:00:00
p_dcqnnrpypu,Long Sleeve Tee And Jogger Set | Loungewear | Charcoal Heather Gray,Sweatshirt,0,0,0,2023-05-01 00:00:00
p_cc9s42vn4x,Short Sleeve Tee And Pant Set | Loungewear | Charcoal Heather Gray,Sweatpants & Joggers,0,0,0,2023-05-01 00:00:00
p_zwuqmdbfnt,Charcoal Heather Gray Short Sleeve Tall Active Crew Neck,T-Shirts,0,0,0,2023-05-01 00:00:00
p_un65wg283k,Long Sleeve Tee And Jogger Set | Loungewear | Heather Navy,Sweatshirt,0,0,0,2023-05-01 00:00:00
p_pqxd5rn6d9,Short Sleeve Tee And Pant Set | Loungewear | Heather Navy,Lounge Sweatpants & Joggers,0,0,0,2023-05-01 00:00:00
p_pznn6yemfk,Heather Navy Quarter Zip Performance Shirt,Athletic Tops,0,0,0,2023-05-01 00:00:00
p_f8nexh4476,Heather Navy Short Sleeve Tall Active Crew Neck,T-Shirts,0,0,0,2023-05-01 00:00:00
p_v4vw7cyjx6,White Short Sleeve Tall Active Crew Neck,T-Shirts,0,0,0,2023-05-01 00:00:00
p_fbcq86jv23,Heather Dusty Pink Short Sleeve V-Neck T-Shirt,T-Shirts,0,0,0,2023-05-01 00:00:00
p_d47n8u8fab,Black Long Sleeve Henley,Shirt,0,0,0,2023-05-01 00:00:00
p_7ekanr458k,Heather Burgundy Active Crew Neck T-Shirt,Shirt,0,0,0,2023-05-01 00:00:00
p_adhb2jnwk7,Military Green Tall Straight Hem Crew Neck T-Shirt,T-Shirts,0,0,0,2023-05-01 00:00:00
p_4xegh3d2dq,White Short Sleeve Active Polo Shirt,Polos,0,0,0,2023-05-01 00:00:00
p_jgj485u9gx,Heather Gray Hooded Long Sleeve T-Shirt,Hoodie,0,0,0,2023-05-01 00:00:00
p_5uvd4uv28m,Mahogany Waffle Hoodie,Hoodie,0,0,0,2023-05-01 00:00:00
p_qh5ucmcku5,Military Green Waffle Hoodie,Hoodie,0,0,0,2023-05-01 00:00:00
p_wrcbv4f2uu,Navy Hooded Long Sleeve T-Shirt,Sweatshirt,0,0,0,2023-05-01 00:00:00
p_3rcm54jqbs,Navy Waffle Hoodie,Hoodie,0,0,0,2023-05-01 00:00:00
p_vjd833ph3z,White Waffle Hoodie,Hoodie,0,0,0,2023-05-01 00:00:00
p_5uapency29,Navy Waffle Long Sleeve Crew Neck,Sweatshirt,0,0,0,2023-05-01 00:00:00
p_4ssfur9upr,Pale Blue Button Up Shirt,Button Down Shirts,0,0,0,2023-05-01 00:00:00
p_u9t2zm725p,Short Sleeve Active Polo Shirt | Black,Polos,0,0,0,2023-05-01 00:00:00
p_mnk33hmpwg,White Short Sleeve Active Polo,Polos,0,0,0,2023-05-01 00:00:00
p_ch7bwuavhv,Heather Gray Sweater Scarf,Scarf,0,0,0,2023-05-01 00:00:00
p_5crt48k7v7,Navy Short Sleeve Button Up Shirt,Shirt,0,0,0,2023-05-01 00:00:00
p_r6t642amsw,White Short Sleeve Button Up Shirt,Shirt,0,0,0,2023-05-01 00:00:00
p_pzx9wvv4qb,Heather Mauve Short Sleeve Crew Neck T-Shirt,T-Shirts,0,0,0,2023-05-01 00:00:00
p_tvdv27amhe,Heather Navy Active Comfort Straight Leg Pant,Sweatpants & Joggers,0,0,0,2023-05-01 00:00:00
p_2rhbv3znrg,Heather Navy Active Shell Jacket,Jacket,0,0,0,2023-05-01 00:00:00
p_ne28r8hbv2,Heather Seafarer Short Sleeve Crew Neck T-Shirt,T-Shirts,0,0,0,2023-05-01 00:00:00
p_yxq99tj7cv,Heather Slate Green Short Sleeve Crew Neck T-Shirt,Shirt,0,0,0,2023-05-01 00:00:00
p_2mwcc7hpkx,Light Heather Gray Sleeveless Active Muscle Tee,Tank Top,0,0,0,2023-05-01 00:00:00
p_cyyubbh7u4,Mahogany Fleece French Terry Jogger,Sweatpants & Joggers,0,0,0,2023-05-01 00:00:00
p_fqsqmarq3k,Mahogany Long Sleeve T-Shirt,Shirt,0,0,0,2023-05-01 00:00:00
p_r6f5ekuzmt,Mahogany V-Neck T-Shirt,Shirt,0,0,0,2023-05-01 00:00:00
p_zm7a3rkwma,Navy Tall Straight Hem Crew Neck T-Shirt,T-Shirts,0,0,0,2023-05-01 00:00:00
p_qktubda8xw,Heather Sapphire Short Sleeve V-Neck T-Shirt,T-Shirts,0,0,0,2023-05-01 00:00:00
p_bpux6v6hy3,Moss Short Sleeve Sweater Polo Shirt,T-Shirts,0,0,0,2023-05-01 00:00:00
p_x53atty9z2,Steel Short Sleeve V-Neck T-Shirt,T-Shirts,0,0,0,2023-05-01 00:00:00
p_55tcz9qg6f,Black Boxer Briefs 3-Pack,Underwear,0,0,0,2023-05-01 00:00:00
p_3t9x6drd9q,Never Show Socks | 3-Pack | Black,Socks,0,0,0,2023-05-01 00:00:00
p_9u87cuwg9k,Carbon Boxer Briefs 3-Pack,Underwear,0,0,0,2023-05-01 00:00:00
p_wuqcj8q3tb,Heather Gray Never Show Socks 3-Pack,Socks,0,0,0,2023-05-01 00:00:00
p_hj4kerceu3,Heather Gray Sweater Beanie,Beanie,0,0,0,2023-05-01 00:00:00
p_zkfhub8juv,Indigo Boxer Briefs 3-Pack,Underwear,0,0,0,2023-05-01 00:00:00
p_gky7ujn5kk,Military Green Boxer Briefs 3-Pack,Underwear,0,0,0,2023-05-01 00:00:00
p_hcstkqf7xs,Navy Boxer Briefs 3-Pack,Underwear,0,0,0,2023-05-01 00:00:00
p_vvxrx4e62u,Navy Boxer Trunks 3-Pack,Underwear,0,0,0,2023-05-01 00:00:00
p_ebtxk5mjkc,Teal Boxer Briefs 3-Pack,Underwear,0,0,0,2023-05-01 00:00:00
p_n52bwwvypc,White Active Crew Socks 3-Pack,Socks,0,0,0,2023-05-01 00:00:00
p_ngty2gftav,White Active Never Show Socks 3-Pack,Socks,0,0,0,2023-05-01 00:00:00
p_kdjpvxj7fs,White Half Crew Sock 3-Pack,Socks,0,0,0,2023-05-01 00:00:00
p_yefeaupknw,White Never Show Socks 3-Pack,Socks,0,0,0,2023-05-01 00:00:00
p_39acmqrp48,White Never Show Socks 3-Pack,Socks,0,0,0,2023-05-01 00:00:00
p_ntuxn2s2c5,Yellow Polo,Polos,0,0,0,2023-05-01 00:00:00
p_d53wqyy6nw,Oatmeal Sweater Hoodie,Hoodie,0,0,0,2023-05-01 00:00:00
p_xqd85rvpxs,Black Puffer Jacket,Puffer Jackets,0,0,0,2023-05-01 00:00:00
p_cad333s5q5,Heather Burgundy Active Long Sleeve Crew Neck,Sweatshirt,0,0,0,2023-05-01 00:00:00
p_heevyaqhce,"9"" Sandstone Classic Twill Shorts",Shorts,0,0,0,2023-05-01 00:00:00
p_yptjy3dzdz,"Shorts | Classic Twill | 7"" | Navy",Shorts,0,0,0,2023-05-01 00:00:00
p_v7wa7rn4tb,"Shorts | Classic Twill | 9"" | Khaki",Shorts,0,0,0,2023-05-01 00:00:00
p_x53vukk5e9,"Shorts | Classic Twill | 9"" | Meadow",Shorts,0,0,0,2023-05-01 00:00:00
p_yacuttmhrh,"9"" Navy Classic Twill Shorts",Shorts,0,0,0,2023-05-01 00:00:00
p_2432p8f6a5,"Shorts | Active Training | 7"" | Navy",Shorts,0,0,0,2023-05-01 00:00:00
p_64vbv6tpdm,Heather Gray Fleece French Terry Shorts,Shorts,0,0,0,2023-05-01 00:00:00
p_bmga62pefz,"9"" Sandstone Comfort Chino Shorts",Shorts,0,0,0,2023-05-01 00:00:00
p_b9pagk3ugb,Shorts | Active Comfort | Black,Shorts,0,0,0,2023-05-01 00:00:00
p_yn26dfj46r,Dark Heather Burgundy Active Comfort Short,Swim Shorts,0,0,0,2023-05-01 00:00:00
p_pe2azubxe8,Dark Heather Indigo Active Comfort Short,Shorts,0,0,0,2023-05-01 00:00:00
p_p58c6d9vvb,Dark Heather Military Green Active Comfort Short,Shorts,0,0,0,2023-05-01 00:00:00
p_6uh7rmkygu,Black Active Quick Dry Short with Liner,Swim Shorts,0,0,0,2023-05-01 00:00:00
p_wdbckwxtef,Carbon Active Quick Dry Short with Liner,Swim Shorts,0,0,0,2023-05-01 00:00:00
p_use9g4kaed,Black Active Never Show Socks 3-Pack,Socks,0,0,0,2023-05-01 00:00:00
p_85umjtnpsy,Sweater Scarf | Black,Scarf,0,0,0,2023-05-01 00:00:00
p_atrr9sdp25,Charcoal Heather Gray Short Sleeve Tall Polo Shirt,Polos,0,0,0,2023-05-01 00:00:00
p_9h2qsu97ew,Dark Heather Navy Active Comfort Short,Shorts,0,0,0,2023-05-01 00:00:00
p_znadcksnfx,Reversible Casual Belt,Belt,0,0,0,2023-05-01 00:00:00
p_rbz7y8npg6,Indigo Wash Slim Fit Comfort Jeans,Jeans,0,0,0,2023-05-01 00:00:00
p_p54vvkv29d,Light Heather Gray Quarter Zip Performance Shirt,Athletic Tops,0,0,0,2023-05-01 00:00:00
p_rujp4wvbzv,Mahogany Long Sleeve Waffle Crew,Sweatshirt,0,0,0,2023-05-01 00:00:00
p_vsyjxxtp4a,Navy Short Sleeve Active Polo Shirt,Polos,0,0,0,2023-05-01 00:00:00
p_tfhcx4fbf5,Heather Gray Never Show Socks 3-Pack,Socks,0,0,0,2023-05-01 00:00:00
p_ggkq2n25rk,Carbon Waffle Hoodie,Hoodie,0,0,0,2023-05-01 00:00:00
p_fsar8whm4b,Dark Oak Waffle Hoodie,Hoodie,0,0,0,2023-05-01 00:00:00
p_nqbh5bzsfh,Heather Gray Long Sleeve Polo,Polos,0,0,0,2023-05-01 00:00:00
p_ter2rcscz6,Heather Gray Waffle Hoodie,Hoodie,0,0,0,2023-05-01 00:00:00
p_5z9rynrdat,Dark Oak Long Sleeve Waffle Crew,Sweatshirt,0,0,0,2023-05-01 00:00:00
p_ap2c64hjnc,Dark Olive Long Sleeve Waffle Crew,Shirt,0,0,0,2023-05-01 00:00:00
p_zwzpj7gynb,Deep Sea Blue Long Sleeve Waffle Crew,T-Shirts,0,0,0,2023-05-01 00:00:00
p_ejzn2bhevc,Evergreen Heather Long Sleeve Waffle Crew,Sweatshirt,0,0,0,2023-05-01 00:00:00
p_456rdfdknv,Navy Long Sleeve Button Up Shirt,Shirt,0,0,0,2023-05-01 00:00:00
p_9ueremsrcn,Heather Navy Short Sleeve Loungewear Tee,T-Shirts,0,0,0,2023-05-01 00:00:00
p_pxj9zkmurj,Charcoal Heather Active Comfort Pullover Hoodie,Hoodie,0,0,0,2023-05-01 00:00:00
p_ab6dzqm4qc,Charcoal Heather Gray Fleece French Terry Jogger,Sweatpants & Joggers,0,0,0,2023-05-01 00:00:00
p_r7g7s9ued2,Dark Olive Fleece Shacket,Jacket,0,0,0,2023-05-01 00:00:00
p_pevetyjchy,Heather Dark Oak V-Neck T-Shirt,Screen Printed T-Shirts,0,0,0,2023-05-01 00:00:00
p_7bmm7jjbng,Heather Gray Long Sleeve Lightweight Flannel Shirt,Button Down Shirts,0,0,0,2023-05-01 00:00:00
p_jdy7juawjw,Heather Gray Pique Crew Sweater,Knit Sweaters,0,0,0,2023-05-01 00:00:00
p_hdbwf4s669,Heather Gray Tall Straight Hem Crew Neck T-Shirt,T-Shirts,0,0,0,2023-05-01 00:00:00
p_zsnvka2svc,Heather Mist Short Sleeve Crew Neck T-Shirt,T-Shirts,0,0,0,2023-05-01 00:00:00
p_h4edseg6hf,Heather Navy Active Comfort Pullover Hoodie,Hoodie,0,0,0,2023-05-01 00:00:00
p_n6kve3ddkw,Heather Navy Long Sleeve Ripstop Commuter Shirt,Shirt,0,0,0,2023-05-01 00:00:00
p_h8jucbuvcu,Heather Navy Pique Crew Sweater,Knit Sweaters,0,0,0,2023-05-01 00:00:00
p_sxcevd7ww2,Heather Oatmeal Crew Neck Sweater,Knit Sweaters,0,0,0,2023-05-01 00:00:00
p_ex8zw8z5dh,Heather Sapphire Short Sleeve Crew Neck T-Shirt,T-Shirts,0,0,0,2023-05-01 00:00:00
p_fdgw8vn8mw,Indigo Wash Straight Fit Comfort Jeans,Jeans,0,0,0,2023-05-01 00:00:00
p_gkhuhrbvc5,Light Indigo Wash Long Sleeve Chambray Shirt,Shirt,0,0,0,2023-05-01 00:00:00
p_5ez35speq8,Medium Indigo Wash Long Sleeve Chambray Shirt,Shirt,0,0,0,2023-05-01 00:00:00
p_36tbyhq9p3,Navy Fleece Shacket,Shirt Jackets,0,0,0,2023-05-01 00:00:00
p_grdphsazq4,Reversible Dress Belt,Belt,0,0,0,2023-05-01 00:00:00
p_qj9xh26ctj,Sapphire Short Sleeve Crew Neck T-Shirt,Screen Printed T-Shirts,0,0,0,2023-05-01 00:00:00
p_7nraatq97j,Steel Short Sleeve Crew Neck T-Shirt,T-Shirts,0,0,0,2023-05-01 00:00:00
p_37z5p8b2wz,Heather Dark Orchid Short Sleeve Vee Neck T-Shirt,Shirt,0,0,0,2023-05-01 00:00:00
p_rr9yu69cdx,Heather Mist Short Sleeve Vee Neck T-Shirt,T-Shirts,0,0,0,2023-05-01 00:00:00
p_7fgbszq45t,Heather Voyager Short Sleeve Vee Neck T-Shirt,T-Shirts,0,0,0,2023-05-01 00:00:00
p_aj728cj6p2,Reversible Casual Belt,Belt,0,0,0,2023-05-01 00:00:00
p_wkggwhgxue,Navy Long Sleeve Lightweight Flannel Shirt,Shirt,0,0,0,2023-05-01 00:00:00
p_8fx2h79sez,Black Slippers,Slippers,0,0,0,2023-05-01 00:00:00
p_cguvv472kt,Heather Navy Loungewear Pant,Pants,0,0,0,2023-05-01 00:00:00
p_e6aypq2yyn,Charcoal Heather Active Comfort Full Zip Hoodie,Hoodie,0,0,0,2023-05-01 00:00:00
p_zg2kz56sep,Khaki Coaches Jacket,Jacket,0,0,0,2023-05-01 00:00:00
p_v6xzqb4euh,Electric Blue Polo,Polos,0,0,0,2023-05-01 00:00:00
p_kyjxexravk,Heather Gray Active Crew Socks 3-Pack,Socks,0,0,0,2023-05-01 00:00:00
p_v4pawc4ufa,Heather Gray Ankle Socks 3-Pack,Socks,0,0,0,2023-05-01 00:00:00
p_r3b5cqykd8,Heather Gray Never Show Socks 3-Pack,Socks,0,0,0,2023-05-01 00:00:00
p_xsa4epqty5,Mahogany Polo,Polos,0,0,0,2023-05-01 00:00:00
p_perj37fvaa,Periwinkle Blue Polo,Polos,0,0,0,2023-05-01 00:00:00
p_ump27mtkuq,Raspberry Polo,Polos,0,0,0,2023-05-01 00:00:00
p_szsv98dxsn,White Active Ankle Socks 3-Pack,Socks,0,0,0,2023-05-01 00:00:00
p_yvahsdbd7s,Heather Seafarer Short Sleeve Polo,Polos,0,0,0,2023-05-01 00:00:00
p_njb9h744v3,Indigo Rinse Straight Authentic Stretch Jeans,Jeans,0,0,0,2023-05-01 00:00:00
p_nyn3pcwdu8,Light Indigo Wash Slim Authentic Stretch Jeans,Jeans,0,0,0,2023-05-01 00:00:00
p_9f3wn27yj9,Indigo Rinse Slim Authentic Stretch Jeans,Jeans,0,0,0,2023-05-01 00:00:00
p_3dxryrdx2k,Medium Indigo Wash Slim Authentic Stretch Jeans,Jeans,0,0,0,2023-05-01 00:00:00
p_75westm75x,Light Indigo Wash Straight Authentic Stretch Jeans,Jeans,0,0,0,2023-05-01 00:00:00
p_7sfgw9sa4n,Medium Indigo Wash Straight Authentic Stretch Jeans,Jeans,0,0,0,2023-05-01 00:00:00
p_sy5ta2zsks,Heather Cayenne Short Sleeve Crew Neck T-Shirt,Shirt,0,0,0,2023-05-01 00:00:00
p_qcke957864,"Chino Shorts | Comfort | 7"" | Military Green",Shorts,0,0,0,2023-05-01 00:00:00
p_uy62gqzk94,"Shorts | Comfort Chino | 7"" | Sapphire",Shorts,0,0,0,2023-05-01 00:00:00
p_svgga79dfc,"Chino Shorts | Comfort | 7"" | Slate Green",Shorts,0,0,0,2023-05-01 00:00:00
p_n2cq64ucyu,"9"" Sapphire Comfort Chino Short",Shorts,0,0,0,2023-05-01 00:00:00
p_hubt8gp9tb,"9"" Slate Green Comfort Chino Short",Shorts,0,0,0,2023-05-01 00:00:00
p_vahhav9rn7,"Shorts | Classic Twill | 9"" | Black",Shorts,0,0,0,2023-05-01 00:00:00
p_jxeh4td3j3,"Shorts | 9"" | Classic Twill | Centurion",Shorts,0,0,0,2023-05-01 00:00:00
p_3mav9fu9q9,"Shorts | Active Training 7"" | Black",Shorts,0,0,0,2023-05-01 00:00:00
p_3he4jy8f99,"Shorts | Active Training | 7"" | Carbon",Shorts,0,0,0,2023-05-01 00:00:00
p_sdkp4ngqy8,"Shorts | Active Training | 7"" | Sandstone",Shorts,0,0,0,2023-05-01 00:00:00
p_n5vm5c3nb9,"Chino Shorts | Comfort | 7"" | Black",Shorts,0,0,0,2023-05-01 00:00:00
p_t3995sdwge,"Shorts | Comfort Chino | 7"" | Carbon",Shorts,0,0,0,2023-05-01 00:00:00
p_ys9u6f3mbt,"Chino Shorts | Comfort | 7"" | Khaki",Shorts,0,0,0,2023-05-01 00:00:00
p_2vpu7ymaay,Black Commuter Short,Shorts,0,0,0,2023-05-01 00:00:00
p_jnvzcqrwxp,Khaki Commuter Short,Shorts,0,0,0,2023-05-01 00:00:00
p_pgq6zgcvgq,Black Fleece French Terry Short,Shorts,0,0,0,2023-05-01 00:00:00
p_8hbywkfrwc,Military Green Fleece French Terry Short,Shorts,0,0,0,2023-05-01 00:00:00
p_v7655zp7an,"Chino Shorts | Comfort | 9"" | Black",Shorts,0,0,0,2023-05-01 00:00:00
p_29aky289rv,Navy Fleece French Terry Short,Shorts,0,0,0,2023-05-01 00:00:00
p_juczmrnmtc,"Shorts | Comfort Chino | 9"" | Carbon",Shorts,0,0,0,2023-05-01 00:00:00
p_jw2fyemxq7,"9"" Khaki Comfort Chino Short",Shorts,0,0,0,2023-05-01 00:00:00
p_uqn6yzvkpa,"9"" Navy Comfort Chino Short",Shorts,0,0,0,2023-05-01 00:00:00
p_8an2wybh3y,Charcoal Heather Gray Active Comfort Short,Athletic Shorts,0,0,0,2023-05-01 00:00:00
p_aw48ckctp9,Burgundy Active Quick Dry Short with Liner,Swim Shorts,0,0,0,2023-05-01 00:00:00
p_vey4w66jst,Military Green Active Quick Dry Short with Liner,Shorts,0,0,0,2023-05-01 00:00:00
p_nuk7mzc8jt,Navy Active Quick Dry Short with Liner,Swim Shorts,0,0,0,2023-05-01 00:00:00
p_r2e57cmagz,Joggers | Active | Black,Sweatpants & Joggers,0,0,0,2023-05-01 00:00:00
p_csr594d6ws,Heather Navy Loungewear Jogger,Sweatpants & Joggers,0,0,0,2023-05-01 00:00:00
p_2krzrc4m74,Carbon Fleece French Terry Jogger,Sweatpants & Joggers,0,0,0,2023-05-01 00:00:00
p_phdjj3n8yh,Heather Gray Fleece French Terry Joggers,Sweatpants & Joggers,0,0,0,2023-05-01 00:00:00
p_eaxfgdw35q,Medium Gray Wash Slim Fit Comfort Jeans,Jeans,0,0,0,2023-05-01 00:00:00
p_wcjsyc8zup,Medium Gray Wash Straight Fit Comfort Jeans,Jeans,0,0,0,2023-05-01 00:00:00
p_qjxt4q7gff,Military Green Coaches Jacket,Jacket,0,0,0,2023-05-01 00:00:00
p_fm6edfx4ep,Military Green Fleece French Terry Jogger,Sweatpants & Joggers,0,0,0,2023-05-01 00:00:00
p_28tc85jmdq,Military Green Waffle Long Sleeve Crew Neck,Sweatshirt,0,0,0,2023-05-01 00:00:00
p_mxsupz7eaq,Navy Coaches Jacket,Jacket,0,0,0,2023-05-01 00:00:00
p_qqk283mjjn,Navy Fleece French Terry Jogger,Sweatpants & Joggers,0,0,0,2023-05-01 00:00:00
p_xanpax5dbd,True Red Polo,Polos,0,0,0,2023-05-01 00:00:00
p_mrvwze8wph,White Ankle Socks 3-Pack,Socks,0,0,0,2023-05-01 00:00:00
p_ga52js5nmp,White Never Show Socks 3-Pack,Socks,0,0,0,2023-05-01 00:00:00
p_yhe8c62x9c,Heather Navy Quarter Zip Performance Shirt,Athletic Tops,0,0,0,2023-05-01 00:00:00
p_a7p3mw83t9,Heather Military Green Active Long Sleeve Crew Neck,T-Shirts,0,0,0,2023-05-01 00:00:00
p_rwwrukwyz9,Charcoal Heather Gray Short Sleeve Tall Active Crew Neck,T-Shirts,0,0,0,2023-05-01 00:00:00
p_qy223hzmfv,White Short Sleeve Tall Active Crew Neck,T-Shirts,0,0,0,2023-05-01 00:00:00
p_hfj965wa8c,Charcoal Heather Gray Loungewear Long Sleeve Tee And Jogger Set,Sweatshirt,0,0,0,2023-05-01 00:00:00
p_f3v8s3b963,Charcoal Heather Gray Loungewear Short Sleeve Tee And Pant Set,Sweatpants & Joggers,0,0,0,2023-05-01 00:00:00
p_3vtx7z4d8y,Heather Dusty Pink V-Neck T-Shirt,Screen Printed T-Shirts,0,0,0,2023-05-01 00:00:00
p_3kckyj2khu,Heather Navy Loungewear Short Sleeve Tee And Pant Set,Lounge Sweatpants & Joggers,0,0,0,2023-05-01 00:00:00
p_wj3u3m87yx,Short Sleeve T-Shirt | Active | Crew Neck | Black,T-Shirts,0,0,0,2023-06-01 00:00:00
p_svsvrfrcb6,Black Active Long Sleeve Crew Neck T-Shirt,T-Shirts,0,0,0,2023-06-01 00:00:00
p_vjfh4zw9pd,Short Sleeve Active Polo Shirt | Black,Polos,0,0,0,2023-06-01 00:00:00
p_2gwdmudpww,Long Sleeve Shirt | Crew Neck | Black,Shirt,0,0,0,2023-06-01 00:00:00
p_p6zw3xeg4v,Short Sleeve T-Shirt | Crew Neck | Black,T-Shirts,0,0,0,2023-06-01 00:00:00
p_8jmz33scf8,Sweatshirt | Pullover Crew Neck | Fleece French Terry | Black,Sweatshirt,0,0,0,2023-06-01 00:00:00
p_26twzeayzk,Pullover Hoodie | Fleece French Terry | Black,Hoodie,0,0,0,2023-06-01 00:00:00
p_xnzebcgf9j,Zip Hoodie | Fleece French Terry | Black,Hoodie,0,0,0,2023-06-01 00:00:00
p_v9vmgr3m4t,Polo Shirt | Black,Polos,0,0,0,2023-06-01 00:00:00
p_uwm4psyppk,Black Tall Straight Hem Crew Neck T-Shirt,T-Shirts,0,0,0,2023-06-01 00:00:00
p_s7yfamyjwt,Black V-Neck T-Shirt,T-Shirts,0,0,0,2023-06-01 00:00:00
p_htnnbrvvmk,Carbon Active Crew Neck,T-Shirts,0,0,0,2023-06-01 00:00:00
p_rgamhxuwjz,Carbon Crew Neck Long Sleeve,Shirt,0,0,0,2023-06-01 00:00:00
p_szpx92nwke,Carbon Fleece French Terry Zip Hoodie,Hoodie,0,0,0,2023-06-01 00:00:00
p_prm2runmas,Carbon Long Sleeve Henley,T-Shirts,0,0,0,2023-06-01 00:00:00
p_gf9pckvcm8,Carbon Short Sleeve Polo Shirt,Polos,0,0,0,2023-06-01 00:00:00
p_ujs2rxbwwy,Charcoal Heather Gray Active Long Sleeve Crew Neck,T-Shirts,0,0,0,2023-06-01 00:00:00
p_73vqwcfbpf,Charcoal Heather Gray Short Sleeve Active Polo Shirt,Polos,0,0,0,2023-06-01 00:00:00
p_9744mpdv5n,Charcoal Heather Gray Long Sleeve,Shirt,0,0,0,2023-06-01 00:00:00
p_3dh3myqfyq,Charcoal Heather Gray Polo,Polos,0,0,0,2023-06-01 00:00:00
p_yjazyejt4q,Charcoal Heather Gray V-Neck,Shirt,0,0,0,2023-06-01 00:00:00
p_xhhgk2nnba,Heather Burgundy Crew Neck T-Shirt,Shirt,0,0,0,2023-06-01 00:00:00
p_gbd3qsz25s,Heather Charcoal Gray Crew Neck T-Shirt,Shirt,0,0,0,2023-06-01 00:00:00
p_ea2gekbzfm,Heather Gray Crew Neck Long Sleeve,T-Shirts,0,0,0,2023-06-01 00:00:00
p_bdybxrzhhw,Heather Gray Fleece French Terry Pullover Hoodie,Hoodie,0,0,0,2023-06-01 00:00:00
p_cz4mtzemgt,Heather Gray Fleece French Terry Zip Hoodie,Hoodie,0,0,0,2023-06-01 00:00:00
p_ddgsdeyzu9,Heather Gray Long Sleeve Henley,T-Shirts,0,0,0,2023-06-01 00:00:00
p_5rc5ezqwny,Heather Gray Short Sleeve Polo Shirt,Polos,0,0,0,2023-06-01 00:00:00
p_shhxbvvxxp,Heather Indigo Active Crew Neck T-Shirt,T-Shirts,0,0,0,2023-06-01 00:00:00
p_4fs9u74y4x,Heather Indigo Crew Neck Long Sleeve,T-Shirts,0,0,0,2023-06-01 00:00:00
p_hmkhv4g497,Heather Indigo Crew Neck T-Shirt,Shirt,0,0,0,2023-06-01 00:00:00
p_s6hq3cbp99,Heather Indigo Short Sleeve Polo Shirt,Polos,0,0,0,2023-06-01 00:00:00
p_5q6tnqwruf,Heather Light Gray Active Long Sleeve Crew Neck,T-Shirts,0,0,0,2023-06-01 00:00:00
p_ggx5q9x8xm,Heather Military Green Active Crew Neck T-Shirt,Shirt,0,0,0,2023-06-01 00:00:00
p_xngupz8qg8,Heather Military Green Active Long Sleeve Crew Neck,T-Shirts,0,0,0,2023-06-01 00:00:00
p_pzg4uy9ru4,Heather Military Green Short Sleeve Active Polo Shirt,Polos,0,0,0,2023-06-01 00:00:00
p_kajnxmygka,Heather Military Green Crew Neck T-Shirt,Shirt,0,0,0,2023-06-01 00:00:00
p_95axe6dfn6,Heather Navy Active Crew Neck T-Shirt,T-Shirts,0,0,0,2023-06-01 00:00:00
p_5kpddtqty2,Heather Navy Active Long Sleeve Crew Neck,T-Shirts,0,0,0,2023-06-01 00:00:00
p_ccse4psnan,Heather Navy Crew Neck Long Sleeve,T-Shirts,0,0,0,2023-06-01 00:00:00
p_ug6duq4hvt,Heather Navy Crew Neck T-Shirt,Shirt,0,0,0,2023-06-01 00:00:00
p_vrmxbznmh9,Indigo Long Sleeve Henley,Shirt,0,0,0,2023-06-01 00:00:00
p_bhfd33ejhy,Indigo Short Sleeve Polo Shirt,Polos,0,0,0,2023-06-01 00:00:00
p_955cnseek9,Light Heather Gray Crew Neck Long Sleeve,T-Shirts,0,0,0,2023-06-01 00:00:00
p_6zjn28jf23,Military Green Crew Neck Long Sleeve,Shirt,0,0,0,2023-06-01 00:00:00
p_shcbhfeqaq,Military Green Fleece French Terry Pullover Crew Neck Sweatshirt,Sweatshirt,0,0,0,2023-06-01 00:00:00
p_3wz546brng,Military Green Fleece French Terry Pullover Hoodie,Hoodie,0,0,0,2023-06-01 00:00:00
p_8q6kvd32nc,Military Green Fleece French Terry Zip Hoodie,Hoodie,0,0,0,2023-06-01 00:00:00
p_brwwn6xkwh,Military Green Long Sleeve Henley,T-Shirts,0,0,0,2023-06-01 00:00:00
p_mwv4sjthwt,Military Green Short Sleeve Polo Shirt,Polos,0,0,0,2023-06-01 00:00:00
p_vtkmnr87v2,Navy Active Crew Neck T-Shirt,T-Shirts,0,0,0,2023-06-01 00:00:00
p_tpzfdnukzs,Navy Active Long Sleeve Crew Neck,T-Shirts,0,0,0,2023-06-01 00:00:00
p_bptwztkuks,Navy Short Sleeve Active Polo Shirt,Polos,0,0,0,2023-06-01 00:00:00
p_tjh5t8a6tw,Navy Crew Neck Long Sleeve,Shirt,0,0,0,2023-06-01 00:00:00
p_rezzg23bjy,Navy Fleece French Terry Pullover Crew Neck Sweatshirt,Sweatshirt,0,0,0,2023-06-01 00:00:00
p_k6s6hftqfe,Navy Fleece French Terry Pullover Hoodie,Hoodie,0,0,0,2023-06-01 00:00:00
p_h9z43a8zde,Navy Fleece French Terry Zip Hoodie,Hoodie,0,0,0,2023-06-01 00:00:00
p_ngbbqfwzd5,Navy Long Sleeve Henley,Shirt,0,0,0,2023-06-01 00:00:00
p_rhexhysfzs,Navy Short Sleeve Polo Shirt,Polos,0,0,0,2023-06-01 00:00:00
p_xa4dn5yc22,Navy Tall Short Sleeve Polo Shirt,Polos,0,0,0,2023-06-01 00:00:00
p_2wu3jtehp2,Navy Short Sleeve V-Neck T-Shirt,Shirt,0,0,0,2023-06-01 00:00:00
p_8rbvhb5tdc,White Active Crew Neck T-Shirt,Shirt,0,0,0,2023-06-01 00:00:00
p_r5gttk27sm,White Active Long Sleeve Crew Neck,Shirt,0,0,0,2023-06-01 00:00:00
p_2cus7843n6,White Crew Neck Long Sleeve,Shirt,0,0,0,2023-06-01 00:00:00
p_twpefb4vpq,White Long Sleeve Henley,T-Shirts,0,0,0,2023-06-01 00:00:00
p_6hvvy94kq4,White Short Sleeve Polo Shirt,Polos,0,0,0,2023-06-01 00:00:00
p_m6x758mjvq,White Short Sleeve Tall Polo Shirt,Polos,0,0,0,2023-06-01 00:00:00
p_s49r5jxnqq,White Short Sleeve V-Neck T-Shirt,T-Shirts,0,0,0,2023-06-01 00:00:00
p_fx25mpavbf,Long Sleeve T-Shirt | Hooded | Black,T-Shirts,0,0,0,2023-06-01 00:00:00
p_gawdf2gbfa,Long Sleeve Polo Shirt | Black,Polos,0,0,0,2023-06-01 00:00:00
p_xafkdxwnvm,Black Waffle Hoodie,Hoodie,0,0,0,2023-06-01 00:00:00
p_yev838e3bk,Dark Olive Waffle Hoodie,Hoodie,0,0,0,2023-06-01 00:00:00
p_3h5wxbdgfn,White Long Sleeve Polo Shirt,Polos,0,0,0,2023-06-01 00:00:00
p_g5xjgypbqs,Long Sleeve Button Up Shirt | Black,Button Down Shirts,0,0,0,2023-06-01 00:00:00
p_pqjyybc86f,Black Waffle Long Sleeve Crew Neck T-Shirt,T-Shirts,0,0,0,2023-06-01 00:00:00
p_5pqpzmazbr,Carbon Long Sleeve Button Up Shirt,Button Down Shirts,0,0,0,2023-06-01 00:00:00
p_anqd83cjye,Military Green Waffle Long Sleeve Crew Neck,Sweatshirt,0,0,0,2023-06-01 00:00:00
p_vp3anzz9s3,White Button Up Shirt,Button Down Shirts,0,0,0,2023-06-01 00:00:00
p_92vf4hpdrt,White Commuter Short Sleeve Button Up,Button Down Shirts,0,0,0,2023-06-01 00:00:00
p_85skykpy7r,Short Sleeve Button Up Shirt | Commuter | Black,Button Down Shirts,0,0,0,2023-06-01 00:00:00
p_v5bwyyhget,Carbon Commuter Short Sleeve Button Up,Button Down Shirts,0,0,0,2023-06-01 00:00:00
p_5kr9enrf6j,Short Sleeve Tee | Loungewear | Charcoal Heather Gray,T-Shirts,0,0,0,2023-06-01 00:00:00
p_rpwqburrmc,Dark Heather Cadet Active Polo,Polos,0,0,0,2023-06-01 00:00:00
p_8tryb2ahrp,Dark Heather Cocoa Active Polo,Polos,0,0,0,2023-06-01 00:00:00
p_vnexp6dh3m,Heather Centurion Short Sleeve Active Polo Shirt,Polos,0,0,0,2023-06-01 00:00:00
p_8pczdfc69m,Heather Cocoa Short Sleeve Active Polo Shirt,Polos,0,0,0,2023-06-01 00:00:00
p_xdyq8mewrc,Short Sleeve Button Up Shirt | Black,Button Down Shirts,0,0,0,2023-06-01 00:00:00
p_56qjzafa6s,Carbon Short Sleeve Button Up Shirt,Button Down Shirts,0,0,0,2023-06-01 00:00:00
p_7dyz93zegj,"Shorts | Active Training | 7"" | Sapphire",Athletic Shorts,0,0,0,2023-06-01 00:00:00
p_3pkg63ym5k,"Shorts | Active Training | 7"" | Steel",Shorts,0,0,0,2023-06-01 00:00:00
p_k5hymg84ez,"Shorts | Training | 7"" | 2-in-1 Black",Athletic Shorts,0,0,0,2023-06-01 00:00:00
p_mm5tbn6qza,Sweatshirt | Comfort Crew | Black,Sweatshirt,0,0,0,2023-06-01 00:00:00
p_2uptnqrxy2,Hoodie | Active Comfort | Pullover | Black,Hoodie,0,0,0,2023-06-01 00:00:00
p_ys335pw23m,Pants | Active Comfort | Straight Leg | Black,Sweatpants & Joggers,0,0,0,2023-06-01 00:00:00
p_9attt36kqt,Blazer | Black,Blazer,0,0,0,2023-06-01 00:00:00
p_84w66d79b8,Pants | Comfort Chino | Black,Pants,0,0,0,2023-06-01 00:00:00
p_349fd5fte5,Sweater | Crew Neck | Black,Knit Sweaters,0,0,0,2023-06-01 00:00:00
p_zzvxdda285,Fleece Shacket | Black,Jacket,0,0,0,2023-06-01 00:00:00
p_z7kat66jsb,Puffer Vest | Black,Outerwear Vests,0,0,0,2023-06-01 00:00:00
p_w99wqwtmd8,Performance Shirt | Quarter Zip | Black,Athletic Tops,0,0,0,2023-06-01 00:00:00
p_vkp29t8hpk,Sleeveless Muscle Tee | Active | Black,Athletic Tops,0,0,0,2023-06-01 00:00:00
p_bxpjzp3q34,Sweater Hoodie | Black,Hoodie,0,0,0,2023-06-01 00:00:00
p_j23j35syzx,Black Wash Long Sleeve Chambray Shirt,Shirt,0,0,0,2023-06-01 00:00:00
p_aaa5u2senn,Black Wash Slim Fit Comfort Jeans,Jeans,0,0,0,2023-06-01 00:00:00
p_mu7q5qx67m,Black Wash Straight Fit Comfort Jeans,Jeans,0,0,0,2023-06-01 00:00:00
p_kv4qxkyavb,Chino Pants | Comfort | Carbon,Pants,0,0,0,2023-06-01 00:00:00
p_av6ja2w28x,Charcoal Heather Active Comfort Crew Sweatshirt,Athletic Tops,0,0,0,2023-06-01 00:00:00
p_jqxjnq8mc8,Charcoal Heather Active Comfort Straight Leg Pant,Sweatpants & Joggers,0,0,0,2023-06-01 00:00:00
p_hzkzcd9ag9,Charcoal Heather Gray Long Sleeve Ripstop Commuter Shirt,Shirt,0,0,0,2023-06-01 00:00:00
p_zc74ftx9hy,Charcoal Heather Gray Pique Crew Sweater,Knit Sweaters,0,0,0,2023-06-01 00:00:00
p_4krqrmhc8s, Sleeveless Muscle Tee | Active | Charcoal Heather Gray,Athletic Tops,0,0,0,2023-06-01 00:00:00
p_qvscv7wqa7,Dark Oak Fleece French Terry Jogger,Sweatpants & Joggers,0,0,0,2023-06-01 00:00:00
p_yw7vvn467f,Dark Olive Long Sleeve Crew Neck T-Shirt,T-Shirts,0,0,0,2023-06-01 00:00:00
p_hc97kv4jxf,Deep Sea Blue Short Sleeve Crew Neck T-Shirt,T-Shirts,0,0,0,2023-06-01 00:00:00
p_zp4vn3rtz4,Deep Sea Blue Long Sleeve Crew Neck T-Shirt,T-Shirts,0,0,0,2023-06-01 00:00:00
p_8d5cs572ku,Evergreen Heather Short Sleeve Crew Neck T-Shirt,T-Shirts,0,0,0,2023-06-01 00:00:00
p_2qn4rb76qt,Evergreen Heather Long Sleeve Crew Neck T-Shirt,T-Shirts,0,0,0,2023-06-01 00:00:00
p_hun6quaf8f,Gray Wash Slim Fit Comfort Jeans,Jeans,0,0,0,2023-06-01 00:00:00
p_bn49najk97,Gray Wash Straight Fit Comfort Jeans,Jeans,0,0,0,2023-06-01 00:00:00
p_a66qgjtv8u, Sleeveless Muscle Tee | Active | Heather Cadet,Athletic Tops,0,0,0,2023-06-01 00:00:00
p_76w9v5r9gp,Heather Camel Pique Crew Sweater,Knit Sweaters,0,0,0,2023-06-01 00:00:00
p_m26nune3tt,Sleeveless Muscle Tee | Active | Heather Cocoa,Tank Top,0,0,0,2023-06-01 00:00:00
p_wtfwp7uyps,Heather Dark Oak Long Sleeve Crew Neck T-Shirt,T-Shirts,0,0,0,2023-06-01 00:00:00
p_guzmuvmxwg,Heather Dark Orchid Short Sleeve Crew Neck T-Shirt,T-Shirts,0,0,0,2023-06-01 00:00:00
p_auux7guqn5,Sleeveless Muscle Tee | Active| Heather Forest,Athletic Tops,0,0,0,2023-06-01 00:00:00
p_wvdzacyaq8,Heather Garnet Short Sleeve Crew Neck T-Shirt,T-Shirts,0,0,0,2023-06-01 00:00:00
p_59st4ejx9g,Heather Graphite Short Sleeve Crew Neck T-Shirt,T-Shirts,0,0,0,2023-06-01 00:00:00
p_mkhh2ymk98,Heather Navy Active Comfort Crew Sweatshirt,Sweatshirt,0,0,0,2023-06-01 00:00:00
p_4tw7w4865y,Medium Gray Wash Slim Fit Comfort Jeans,Jeans,0,0,0,2023-06-01 00:00:00
p_u25kmysesj,Medium Gray Wash Straight Fit Comfort Jeans,Jeans,0,0,0,2023-06-01 00:00:00
p_yrp9cazs3k,Olive Long Sleeve Ripstop Commuter Shirt,Shirt,0,0,0,2023-06-01 00:00:00
p_vjj8djm98g,"Voyager 7"" 2-in-1 Training Short",Athletic Shorts,0,0,0,2023-06-01 00:00:00
p_ens5k22dee,Coaches Jacket | Black,Jacket,0,0,0,2023-06-01 00:00:00
p_krqrvpb5nk,Short Sleeve Sweater Polo Shirt | Black,Polos,0,0,0,2023-06-01 00:00:00
p_ezjsg82fk7,Garnet Short Sleeve Sweater Polo Shirt,Polos,0,0,0,2023-06-01 00:00:00
p_zfqbnz8zdc,Heather Gray Short Sleeve Sweater Polo,Polos,0,0,0,2023-06-01 00:00:00
p_rdac8nxqpc,Navy Short Sleeve Sweater Polo,Polos,0,0,0,2023-06-01 00:00:00
p_tdz6dj3k93,Charcoal Heather Gray Active Shell Jacket,Jacket,0,0,0,2023-06-01 00:00:00
p_ef9p26sqwv,Navy Coaches Jacket,Jacket,0,0,0,2023-06-01 00:00:00
p_gvy838kdy9,Long Sleeve Button Up Sweater Shirt | Black + Carbon,Button Down Shirts,0,0,0,2023-06-01 00:00:00
p_cpfjz5js6m,Light Heather Gray Quarter Zip Performance Shirt,Athletic Tops,0,0,0,2023-06-01 00:00:00
p_encznv79zd,Charcoal Heather Gray Loungewear Jogger,Sweatpants & Joggers,0,0,0,2023-06-01 00:00:00
p_uqg73gd526,Dark Olive Short Sleeve V-Neck T-Shirt,T-Shirts,0,0,0,2023-06-01 00:00:00
p_dd7ynwa46b,Military Green Coaches Jacket,Jacket,0,0,0,2023-06-01 00:00:00
p_pds624ht98,Ankle Socks | Active | 3-Pack | Black,Socks,0,0,0,2023-06-01 00:00:00
p_h9thpv33ux,Crew Socks | Active | 3-Pack | Black,Socks,0,0,0,2023-06-01 00:00:00
p_vm4udwbmec,Ankle Socks | 3-Pack | Black,Socks,0,0,0,2023-06-01 00:00:00
p_hv5d9t5gb4,Black Boxer Trunks 3-Pack,Underwear,0,0,0,2023-06-01 00:00:00
p_eg72spursx,Half Crew Sock | 3-Pack | Black,Socks,0,0,0,2023-06-01 00:00:00
p_m5nrytn7g3,Boxer Briefs | Logo | 3-Pack | Black,Underwear,0,0,0,2023-06-01 00:00:00
p_7rzxq9sd8n,Never Show Socks | 3-Pack | Black,Socks,0,0,0,2023-06-01 00:00:00
p_h644hfsgj7,Sweater Beanie | Black,Beanie,0,0,0,2023-06-01 00:00:00
p_k8j2vzha5p,Burgundy Boxer Briefs 3-Pack,Underwear,0,0,0,2023-06-01 00:00:00
p_rd96dkwsx6,Carbon Boxer Trunks 3-Pack,Underwear,0,0,0,2023-06-01 00:00:00
p_3zf2yh34hr,Dark Olive Short Sleeve Polo Shirt,Polos,0,0,0,2023-06-01 00:00:00
p_fcgghnz6fh,Evergreen Sweater Beanie,Beanie,0,0,0,2023-06-01 00:00:00
p_vxfj55w6ma,Heather Burgundy Short Sleeve Polo Shirt,Polos,0,0,0,2023-06-01 00:00:00
p_tpv8fcqeja,Heather Gray Active Ankle Socks 3-Pack,Socks,0,0,0,2023-06-01 00:00:00
p_y6cg76w8k6,Heather Gray Half Crew Sock 3-Pack,Socks,0,0,0,2023-06-01 00:00:00
p_sgut9a5tns,Light Heather Gray Polo,Polos,0,0,0,2023-06-01 00:00:00
p_r5xrp6kuxu,True Red Short Sleeve Polo Shirt,Polos,0,0,0,2023-06-01 00:00:00
p_x285vx432e,White Ankle Socks 3-Pack,Socks,0,0,0,2023-06-01 00:00:00
p_3aup7bbqg3,Carbon Tall Long Sleeve T-Shirt,Shirt,0,0,0,2023-06-01 00:00:00
p_mxpb4sqvry,Charcoal Heather Gray Short Sleeve Tall Crew,T-Shirts,0,0,0,2023-06-01 00:00:00
p_92fw37ajex,Heather Seafarer Short Sleeve Tall Crew,Shirt,0,0,0,2023-06-01 00:00:00
p_rhk5rdjr7y,Heather Voyager Short Sleeve Tall Crew,T-Shirts,0,0,0,2023-06-01 00:00:00
p_hz3svpszdm,Military Green Tall Long Sleeve T-Shirt,T-Shirts,0,0,0,2023-06-01 00:00:00
p_3xnj548f3x,Sapphire Short Sleeve Tall Crew,T-Shirts,0,0,0,2023-06-01 00:00:00
p_j9huduq2g2,White Tall Straight Hem Crew Neck T-Shirt,T-Shirts,0,0,0,2023-06-01 00:00:00
p_ct8bqyz5rd,Bomber Jacket | Black,Bomber Jackets,0,0,0,2023-06-01 00:00:00
p_26x46r3gh3,Carbon Short Sleeve Tall Polo Shirt,Polos,0,0,0,2023-06-01 00:00:00
p_uwgqdnnawm,Charcoal Heather Gray Short Sleeve Tall Polo Shirt,Polos,0,0,0,2023-06-01 00:00:00
p_awt8ehv6fc,Heather Gray Short Sleeve Tall Polo Shirt,Polos,0,0,0,2023-06-01 00:00:00
p_ug78456eub,Mahogany Fleece French Terry Pullover Hoodie,Hoodie,0,0,0,2023-06-01 00:00:00
p_3hycs4vyy4,Mahogany Fleece French Terry Zip Hoodie,Hoodie,0,0,0,2023-06-01 00:00:00
p_487dnzupxz,Military Green Short Sleeve Tall Polo Shirt,Polos,0,0,0,2023-06-01 00:00:00
p_haens7aj79,Sapphire Short Sleeve Tall Polo Shirt,Polos,0,0,0,2023-06-01 00:00:00
p_n7npmmnfq3,Bomber Jacket | Army Green,Bomber Jackets,0,0,0,2023-06-01 00:00:00
p_vhct7fnamt,Sweater Fleece Jacket | Black,Jacket,0,0,0,2023-06-01 00:00:00
p_qvxdc36tay,Carbon Bomber Jacket,Bomber Jackets,0,0,0,2023-06-01 00:00:00
p_ubarpzrdvd,Gray Sweater Fleece Jacket,Knit Sweaters,0,0,0,2023-06-01 00:00:00
p_25m5nqdhtq,Gunmetal Puffer Jacket,Puffer Jackets,0,0,0,2023-06-01 00:00:00
p_9nq4jjbkbr,Military Green Puffer Jacket,Puffer Jackets,0,0,0,2023-06-01 00:00:00
p_6svhrtmsn3,Navy Bomber Jacket,Bomber Jackets,0,0,0,2023-06-01 00:00:00
p_dwbw45rvge,Navy Hooded Puffer Jacket,Puffer Jackets,0,0,0,2023-06-01 00:00:00
p_4yh4m8q3v7,Navy Puffer Jacket,Puffer Jackets,0,0,0,2023-06-01 00:00:00
p_e6pz5d7uh9,Navy Sweater Fleece Jacket,Hoodie,0,0,0,2023-06-01 00:00:00
p_4xmfcxsvq4,Puffer Jacket | Hooded | Black,Puffer Jackets,0,0,0,2023-06-01 00:00:00
p_zrt8e4hahp,Chino Pants | Straight | Twill | Black,Pants,0,0,0,2023-06-01 00:00:00
p_6bppe3h2jj,Centurion Slim Twill Chino,Pants,0,0,0,2023-06-01 00:00:00
p_zd6gtes7qp,Centurion Straight Twill Chino,Pants,0,0,0,2023-06-01 00:00:00
p_ja9tudbs9q,Dark Oak Straight Twill Chino,Pants,0,0,0,2023-06-01 00:00:00
p_yqusyfjxtf,Gunmetal Hooded Puffer Jacket,Puffer Jackets,0,0,0,2023-06-01 00:00:00
p_kkdff6r47e,Meadow Slim Twill Chino,Pants,0,0,0,2023-06-01 00:00:00
p_rnmhwn9kcu,Navy Slim Twill Chino,Pants,0,0,0,2023-06-01 00:00:00
p_y5u5gs4evr,Navy Straight Twill Chino,Pants,0,0,0,2023-06-01 00:00:00
p_vqc6jejd69,Long Sleeve Button Up Shirt | Do-It-All Comfort | Black,Button Down Shirts,0,0,0,2023-06-01 00:00:00
p_p8ep2jre98,Hoodie | Active | Black,Hoodie,0,0,0,2023-06-01 00:00:00
p_vubwwnzvnt,Dark Heather Cadet Long Sleeve Active Crew Neck,T-Shirts,0,0,0,2023-06-01 00:00:00
p_e2426ac79u,Dark Heather Tempest Long Sleeve Active Crew Neck,Sweatshirt,0,0,0,2023-06-01 00:00:00
p_cjzvdmswjf,White Active Hoodie,Hoodie,0,0,0,2023-06-01 00:00:00
p_ncwnq5usm5,"Shorts | Active Training | 7"" | Slate Green",Athletic Shorts,0,0,0,2023-06-01 00:00:00
p_x443echvnq,"Chino Shorts | Comfort | 7"" | Military Green",Shorts,0,0,0,2023-06-01 00:00:00
p_qhjjf5kjgd,"Chino Shorts | Comfort | 7"" | Rosewood",Shorts,0,0,0,2023-06-01 00:00:00
p_f8rywmvjsy,"Chino Shorts | Comfort | 7"" | Sapphire",Shorts,0,0,0,2023-06-01 00:00:00
p_6kxr6rztwd,"Chino Shorts | Comfort | 7"" | Slate Green",Shorts,0,0,0,2023-06-01 00:00:00
p_56zbdasvhd,"Chino Shorts | Comfort | 9"" | Sapphire",Shorts,0,0,0,2023-06-01 00:00:00
p_xpmubyp2yg,"Chino Shorts | Comfort | 9"" | Slate Green",Shorts,0,0,0,2023-06-01 00:00:00
p_saytmbtmak,"Shorts | Classic Twill | 9"" | Black",Shorts,0,0,0,2023-06-01 00:00:00
p_aytxzkck8x,"Shorts | Classic Twill | 7"" | Black",Shorts,0,0,0,2023-06-01 00:00:00
p_fhdff8x3jt,"Shorts | Classic Twill | 7"" | Harbor",Shorts,0,0,0,2023-06-01 00:00:00
p_q2935cukf5,"Shorts | Classic Twill | 7"" | Khaki",Shorts,0,0,0,2023-06-01 00:00:00
p_qr5wafyaq4,"Shorts | Classic Twill | 7"" | Moss",Shorts,0,0,0,2023-06-01 00:00:00
p_j48puxsej5,"Shorts | Classic Twill | 7"" | Sandstone",Shorts,0,0,0,2023-06-01 00:00:00
p_b2wv3hqta7,"Shorts | Classic Twill | 9"" | Centurion",Shorts,0,0,0,2023-06-01 00:00:00
p_wungd9j4dh,"Shorts | Active Training | 7"" | Black",Shorts,0,0,0,2023-06-01 00:00:00
p_r9rn7a2dy5,"Shorts | Active Training | 7"" | Carbon",Shorts,0,0,0,2023-06-01 00:00:00
p_n9qtgjygdv,"Shorts | Active Training | 7"" | Sandstone",Athletic Shorts,0,0,0,2023-06-01 00:00:00
p_nu9kcajw2z,"Chino Shorts | Comfort | 7"" | Black",Shorts,0,0,0,2023-06-01 00:00:00
p_hmp7dkjce9,"Chino Shorts | Comfort | 7"" | Carbon",Shorts,0,0,0,2023-06-01 00:00:00
p_25upswaptj,"Chino Shorts | Comfort | 7"" | Khaki",Shorts,0,0,0,2023-06-01 00:00:00
p_kaq2j39v2p,"Chino Shorts | Comfort | 7"" | Navy",Shorts,0,0,0,2023-06-01 00:00:00
p_utfqrxy94f,Shorts | Commuter | Black,Shorts,0,0,0,2023-06-01 00:00:00
p_prrc5xwre5,Khaki Commuter Short,Shorts,0,0,0,2023-06-01 00:00:00
p_bj4epra3sv,Shorts | Fleece French Terry | Black,Shorts,0,0,0,2023-06-01 00:00:00
p_fvgyjfheyt,Sandstone Commuter Short,Shorts,0,0,0,2023-06-01 00:00:00
p_epuubwwz7s,Military Green Fleece French Terry Short,Shorts,0,0,0,2023-06-01 00:00:00
p_j4bf77xx5v,"Chino Shorts | Comfort | 9"" | Black",Shorts,0,0,0,2023-06-01 00:00:00
p_74gmgsy6yv,Navy Fleece French Terry Short,Shorts,0,0,0,2023-06-01 00:00:00
p_m5f29n89jy,"Chino Shorts | Comfort | 9"" | Carbon",Shorts,0,0,0,2023-06-01 00:00:00
p_47meu4bybx,"Chino Shorts | Comfort |  9"" | Ivory",Shorts,0,0,0,2023-06-01 00:00:00
p_5za8gj7unh,"Chino Shorts | Comfort | 9"" | Khaki",Shorts,0,0,0,2023-06-01 00:00:00
p_arxdch5qcv,"Chino Shorts | Comfort | 9"" | Military Green",Shorts,0,0,0,2023-06-01 00:00:00
p_en8vndps74,"Chino Shorts | Comfort | 9"" | Navy",Shorts,0,0,0,2023-06-01 00:00:00
p_rquj6mrdex,Dark Heather Navy Active Comfort Short,Shorts,0,0,0,2023-06-01 00:00:00
p_6ra9g27e7u,Burgundy Active Quick Dry Short with Liner,Swim Shorts,0,0,0,2023-06-01 00:00:00
p_5ek32kjgzp,Navy Active Quick Dry Short with Liner,Swim Shorts,0,0,0,2023-06-01 00:00:00
p_bp7w9cp3k9,Pants | Commuter | Black,Pants,0,0,0,2023-06-01 00:00:00
p_5p5sgcwp5f,"Shorts | Active Training | 7"" | Navy",Shorts,0,0,0,2023-06-01 00:00:00
p_47uf2puagk,"Shorts | Classic Twill | 7"" | Navy",Shorts,0,0,0,2023-06-01 00:00:00
p_9a5tjqerw5,"Shorts | Classic Twill | 9"" | Meadow",Shorts,0,0,0,2023-06-01 00:00:00
p_a69bzurkgs,Joggers | Active | Black,Sweatpants & Joggers,0,0,0,2023-06-01 00:00:00
p_2bkrkbfbk9,Classic Polarized Sunglasses | Black,Sunglasses,0,0,0,2023-06-01 00:00:00
p_vvkaza7v48,Long Sleeve Button Up Shirt | Commuter | Black,Button Down Shirts,0,0,0,2023-06-01 00:00:00
p_egq2tewvm7,Long Sleeve Henley | Black,T-Shirts,0,0,0,2023-06-01 00:00:00
p_yp2v99qxbf,Classic Polarized Sunglasses | Black Mirror,Sunglasses,0,0,0,2023-06-01 00:00:00
p_mef5fue56y,Dress Shirt | Lightweight Performance | Black,Button Down Shirts,0,0,0,2023-06-01 00:00:00
p_fpmkw85rke,Short Sleeve Polo Shirt | Black,Polos,0,0,0,2023-06-01 00:00:00
p_s7c853uk5c,Puffer Jacket | Black,Puffer Jackets,0,0,0,2023-06-01 00:00:00
p_8nhyuguh4z,Chino Pants | Slim | Twill | Black,Pants,0,0,0,2023-06-01 00:00:00
p_ka5fa3ne6y,Slippers | Black,Slippers,0,0,0,2023-06-01 00:00:00
p_6wnwzma24v,Long Sleeve Button Up Shirt | Stretch Oxford | Black,Button Down Shirts,0,0,0,2023-06-01 00:00:00
p_u3ffx96ehp,Short Sleeve T-Shirt | Tall | Active Crew Neck | Black,T-Shirts,0,0,0,2023-06-01 00:00:00
p_ufjg6nn927,Long Sleeve T-Shirt | Tall | Black,T-Shirts,0,0,0,2023-06-01 00:00:00
p_enhxmmv3xa,Polo Shirt | Tall | Black,Polos,0,0,0,2023-06-01 00:00:00
p_gqfhmx28rz,Blue Quartz Short Sleeve Crew Neck T-Shirt,T-Shirts,0,0,0,2023-06-01 00:00:00
p_6ccw4zmdj6,Bluestone Tall Round Hem Crew Neck T-Shirt,T-Shirts,0,0,0,2023-06-01 00:00:00
p_ryght7etrs,Bluestone V-Neck Short Sleeve T-Shirt,T-Shirts,0,0,0,2023-06-01 00:00:00
p_5q95b4bjyg,Burgundy Short Sleeve Crew Neck T-Shirt,T-Shirts,0,0,0,2023-06-01 00:00:00
p_2sxe2kvxmc,Burgundy Long Sleeve Crew Neck T-Shirt,T-Shirts,0,0,0,2023-06-01 00:00:00
p_srwzc2wwq6,Burgundy Long Sleeve Henley,T-Shirts,0,0,0,2023-06-01 00:00:00
p_8p9z2j6eqt,Burgundy Short Sleeve V-Neck T-Shirt,T-Shirts,0,0,0,2023-06-01 00:00:00
p_dnq23rfcgu,"Carbon 7"" 2-in-1 Training Short",Athletic Shorts,0,0,0,2023-06-01 00:00:00
p_9tz4xs4maw,Carbon Commuter Long Sleeve Button Up Shirt,Button Down Shirts,0,0,0,2023-06-01 00:00:00
p_82erf6xepz,Carbon Commuter Pant,Pants,0,0,0,2023-06-01 00:00:00
p_gxqdqumwae,Carbon Short Sleeve Crew Neck T-Shirt,T-Shirts,0,0,0,2023-06-01 00:00:00
p_nmb6y3r32b,Carbon Fleece French Terry Jogger,Sweatpants & Joggers,0,0,0,2023-06-01 00:00:00
p_mqhey6peq9,Carbon Fleece French Terry Pullover Crew Neck Sweatshirt,Sweatshirt,0,0,0,2023-06-01 00:00:00
p_pgvy4mwya6,Carbon Fleece French Terry Pullover Hoodie,Hoodie,0,0,0,2023-06-01 00:00:00
p_dcfsb4qj5s,Carbon Performance Lightweight Dress Shirt,Button Down Shirts,0,0,0,2023-06-01 00:00:00
p_q9e4tw2vgn,Carbon Tall Active Crew Neck T-Shirt,T-Shirts,0,0,0,2023-06-01 00:00:00
p_3mznzzvw2f,Carbon Tall Round Hem Crew Neck T-Shirt,T-Shirts,0,0,0,2023-06-01 00:00:00
p_fcv57d39m8,Carbon Short Sleeve V-Neck T-Shirt,T-Shirts,0,0,0,2023-06-01 00:00:00
p_n6hvkgussy,Carbon Waffle Hoodie,Hoodie,0,0,0,2023-06-01 00:00:00
p_yg5234hu8z,Centurion Short Sleeve Sweater Polo Shirt,Polos,0,0,0,2023-06-01 00:00:00
p_qcw7eb8td6,Charcoal Heather Active Comfort Full Zip Hoodie,Hoodie,0,0,0,2023-06-01 00:00:00
p_agkp4c43e4,Charcoal Heather Active Comfort Pullover Hoodie,Hoodie,0,0,0,2023-06-01 00:00:00
p_cn8axvjmp9,Charcoal Heather Gray Active Comfort Short,Athletic Shorts,0,0,0,2023-06-01 00:00:00
p_6c6nrcr2c3, Short Sleeve T-Shirt | Active Crew Neck | Charcoal Heather Gray,T-Shirts,0,0,0,2023-06-01 00:00:00
p_znfcswnte7,Charcoal Heather Gray Active Hoodie,Hoodie,0,0,0,2023-06-01 00:00:00
p_bdbtrvs35c,Charcoal Heather Gray Active Joggers,Sweatpants & Joggers,0,0,0,2023-06-01 00:00:00
p_pxnmvcumyj,Charcoal Heather Gray Do-It-All Comfort Long Sleeve Button Up Shirt,Button Down Shirts,0,0,0,2023-06-01 00:00:00
p_yra4pxjn2n,Charcoal Heather Gray Fleece French Terry Full Zip,Hoodie,0,0,0,2023-06-01 00:00:00
p_k727r3s7q8,Charcoal Heather Gray Fleece French Terry Jogger,Sweatpants & Joggers,0,0,0,2023-06-01 00:00:00
p_qsxubmrtfw,Long Sleeve Tee | Loungewear | Charcoal Heather Gray,T-Shirts,0,0,0,2023-06-01 00:00:00
p_hrqsaa2u6g,Charcoal Heather Gray Loungewear Pant,Pants,0,0,0,2023-06-01 00:00:00
p_z9gg92dcqx,Charcoal Heather Gray Short Sleeve Polo Shirt,Polos,0,0,0,2023-06-01 00:00:00
p_3shyn5zkky,Charcoal Heather Gray Tall Crew T-Shirt,T-Shirts,0,0,0,2023-06-01 00:00:00
p_mvqwbcmhah,Charcoal Heather Gray Tall Round Hem Crew Neck T-Shirt,T-Shirts,0,0,0,2023-06-01 00:00:00
p_yupfqc6yfm,Charcoal Heather Gray Short Sleeve V-Neck T-Shirt,T-Shirts,0,0,0,2023-06-01 00:00:00
p_6k245nh69q,Crimson Long Sleeve Crew Neck T-Shirt,T-Shirts,0,0,0,2023-06-01 00:00:00
p_rhxjthz5x8,Dark Heather Burgundy Active Comfort Short,Swim Shorts,0,0,0,2023-06-01 00:00:00
p_ucy8r4cqe3,Dark Heather Burgundy Active Joggers,Sweatpants & Joggers,0,0,0,2023-06-01 00:00:00
p_2eh6mejec7,Dark Heather Cadet Active Crew Neck T-Shirt,T-Shirts,0,0,0,2023-06-01 00:00:00
p_sfn5q4bv26,Dark Heather Cadet Short Sleeve Active Polo Shirt,Polos,0,0,0,2023-06-01 00:00:00
p_ncvpa3z4h7,Dark Heather Cadet Long Sleeve Active Crew Neck T-Shirt,T-Shirts,0,0,0,2023-06-01 00:00:00
p_6njreat3aq,Dark Heather Cocoa Active Crew Neck T-Shirt,T-Shirts,0,0,0,2023-06-01 00:00:00
p_mjrxd2wgtf,Dark Heather Cocoa Short Sleeve Active Polo Shirt,Polos,0,0,0,2023-06-01 00:00:00
p_zf9muhc3as,Dark Heather Indigo Active Comfort Short,Shorts,0,0,0,2023-06-01 00:00:00
p_x5p88uuzy5,Dark Heather Indigo Active Joggers,Sweatpants & Joggers,0,0,0,2023-06-01 00:00:00
p_npx42jpcmt,Dark Heather Military Green Active Comfort Short,Shorts,0,0,0,2023-06-01 00:00:00
p_9m3e7uj62s,Dark Heather Military Green Active Joggers,Sweatpants & Joggers,0,0,0,2023-06-01 00:00:00
p_t2tpzxuynp,Dark Heather Navy Active Joggers,Sweatpants & Joggers,0,0,0,2023-06-01 00:00:00
p_vybqnpjdfb,Dark Heather Tempest Active Crew Neck T-Shirt,T-Shirts,0,0,0,2023-06-01 00:00:00
p_gzgm33n9cz,Dark Heather Tempest Short Sleeve Active Polo Shirt,Polos,0,0,0,2023-06-01 00:00:00
p_sph8dsebwy,Dark Oak Fleece French Terry Pullover Crew Neck Sweatshirt,Sweatshirt,0,0,0,2023-06-01 00:00:00
p_zpj5m6rzbh,Dark Oak Fleece French Terry Pullover Hoodie,Hoodie,0,0,0,2023-06-01 00:00:00
p_bvsv82u2jt,Dark Oak Fleece French Terry Zip Hoodie,Hoodie,0,0,0,2023-06-01 00:00:00
p_xdyn8gxhhe,Dark Oak Long Sleeve Waffle Crew,Sweatshirt,0,0,0,2023-06-01 00:00:00
p_hvyht2dd2v,Dark Oak Slim Twill Chino Pant,Pants,0,0,0,2023-06-01 00:00:00
p_9mtccasba9,Dark Oak Waffle Hoodie,Hoodie,0,0,0,2023-06-01 00:00:00
p_2wxxfw7mca,Dark Olive Fleece Shacket,Shirt Jackets,0,0,0,2023-06-01 00:00:00
p_b3ppfm2vay,Dark Olive Long Sleeve Waffle Crew,Shirt,0,0,0,2023-06-01 00:00:00
p_a6yxedr8jx,Dark Purple Short Sleeve V-Neck T-Shirt ,T-Shirts,0,0,0,2023-06-01 00:00:00
p_zwwudtzed5,Deep Sea Blue Heather Active Hoodie,Hoodie,0,0,0,2023-06-01 00:00:00
p_9y7p8njxta,Deep Sea Blue Heather Active Long Sleeve Crew T-Shirt,T-Shirts,0,0,0,2023-06-01 00:00:00
p_wht3v5efkm,Deep Sea Blue Long Sleeve Waffle Crew,T-Shirts,0,0,0,2023-06-01 00:00:00
p_z7xekuufwm,Ecru Do-It-All Comfort Long Sleeve Button Up Shirt,Button Down Shirts,0,0,0,2023-06-01 00:00:00
p_kvuhf7884a,Electric Blue Short Sleeve Polo Shirt,Polos,0,0,0,2023-06-01 00:00:00
p_ysyjzgmtu6,Evergreen Heather Active Hoodie,Hoodie,0,0,0,2023-06-01 00:00:00
p_shc7xvk932,Evergreen Heather Active Long Sleeve Crew Neck T-Shirt,T-Shirts,0,0,0,2023-06-01 00:00:00
p_2d43kb3hj3,Evergreen Heather Long Sleeve Waffle Crew,Sweatshirt,0,0,0,2023-06-01 00:00:00
p_yszdpmgyju,Evergreen Sweater Scarf,Scarf,0,0,0,2023-06-01 00:00:00
p_ydptv6rbpw,Gradient Classic Polarized Sunglasses,Sunglasses,0,0,0,2023-06-01 00:00:00
p_3wdph5p4a5,Gunmetal Puffer Vest,Outerwear Vests,0,0,0,2023-06-01 00:00:00
p_2c7s8a7bmw,Heather Black Active Jogger,Sweatpants & Joggers,0,0,0,2023-06-01 00:00:00
p_dny6u2yy3n,Heather Burgundy Active Crew Neck T-Shirt,T-Shirts,0,0,0,2023-06-01 00:00:00
p_5a5sfcgqkq,Heather Burgundy Active Long Sleeve Crew Neck T-Shirt,T-Shirts,0,0,0,2023-06-01 00:00:00
p_ctw749pxad,Heather Burgundy Long Sleeve Crew Neck T-Shirt,T-Shirts,0,0,0,2023-06-01 00:00:00
p_pqwkc9p2hu,Heather Burgundy Short Sleeve Crew Neck T-Shirt,T-Shirts,0,0,0,2023-06-01 00:00:00
p_a2wcem7cms,Heather Burgundy Short Sleeve V-Neck T-Shirt,T-Shirts,0,0,0,2023-06-01 00:00:00
p_25hy766nzk,Heather Cayenne Short Sleeve Crew Neck T-Shirt,T-Shirts,0,0,0,2023-06-01 00:00:00
p_x7cgdhmyp3,Heather Navy Short Sleeve Polo Shirt,Polos,0,0,0,2023-06-01 00:00:00
p_2hkre8aznc,Military Green Tall Straight Hem Crew Neck T-Shirt,T-Shirts,0,0,0,2023-06-01 00:00:00
p_73kjt62een,Heather Cayenne Short Sleeve Polo Shirt,Polos,0,0,0,2023-06-01 00:00:00
p_dpgtwv5dut,Heather Cayenne Short Sleeve Tall Polo,Polos,0,0,0,2023-06-01 00:00:00
p_rpenkmstmg,Heather Centurion Active Crew Neck T-Shirt,T-Shirts,0,0,0,2023-06-01 00:00:00
p_kzqm93unyy,Heather Cocoa Active Crew Neck T-Shirt,T-Shirts,0,0,0,2023-06-01 00:00:00
p_rua2yj3jmt,Heather Dark Oak Crew Short Sleeve Neck T-Shirt,T-Shirts,0,0,0,2023-06-01 00:00:00
p_cve5gy56m8,Heather Dark Oak Short Sleeve V-Neck T-Shirt,T-Shirts,0,0,0,2023-06-01 00:00:00
p_cvrhss99ts,Heather Dark Orchid Short Sleeve V-Neck T-Shirt,Shirt,0,0,0,2023-06-01 00:00:00
p_y3r2ug2mpu,Heather Forest Active Crew Neck T-Shirt,T-Shirts,0,0,0,2023-06-01 00:00:00
p_h75hjs7973,Heather Forest Short Sleeve Active Polo Shirt,Polos,0,0,0,2023-06-01 00:00:00
p_x5pshyk4q9,Heather Graphite Short Sleeve Polo Shirt,Polos,0,0,0,2023-06-01 00:00:00
p_g4xkdswn5e,Heather Gray Active Comfort Short,Shorts,0,0,0,2023-06-01 00:00:00
p_9p8bns7rmp,Heather Gray Active Crew Socks 3-Pack,Socks,0,0,0,2023-06-01 00:00:00
p_bjecaeres5,Heather Gray Active Never Show Socks 3-Pack,Socks,0,0,0,2023-06-01 00:00:00
p_nw97q8x9x2,Heather Gray Ankle Socks 3-Pack,Socks,0,0,0,2023-06-01 00:00:00
p_n3jnq4u8q7,Heather Gray Crew Neck Sweater,Knit Sweaters,0,0,0,2023-06-01 00:00:00
p_gbh9ypmsjv,Heather Gray Do-It-All Comfort Long Sleeve Button Up Shirt,Button Down Shirts,0,0,0,2023-06-01 00:00:00
p_bz2jmxhgzb,Heather Gray Fleece French Terry Joggers,Sweatpants & Joggers,0,0,0,2023-06-01 00:00:00
p_dvj7aj4rxq,Heather Gray Fleece French Terry Pullover Crew Neck Sweatshirt,Sweatshirt,0,0,0,2023-06-01 00:00:00
p_ttdapkruav,Heather Gray Fleece French Terry Pullover Hoodie,Hoodie,0,0,0,2023-06-01 00:00:00
p_e3w27784ez,Heather Gray Long Sleeve Lightweight Flannel Shirt,Button Down Shirts,0,0,0,2023-06-01 00:00:00
p_7cvqeq727k,Heather Gray Long Sleeve Polo Shirt,Polos,0,0,0,2023-06-01 00:00:00
p_36tjt6cs8z,Heather Gray Pique Crew Sweater,Knit Sweaters,0,0,0,2023-06-01 00:00:00
p_mbdbf8ya5d,Heather Gray Sweater Long Sleeve Button Up Shirt,Button Down Shirts,0,0,0,2023-06-01 00:00:00
p_gzymf76rmw,Heather Navy Loungewear Jogger,Sweatpants & Joggers,0,0,0,2023-06-01 00:00:00
p_8nxyvmkrbc,Heather Navy Loungewear Pant,Pants,0,0,0,2023-06-01 00:00:00
p_yb98yp2sqv,Indigo Rinse Slim Authentic Stretch Jeans,Jeans,0,0,0,2023-06-01 00:00:00
p_juu2rq3qu8,Indigo Rinse Straight Authentic Stretch Jeans,Jeans,0,0,0,2023-06-01 00:00:00
p_jwjqtb338j,Khaki Comfort Chino Pants,Pants,0,0,0,2023-06-01 00:00:00
p_t83m3bqcj4,Khaki Commuter Pant,Pants,0,0,0,2023-06-01 00:00:00
p_spf5g5jf32,Khaki Slim Twill Chino,Pants,0,0,0,2023-06-01 00:00:00
p_jx3q5n329x,Khaki Straight Twill Chino,Pants,0,0,0,2023-06-01 00:00:00
p_rhugz6jch8,Light Indigo Wash Slim Authentic Stretch Jeans,Jeans,0,0,0,2023-06-01 00:00:00
p_katetzgtwe,Light Indigo Wash Straight Authentic Stretch Jeans,Jeans,0,0,0,2023-06-01 00:00:00
p_s57sjtnm4q,Meadow Straight Twill Chino,Pants,0,0,0,2023-06-01 00:00:00
p_d3c8r9bpvv,Medium Indigo Wash Slim Authentic Stretch Jeans,Jeans,0,0,0,2023-06-01 00:00:00
p_xgzt58skmg,Medium Indigo Wash Straight Authentic Stretch Jeans,Jeans,0,0,0,2023-06-01 00:00:00
p_egd9fym6xg,Navy Commuter Pant,Pants,0,0,0,2023-06-01 00:00:00
p_ymb5bq3vdv,Navy Fleece Shacket,Shirt Jackets,0,0,0,2023-06-01 00:00:00
p_accagka8uw,Reversible Dress Belt,Belt,0,0,0,2023-06-01 00:00:00
p_pjpnhtycns,Sandstone Commuter Pant,Pants,0,0,0,2023-06-01 00:00:00
p_dks9q92uqc,Heather Gray Tall Round Hem Crew Neck T-Shirt,T-Shirts,0,0,0,2023-06-01 00:00:00
p_udqn8s72v2,Navy Tall Round Hem Crew Neck T-Shirt,T-Shirts,0,0,0,2023-06-01 00:00:00
p_8y5vsf82td,Heather Emerald Short Sleeve Crew Neck T-Shirt,T-Shirts,0,0,0,2023-06-01 00:00:00
p_xqh3f9cwus,Heather Emerald Short Sleeve V-Neck T-Shirt,T-Shirts,0,0,0,2023-06-01 00:00:00
p_vst6extntp,Heather Gray Active Jogger,Sweatpants & Joggers,0,0,0,2023-06-01 00:00:00
p_75cz36rfz9,Heather Gray Sweater Hoodie,Hoodie,0,0,0,2023-06-01 00:00:00
p_6cj8gtxf2x,Heather Gray Tall Long Sleeve T-Shirt,Shirt,0,0,0,2023-06-01 00:00:00
p_34upddt2cp,Heather Gray Tall Straight Hem Crew Neck T-Shirt,T-Shirts,0,0,0,2023-06-01 00:00:00
p_behk4g2psv,Heather Gray Short Sleeve V-Neck T-Shirt,T-Shirts,0,0,0,2023-06-01 00:00:00
p_kgcgy98rwb,Heather Gray Waffle Hoodie,Hoodie,0,0,0,2023-06-01 00:00:00
p_6suxvjsvfc,Heather Indigo Tall Round Hem Crew Neck T-Shirt,T-Shirts,0,0,0,2023-06-01 00:00:00
p_jpmpa7s5yw,Heather Indigo Short Sleeve V-Neck T-Shirt,T-Shirts,0,0,0,2023-06-01 00:00:00
p_4pdddcg9t6,Heather Military Green Long Sleeve Crew T-Shirt,T-Shirts,0,0,0,2023-06-01 00:00:00
p_284qkebjr8,Heather Military Green Short Sleeve Polo Shirt,Polos,0,0,0,2023-06-01 00:00:00
p_tbp6wvu828,Heather Military Green Short Sleeve V-Neck T-Shirt,T-Shirts,0,0,0,2023-06-01 00:00:00
p_x8z28nbvwg,Heather Mist Short Sleeve Crew Neck T-Shirt,T-Shirts,0,0,0,2023-06-01 00:00:00
p_rejmm7td92,Heather Mist Short Sleeve V-Neck T-Shirt,T-Shirts,0,0,0,2023-06-01 00:00:00
p_6wj7x98tcn,Heather Navy Active Comfort Crew Sweatshirt,Sweatshirt,0,0,0,2023-06-01 00:00:00
p_mtqhyqahab,Heather Navy Active Comfort Pullover Hoodie,Hoodie,0,0,0,2023-06-01 00:00:00
p_bxnehsqcdv,Heather Navy Short Sleeve Active Polo Shirt,Polos,0,0,0,2023-06-01 00:00:00
p_7bmuq9q6qw,Heather Navy Long Sleeve Ripstop Commuter Shirt,Shirt,0,0,0,2023-06-01 00:00:00
p_g6dg3x3nta,Heather Navy Pique Crew Sweater,Knit Sweaters,0,0,0,2023-06-01 00:00:00
p_5gc6jyy4vw,Heather Navy Tall Round Hem Crew Neck T-Shirt,T-Shirts,0,0,0,2023-06-01 00:00:00
p_u4zzshtv4s,Heather Navy Short Sleeve V-Neck T-Shirt,Shirt,0,0,0,2023-06-01 00:00:00
p_7tce4kfut5,Heather Oatmeal Crew Neck Sweater,Knit Sweaters,0,0,0,2023-06-01 00:00:00
p_eyc8fnh7za,Heather Purple Short Sleeve Crew Neck T-Shirt,T-Shirts,0,0,0,2023-06-01 00:00:00
p_fzwwcz6x6s,Heather Sage Short Sleeve Crew Neck T-Shirt,T-Shirts,0,0,0,2023-06-01 00:00:00
p_xvg4py479t,Heather Sage V-Neck Short Sleeve T-Shirt,T-Shirts,0,0,0,2023-06-01 00:00:00
p_up97jdnnsw,Heather Sapphire Short Sleeve Crew Neck T-Shirt,T-Shirts,0,0,0,2023-06-01 00:00:00
p_84xru5kzx9,Heather Dusty Pink Short Sleeve Crew Neck T-Shirt,T-Shirts,0,0,0,2023-06-01 00:00:00
p_xrvchd55bc,Heather Military Green Short Sleeve Tall Crew,Screen Printed T-Shirts,0,0,0,2023-06-01 00:00:00
p_xqcme6qpqk,Heather Navy Active Comfort Full Zip Hoodie,Hoodie,0,0,0,2023-06-01 00:00:00
p_5f676x59tf,Long Sleeve Tee | Loungewear | Heather Navy,T-Shirts,0,0,0,2023-06-01 00:00:00
p_ztgcvk5gkn,Short Sleeve Tee | Loungewear | Heather Navy,T-Shirts,0,0,0,2023-06-01 00:00:00
p_spgwfvgehe,Heather Navy Sweater Long Sleeve Button Up Shirt,Button Down Shirts,0,0,0,2023-06-01 00:00:00
p_6mr5zpx479,Indigo Wash Straight Fit Comfort Jeans,Jeans,0,0,0,2023-06-01 00:00:00
p_5bvpjy99x9,Ivory Active Jacket,Jacket,0,0,0,2023-06-01 00:00:00
p_23ej4qec4x,Khaki Coaches Jacket,Jacket,0,0,0,2023-06-01 00:00:00
p_ukpa96wyhm,Light Gray Stretch Oxford Long Sleeve Button Up Shirt,Button Down Shirts,0,0,0,2023-06-01 00:00:00
p_mzcrkdhuvj,Light Heather Gray Tall Round Hem Crew Neck T-Shirt,T-Shirts,0,0,0,2023-06-01 00:00:00
p_f7jft6kfqg,Light Indigo Wash Long Sleeve Chambray Shirt,Shirt,0,0,0,2023-06-01 00:00:00
p_ae6rxxhgmc,Medium Indigo Wash Long Sleeve Chambray Shirt,Shirt,0,0,0,2023-06-01 00:00:00
p_4axmubbqfb,Medium Indigo Wash Slim Fit Comfort Jeans,Jeans,0,0,0,2023-06-01 00:00:00
p_6b6wk8uxa6,Military Green Comfort Chino Pants,Pants,0,0,0,2023-06-01 00:00:00
p_ewa8pkqm8u,Military Green Fleece French Terry Jogger,Sweatpants & Joggers,0,0,0,2023-06-01 00:00:00
p_9fu3j9tbue,Military Green Tall Round Hem Crew Neck T-Shirt,T-Shirts,0,0,0,2023-06-01 00:00:00
p_26dpvscejy,Navy Comfort Chino Pants,Pants,0,0,0,2023-06-01 00:00:00
p_gqs2hwpkjy,Navy Commuter Long Sleeve Button Up Shirt,Shirt,0,0,0,2023-06-01 00:00:00
p_e58dmnpc9e,Navy Fleece French Terry Jogger,Sweatpants & Joggers,0,0,0,2023-06-01 00:00:00
p_r3gbt3j2kw,Navy Long Sleeve Button Up Shirt,Shirt,0,0,0,2023-06-01 00:00:00
p_byy2kmxasx,Navy Long Sleeve Lightweight Flannel Shirt,Shirt,0,0,0,2023-06-01 00:00:00
p_dr2dsqwwjd,Navy Performance Lightweight Dress Shirt,Button Down Shirts,0,0,0,2023-06-01 00:00:00
p_2d9wqf9yrd,Navy Puffer Vest,Outerwear Vests,0,0,0,2023-06-01 00:00:00
p_m753ak35t9,Navy Stretch Oxford Long Sleeve Button Up Shirt,Shirt,0,0,0,2023-06-01 00:00:00
p_wzprzguypw,Sandstone Comfort Chino Pants,Pants,0,0,0,2023-06-01 00:00:00
p_fyejvaduhb,Stone Blue Active Jogger,Sweatpants & Joggers,0,0,0,2023-06-01 00:00:00
p_gv8hh5kma3,Stone Stretch Oxford Long Sleeve Button Up Shirt,Button Down Shirts,0,0,0,2023-06-01 00:00:00
p_9absn9mpzt,Suede Brown Comfort Chino Pant,Pants,0,0,0,2023-06-01 00:00:00
p_f3zjdpjr6y,White Active Ankle Socks 3-Pack,Socks,0,0,0,2023-06-01 00:00:00
p_vdzeqmc9rs,White Active Crew Socks 3-Pack,Socks,0,0,0,2023-06-01 00:00:00
p_u9kx69bqms,White Active Never Show Socks 3-Pack,Socks,0,0,0,2023-06-01 00:00:00
p_jybua995rp,White Long Sleeve Button Up Shirt,Button Down Shirts,0,0,0,2023-06-01 00:00:00
p_yabrk8yt6y,White Commuter Long Sleeve Button Up Shirt,Button Down Shirts,0,0,0,2023-06-01 00:00:00
p_jc3jqkdafw,White Commuter Short Sleeve Button Up,Button Down Shirts,0,0,0,2023-06-01 00:00:00
p_hvfwhakq9c,White Performance Lightweight Dress Shirt,Button Down Shirts,0,0,0,2023-06-01 00:00:00
p_btfq53bzn6,White Short Sleeve Active Polo Shirt,Polos,0,0,0,2023-06-01 00:00:00
p_p42j2ebh8r,White Short Sleeve Button Up Shirt,Shirt,0,0,0,2023-06-01 00:00:00
p_xug2xuwpqn,White Stretch Oxford Long Sleeve Button Up Shirt,Shirt,0,0,0,2023-06-01 00:00:00
p_2xrckgaktx,White Tall Round Hem Crew Neck T-Shirt,T-Shirts,0,0,0,2023-06-01 00:00:00
p_p29249kscd,White Waffle Hoodie,Hoodie,0,0,0,2023-06-01 00:00:00
p_395td7np9f,Heather Military Green Short Sleeve Tall Polo Shirt,Polos,0,0,0,2023-06-01 00:00:00
p_tmjb73g498,Heather Navy Short Sleeve Tall Polo Shirt,Polos,0,0,0,2023-06-01 00:00:00
p_p7dtyf9kd8,Heather Pale Blue Short Sleeve V-Neck T-Shirt,T-Shirts,0,0,0,2023-06-01 00:00:00
p_3fgxkpaxye,Heather Seafarer Short Sleeve Polo Shirt,Polos,0,0,0,2023-06-01 00:00:00
p_jre675wesy,Heather Seafarer Short Sleeve Tall Polo Shirt,Polos,0,0,0,2023-06-01 00:00:00
p_mqgpa9st88,Heather Sapphire Short Sleeve V-Neck T-Shirt,T-Shirts,0,0,0,2023-06-01 00:00:00
p_vaexg8brvb,Heather Navy Short Sleeve Tall Crew,T-Shirts,0,0,0,2023-06-01 00:00:00
p_dqknx7njuf,Heather Slate Green Short Sleeve Polo Shirt,Polos,0,0,0,2023-06-01 00:00:00
p_zscv6ea69y,Heather Voyager Short Sleeve Crew Neck T-Shirt,T-Shirts,0,0,0,2023-06-01 00:00:00
p_jzwpw7njj6,Heather Voyager Short Sleeve Polo Shirt,Polos,0,0,0,2023-06-01 00:00:00
p_6e9uas44v6,Heather Voyager Short Sleeve V-Neck T-Shirt,T-Shirts,0,0,0,2023-06-01 00:00:00
p_28xdw49sqx,Indigo Short Sleeve Crew Neck T-Shirt,T-Shirts,0,0,0,2023-06-01 00:00:00
p_79pyfxzssb,Indigo Short Sleeve V-Neck T-Shirt,T-Shirts,0,0,0,2023-06-01 00:00:00
p_cje82wcjgv,Iron Gray Active Crew Neck T-Shirt,T-Shirts,0,0,0,2023-06-01 00:00:00
p_42exp9424a,Light Heather Gray Active Crew Neck T-Shirt,T-Shirts,0,0,0,2023-06-01 00:00:00
p_8v2uvftad7,Light Heather Gray Short Sleeve Crew Neck T-Shirt,T-Shirts,0,0,0,2023-06-01 00:00:00
p_39k28x38p7,Light Heather Gray Short Sleeve Polo Shirt,Polos,0,0,0,2023-06-01 00:00:00
p_cgxstjpjhj,Light Khaki Short Sleeve Crew Neck T-Shirt,T-Shirts,0,0,0,2023-06-01 00:00:00
p_4rudftw6u6,Lilac Gray Short Sleeve V-Neck T-Shirt,T-Shirts,0,0,0,2023-06-01 00:00:00
p_zymrwj8fj9,Mahogany Short Sleeve Crew Neck T-Shirt,T-Shirts,0,0,0,2023-06-01 00:00:00
p_6b99p4bqsk,Mahogany Short Sleeve Polo Shirt,Polos,0,0,0,2023-06-01 00:00:00
p_tgudk6vxpb,Military Beige Short Sleeve V-Neck T-Shirt,T-Shirts,0,0,0,2023-06-01 00:00:00
p_cbxu2v3ntm,Military Green Short Sleeve Active Crew Neck T-Shirt,T-Shirts,0,0,0,2023-06-01 00:00:00
p_j9ak85wp57,Military Green Active Quick Dry Short with Liner,Shorts,0,0,0,2023-06-01 00:00:00
p_tfc9aqbuz4,Military Green Short Sleeve Crew Neck T-Shirt,T-Shirts,0,0,0,2023-06-01 00:00:00
p_ch6qn6a8en,Military Green Short Sleeve V-Neck T-Shirt,T-Shirts,0,0,0,2023-06-01 00:00:00
p_t4px9w63de,Navy Short Sleeve Crew Neck T-Shirt,T-Shirts,0,0,0,2023-06-01 00:00:00
p_cty4s4ehz9,Orange Short Sleeve V-Neck T-Shirt,T-Shirts,0,0,0,2023-06-01 00:00:00
p_wc3k5eupk3,Oxford Blue Short Sleeve V-Neck T-Shirt,T-Shirts,0,0,0,2023-06-01 00:00:00
p_zc2fube8nb,Periwinkle Blue Short Sleeve Polo Shirt,Polos,0,0,0,2023-06-01 00:00:00
p_hed6qt6arh,Raspberry Short Sleeve Polo Shirt,Polos,0,0,0,2023-06-01 00:00:00
p_uwx92gahmk,Mahogany Long Sleeve Henley,T-Shirts,0,0,0,2023-06-01 00:00:00
p_mdphbu2y54,Indigo Long Sleeve T-Shirt,T-Shirts,0,0,0,2023-06-01 00:00:00
p_vhh2e6dge7,Mellow Yellow Short Sleeve Crew Neck T-Shirt,T-Shirts,0,0,0,2023-06-01 00:00:00
p_w24fe8f3xz,Mellow Yellow Short Sleeve V-Neck T-Shirt,T-Shirts,0,0,0,2023-06-01 00:00:00
p_77barf9kfn,Mahogany Long Sleeve Waffle Crew,Sweatshirt,0,0,0,2023-06-01 00:00:00
p_624s29xq4x,Sweater Scarf | Black,Scarf,0,0,0,2023-06-01 00:00:00
p_c4xj5zhjn2,Heather Navy Sweater Button Up Shirt,Button Down Shirts,0,0,0,2023-06-01 00:00:00
p_qek9etj5vj,Heather Voyager Short Sleeve Crew Neck T-Shirt,Shirt,0,0,0,2023-06-01 00:00:00
p_u9qz9yabud,Indigo Wash Slim Fit Comfort Jeans,Jeans,0,0,0,2023-06-01 00:00:00
p_h5b94d3deu,Centurion Short Sleeve Sweater Polo,Polos,0,0,0,2023-06-01 00:00:00
p_erspmns4ce,Heather Seafarer Short Sleeve V-Neck Neck T-Shirt,Shirt,0,0,0,2023-06-01 00:00:00
p_q4h28hmd8q,Never Show Socks | Active | 3-Pack | Black,Socks,0,0,0,2023-06-01 00:00:00
p_aj2ry7xdv9,"Chino Shorts | Comfort | 7"" | Rosewood",Shorts,0,0,0,2023-06-01 00:00:00
p_9y7cp9jumm,"Shorts | Classic Twill | 9"" | Sandstone",Shorts,0,0,0,2023-06-01 00:00:00
p_3pskc4cwbp,"Shorts | Classic Twill | 9"" Khaki",Shorts,0,0,0,2023-06-01 00:00:00
p_6bn53rdnz2,"Shorts | Classic Twill | 9"" | Navy",Shorts,0,0,0,2023-06-01 00:00:00
p_h4877neu4n,Sandstone Commuter Short,Shorts,0,0,0,2023-06-01 00:00:00
p_xsbj94sm6q,Heather Gray Fleece French Terry Short,Shorts,0,0,0,2023-06-01 00:00:00
p_jqam2z9s7w,"Chino Shorts | Comfort | 9"" | Ivory",Shorts,0,0,0,2023-06-01 00:00:00
p_kvcynwabcy,"Chino Shorts | Comfort | 9"" | Sandstone",Shorts,0,0,0,2023-06-01 00:00:00
p_7y7ms9wtr4,Shorts | Active Comfort | Black,Shorts,0,0,0,2023-06-01 00:00:00
p_r5du83g9df,Shorts | Active | Quick Dry with Liner | Black,Swim Shorts,0,0,0,2023-06-01 00:00:00
p_7pvp4dcq5n,Carbon Active Quick Dry Short with Liner,Swim Shorts,0,0,0,2023-06-01 00:00:00
p_gmhetj6qvj,Long Sleeve Button Up Shirt | Stretch Oxford | Banker Blue,Button Down Shirts,0,0,0,2023-06-01 00:00:00
p_8q3s9r6qwu,Hoodie | Active Comfort | Full Zip | Black,Hoodie,0,0,0,2023-06-01 00:00:00
p_fc9era585c,Jacket | Active | Black,Athletic Jackets,0,0,0,2023-06-01 00:00:00
p_m26ckp2n6s,Black Tall Round Hem Crew Neck T-Shirt,T-Shirts,0,0,0,2023-06-01 00:00:00
p_cfg5xu3gvw,Dark Olive Short Sleeve Crew Neck T-Shirt,T-Shirts,0,0,0,2023-06-01 00:00:00
p_yhput7au44,Dark Olive Long Sleeve Henley,T-Shirts,0,0,0,2023-06-01 00:00:00
p_ez9ax3esv6,Emerald Long Sleeve Crew Neck T-Shirt,T-Shirts,0,0,0,2023-06-01 00:00:00
p_8vx6ygsmsd,Heather Gray Hooded Long Sleeve T-Shirt,Hoodie,0,0,0,2023-06-01 00:00:00
p_23ubcbvz89,Heather Gray Never Show Socks 3-Pack,Socks,0,0,0,2023-06-01 00:00:00
p_pz6x448p9t,Heather Gray Short Sleeve Sweater Polo Shirt,Knit Tops,0,0,0,2023-06-01 00:00:00
p_jg78h55jmw,Heather Gray Sweater Beanie,Beanie,0,0,0,2023-06-01 00:00:00
p_w7ysprckp8,Heather Navy Active Comfort Straight Leg Pant,Sweatpants & Joggers,0,0,0,2023-06-01 00:00:00
p_8nnyqj3ewe,Heather Emerald Tall Round Hem Crew Neck T-Shirt,T-Shirts,0,0,0,2023-06-01 00:00:00
p_ttezb89gxf,Heather Mauve Short Sleeve Crew Neck T-Shirt,T-Shirts,0,0,0,2023-06-01 00:00:00
p_qtjb9pcnn3,Heather Navy Active Shell Jacket,Jacket,0,0,0,2023-06-01 00:00:00
p_f92h3kv2cv,Heather Pale Blue Short Sleeve Crew Neck T-Shirt,T-Shirts,0,0,0,2023-06-01 00:00:00
p_vjgaj8nyrd,Heather Gray Sweater Scarf,Scarf,0,0,0,2023-06-01 00:00:00
p_dy7mjs4bpm,Sleeveless Muscle Tee | Active | Light Heather Gray,Tank Top,0,0,0,2023-06-01 00:00:00
p_6sdgsje2m3,Mahogany Fleece French Terry Jogger,Sweatpants & Joggers,0,0,0,2023-06-01 00:00:00
p_xfct3t2vkk,Mahogany Waffle Hoodie,Hoodie,0,0,0,2023-06-01 00:00:00
p_wtnvenruq9,Medium indigo Wash Straight Fit Comfort Jeans,Jeans,0,0,0,2023-06-01 00:00:00
p_v8pfb5wryd,Military Green Waffle Hoodie,Hoodie,0,0,0,2023-06-01 00:00:00
p_x525p5gyt4,Moss Short Sleeve Sweater Polo Shirt,T-Shirts,0,0,0,2023-06-01 00:00:00
p_t58yx24wsb,Navy Hooded Long Sleeve T-Shirt,Sweatshirt,0,0,0,2023-06-01 00:00:00
p_msfd479sz8,Navy Short Sleeve Button Up Shirt,Shirt,0,0,0,2023-06-01 00:00:00
p_mau5qbhasg,Navy Short Sleeve Sweater Polo Shirt,Knit Sweaters,0,0,0,2023-06-01 00:00:00
p_kccxqadagn,Navy Waffle Hoodie,Hoodie,0,0,0,2023-06-01 00:00:00
p_dbg2vhd8gn,Navy Waffle Long Sleeve Crew Neck,Sweatshirt,0,0,0,2023-06-01 00:00:00
p_7kzk6kwsxk,Oatmeal Sweater Hoodie,Hoodie,0,0,0,2023-06-01 00:00:00
p_xhubfpt2bh,Olive Long Sleeve Ripstop Commuter Shirt,Shirt,0,0,0,2023-06-01 00:00:00
p_29wrd4wkfa,Pale Blue Button Up Shirt,Button Down Shirts,0,0,0,2023-06-01 00:00:00
p_u2rhgedcvp,White Long Sleeve Polo Shirt,Polos,0,0,0,2023-06-01 00:00:00
p_5e7t6v6gv8,Heather Sapphire Short Sleeve V-Neck T-Shirt,T-Shirts,0,0,0,2023-06-01 00:00:00
p_wctjf5cy38,Heather Seafarer Short Sleeve Crew Neck T-Shirt,T-Shirts,0,0,0,2023-06-01 00:00:00
p_dxzcer2fk8,Heather Slate Green Short Sleeve Crew Neck T-Shirt,T-Shirts,0,0,0,2023-06-01 00:00:00
p_dbcpnaxxzz,Navy Boxer Briefs 3-Pack,Underwear,0,0,0,2023-06-01 00:00:00
p_4juc2hdg85,Navy Tall Straight Hem Crew Neck T-Shirt,T-Shirts,0,0,0,2023-06-01 00:00:00
p_drc7rrjfsv,Mahogany Long Sleeve T-Shirt,Shirt,0,0,0,2023-06-01 00:00:00
p_rpcku7uhxu,Mahogany Short Sleeve V-Neck T-Shirt,T-Shirts,0,0,0,2023-06-01 00:00:00
p_jj6vbqjbcj,Navy Boxer Trunks 3-Pack,Underwear,0,0,0,2023-06-01 00:00:00
p_zm5cpgbxrk,Sapphire Short Sleeve Crew Neck T-Shirt,T-Shirts,0,0,0,2023-06-01 00:00:00
p_npv4nzv5x2,Sapphire Short Sleeve Polo Shirt,Polos,0,0,0,2023-06-01 00:00:00
p_ps2ys9u9da,Short Sleeve T-Shirt | Crew Neck | Steel,T-Shirts,0,0,0,2023-06-01 00:00:00
p_wue6hk6hmr,Short Sleeve T-Shirt | V-Neck | Steel,T-Shirts,0,0,0,2023-06-01 00:00:00
p_avsdr3kjaw,Military Green Boxer Briefs 3-Pack,Underwear,0,0,0,2023-06-01 00:00:00
p_9xxg4dd5wv,Navy Tall Long Sleeve T-Shirt,Shirt,0,0,0,2023-06-01 00:00:00
p_4qvba3a9f7,Off White Short Sleeve Crew Neck T-Shirt,T-Shirts,0,0,0,2023-06-01 00:00:00
p_rh632vzkvf,Raspberry Short Sleeve Crew Neck T-Shirt,T-Shirts,0,0,0,2023-06-01 00:00:00
p_jgnjyyepyv,White Short Sleeve Crew Neck T-Shirt,T-Shirts,0,0,0,2023-06-01 00:00:00
p_2nzpxxx9qd,White Tall Long Sleeve T-Shirt,T-Shirts,0,0,0,2023-06-01 00:00:00
p_fsr8s5rfne,Navy Tall Active Crew Neck,T-Shirts,0,0,0,2023-06-01 00:00:00
p_xzhwz3h8uh,Heather Light Khaki Crew Neck,Sweatshirt,0,0,0,2023-06-01 00:00:00
p_g2f7b4qvq8,Kelly Green Short Sleeve Crew Neck T-Shirt,T-Shirts,0,0,0,2023-06-01 00:00:00
p_jdmt24d7hn,Pale Blue Short Sleeve Crew Neck T-Shirt,T-Shirts,0,0,0,2023-06-01 00:00:00
p_xx645fy2er,Pink Opal Short Sleeve Crew Neck T-Shirt,T-Shirts,0,0,0,2023-06-01 00:00:00
p_m9zcd62yqy,Sandstone Short Sleeve Crew Neck T-Shirt,T-Shirts,0,0,0,2023-06-01 00:00:00
p_4m97kku3wq,Tan 499 Short Sleeve Crew Neck T-Shirt,T-Shirts,0,0,0,2023-06-01 00:00:00
p_6q2v79acx5,Light Blue Short Sleeve V-Neck T-Shirt,T-Shirts,0,0,0,2023-06-01 00:00:00
p_ce7amvu2k2,Light Heather Short Sleeve Gray V-Neck T-Shirt,T-Shirts,0,0,0,2023-06-01 00:00:00
p_ar4zzgjk5p,Periwinkle Blue Short Sleeve Crew Neck T-Shirt,T-Shirts,0,0,0,2023-06-01 00:00:00
p_e34ttzx6kf,True Red Short Sleeve Crew Neck T-Shirt,T-Shirts,0,0,0,2023-06-01 00:00:00
p_qsrzg2ce35,Turquoise Short Sleeve Crew Neck T-Shirt,T-Shirts,0,0,0,2023-06-01 00:00:00
p_bg7f7edphc,Stone Blue Active Comfort Short,Shorts,0,0,0,2023-06-01 00:00:00
p_ka34xhhhr8,Indigo Boxer Briefs 3-Pack,Underwear,0,0,0,2023-06-01 00:00:00
p_axzk47pvme,Teal Boxer Briefs 3-Pack,Underwear,0,0,0,2023-06-01 00:00:00
p_cnrb9yncvy,White Half Crew Sock 3-Pack,Socks,0,0,0,2023-06-01 00:00:00
p_pkqtyg3hqm,White Never Show Socks 3-Pack,Socks,0,0,0,2023-06-01 00:00:00
p_8q6fwp8wgq,Yellow Short Sleeve Polo Shirt,Polos,0,0,0,2023-06-01 00:00:00
p_8497zwuxp3,Mahogany Fleece French Terry Pullover Crew Sweatshirt,Sweatshirt,0,0,0,2023-06-01 00:00:00
p_dcqnnrpypu,Long Sleeve Tee And Jogger Set | Loungewear | Charcoal Heather Gray,Sweatshirt,0,0,0,2023-06-01 00:00:00
p_cc9s42vn4x,Short Sleeve Tee And Pant Set | Loungewear | Charcoal Heather Gray,Sweatpants & Joggers,0,0,0,2023-06-01 00:00:00
p_zwuqmdbfnt,Charcoal Heather Gray Short Sleeve Tall Active Crew Neck,T-Shirts,0,0,0,2023-06-01 00:00:00
p_un65wg283k,Long Sleeve Tee And Jogger Set | Loungewear | Heather Navy,Sweatshirt,0,0,0,2023-06-01 00:00:00
p_pqxd5rn6d9,Short Sleeve Tee And Pant Set | Loungewear | Heather Navy,Lounge Sweatpants & Joggers,0,0,0,2023-06-01 00:00:00
p_pznn6yemfk,Heather Navy Quarter Zip Performance Shirt,Athletic Tops,0,0,0,2023-06-01 00:00:00
p_f8nexh4476,Heather Navy Short Sleeve Tall Active Crew Neck,T-Shirts,0,0,0,2023-06-01 00:00:00
p_v4vw7cyjx6,White Short Sleeve Tall Active Crew Neck,T-Shirts,0,0,0,2023-06-01 00:00:00
p_fbcq86jv23,Heather Dusty Pink Short Sleeve V-Neck T-Shirt,T-Shirts,0,0,0,2023-06-01 00:00:00
p_d47n8u8fab,Black Long Sleeve Henley,Shirt,0,0,0,2023-06-01 00:00:00
p_7ekanr458k,Heather Burgundy Active Crew Neck T-Shirt,Shirt,0,0,0,2023-06-01 00:00:00
p_adhb2jnwk7,Military Green Tall Straight Hem Crew Neck T-Shirt,T-Shirts,0,0,0,2023-06-01 00:00:00
p_4xegh3d2dq,White Short Sleeve Active Polo Shirt,Polos,0,0,0,2023-06-01 00:00:00
p_jgj485u9gx,Heather Gray Hooded Long Sleeve T-Shirt,Hoodie,0,0,0,2023-06-01 00:00:00
p_5uvd4uv28m,Mahogany Waffle Hoodie,Hoodie,0,0,0,2023-06-01 00:00:00
p_qh5ucmcku5,Military Green Waffle Hoodie,Hoodie,0,0,0,2023-06-01 00:00:00
p_wrcbv4f2uu,Navy Hooded Long Sleeve T-Shirt,Sweatshirt,0,0,0,2023-06-01 00:00:00
p_3rcm54jqbs,Navy Waffle Hoodie,Hoodie,0,0,0,2023-06-01 00:00:00
p_vjd833ph3z,White Waffle Hoodie,Hoodie,0,0,0,2023-06-01 00:00:00
p_5uapency29,Navy Waffle Long Sleeve Crew Neck,Sweatshirt,0,0,0,2023-06-01 00:00:00
p_4ssfur9upr,Pale Blue Button Up Shirt,Button Down Shirts,0,0,0,2023-06-01 00:00:00
p_u9t2zm725p,Short Sleeve Active Polo Shirt | Black,Polos,0,0,0,2023-06-01 00:00:00
p_mnk33hmpwg,White Short Sleeve Active Polo,Polos,0,0,0,2023-06-01 00:00:00
p_ch7bwuavhv,Heather Gray Sweater Scarf,Scarf,0,0,0,2023-06-01 00:00:00
p_5crt48k7v7,Navy Short Sleeve Button Up Shirt,Shirt,0,0,0,2023-06-01 00:00:00
p_r6t642amsw,White Short Sleeve Button Up Shirt,Shirt,0,0,0,2023-06-01 00:00:00
p_pzx9wvv4qb,Heather Mauve Short Sleeve Crew Neck T-Shirt,T-Shirts,0,0,0,2023-06-01 00:00:00
p_tvdv27amhe,Heather Navy Active Comfort Straight Leg Pant,Sweatpants & Joggers,0,0,0,2023-06-01 00:00:00
p_2rhbv3znrg,Heather Navy Active Shell Jacket,Jacket,0,0,0,2023-06-01 00:00:00
p_ne28r8hbv2,Heather Seafarer Short Sleeve Crew Neck T-Shirt,T-Shirts,0,0,0,2023-06-01 00:00:00
p_yxq99tj7cv,Heather Slate Green Short Sleeve Crew Neck T-Shirt,Shirt,0,0,0,2023-06-01 00:00:00
p_2mwcc7hpkx,Light Heather Gray Sleeveless Active Muscle Tee,Tank Top,0,0,0,2023-06-01 00:00:00
p_cyyubbh7u4,Mahogany Fleece French Terry Jogger,Sweatpants & Joggers,0,0,0,2023-06-01 00:00:00
p_fqsqmarq3k,Mahogany Long Sleeve T-Shirt,Shirt,0,0,0,2023-06-01 00:00:00
p_r6f5ekuzmt,Mahogany V-Neck T-Shirt,Shirt,0,0,0,2023-06-01 00:00:00
p_zm7a3rkwma,Navy Tall Straight Hem Crew Neck T-Shirt,T-Shirts,0,0,0,2023-06-01 00:00:00
p_qktubda8xw,Heather Sapphire Short Sleeve V-Neck T-Shirt,T-Shirts,0,0,0,2023-06-01 00:00:00
p_bpux6v6hy3,Moss Short Sleeve Sweater Polo Shirt,T-Shirts,0,0,0,2023-06-01 00:00:00
p_x53atty9z2,Steel Short Sleeve V-Neck T-Shirt,T-Shirts,0,0,0,2023-06-01 00:00:00
p_55tcz9qg6f,Black Boxer Briefs 3-Pack,Underwear,0,0,0,2023-06-01 00:00:00
p_3t9x6drd9q,Never Show Socks | 3-Pack | Black,Socks,0,0,0,2023-06-01 00:00:00
p_9u87cuwg9k,Carbon Boxer Briefs 3-Pack,Underwear,0,0,0,2023-06-01 00:00:00
p_wuqcj8q3tb,Heather Gray Never Show Socks 3-Pack,Socks,0,0,0,2023-06-01 00:00:00
p_hj4kerceu3,Heather Gray Sweater Beanie,Beanie,0,0,0,2023-06-01 00:00:00
p_zkfhub8juv,Indigo Boxer Briefs 3-Pack,Underwear,0,0,0,2023-06-01 00:00:00
p_gky7ujn5kk,Military Green Boxer Briefs 3-Pack,Underwear,0,0,0,2023-06-01 00:00:00
p_hcstkqf7xs,Navy Boxer Briefs 3-Pack,Underwear,0,0,0,2023-06-01 00:00:00
p_vvxrx4e62u,Navy Boxer Trunks 3-Pack,Underwear,0,0,0,2023-06-01 00:00:00
p_ebtxk5mjkc,Teal Boxer Briefs 3-Pack,Underwear,0,0,0,2023-06-01 00:00:00
p_n52bwwvypc,White Active Crew Socks 3-Pack,Socks,0,0,0,2023-06-01 00:00:00
p_ngty2gftav,White Active Never Show Socks 3-Pack,Socks,0,0,0,2023-06-01 00:00:00
p_kdjpvxj7fs,White Half Crew Sock 3-Pack,Socks,0,0,0,2023-06-01 00:00:00
p_yefeaupknw,White Never Show Socks 3-Pack,Socks,0,0,0,2023-06-01 00:00:00
p_39acmqrp48,White Never Show Socks 3-Pack,Socks,0,0,0,2023-06-01 00:00:00
p_ntuxn2s2c5,Yellow Polo,Polos,0,0,0,2023-06-01 00:00:00
p_d53wqyy6nw,Oatmeal Sweater Hoodie,Hoodie,0,0,0,2023-06-01 00:00:00
p_xqd85rvpxs,Black Puffer Jacket,Puffer Jackets,0,0,0,2023-06-01 00:00:00
p_cad333s5q5,Heather Burgundy Active Long Sleeve Crew Neck,Sweatshirt,0,0,0,2023-06-01 00:00:00
p_heevyaqhce,"9"" Sandstone Classic Twill Shorts",Shorts,0,0,0,2023-06-01 00:00:00
p_yptjy3dzdz,"Shorts | Classic Twill | 7"" | Navy",Shorts,0,0,0,2023-06-01 00:00:00
p_v7wa7rn4tb,"Shorts | Classic Twill | 9"" | Khaki",Shorts,0,0,0,2023-06-01 00:00:00
p_x53vukk5e9,"Shorts | Classic Twill | 9"" | Meadow",Shorts,0,0,0,2023-06-01 00:00:00
p_yacuttmhrh,"9"" Navy Classic Twill Shorts",Shorts,0,0,0,2023-06-01 00:00:00
p_2432p8f6a5,"Shorts | Active Training | 7"" | Navy",Shorts,0,0,0,2023-06-01 00:00:00
p_64vbv6tpdm,Heather Gray Fleece French Terry Shorts,Shorts,0,0,0,2023-06-01 00:00:00
p_bmga62pefz,"9"" Sandstone Comfort Chino Shorts",Shorts,0,0,0,2023-06-01 00:00:00
p_b9pagk3ugb,Shorts | Active Comfort | Black,Shorts,0,0,0,2023-06-01 00:00:00
p_yn26dfj46r,Dark Heather Burgundy Active Comfort Short,Swim Shorts,0,0,0,2023-06-01 00:00:00
p_pe2azubxe8,Dark Heather Indigo Active Comfort Short,Shorts,0,0,0,2023-06-01 00:00:00
p_p58c6d9vvb,Dark Heather Military Green Active Comfort Short,Shorts,0,0,0,2023-06-01 00:00:00
p_6uh7rmkygu,Black Active Quick Dry Short with Liner,Swim Shorts,0,0,0,2023-06-01 00:00:00
p_wdbckwxtef,Carbon Active Quick Dry Short with Liner,Swim Shorts,0,0,0,2023-06-01 00:00:00
p_use9g4kaed,Black Active Never Show Socks 3-Pack,Socks,0,0,0,2023-06-01 00:00:00
p_85umjtnpsy,Sweater Scarf | Black,Scarf,0,0,0,2023-06-01 00:00:00
p_atrr9sdp25,Charcoal Heather Gray Short Sleeve Tall Polo Shirt,Polos,0,0,0,2023-06-01 00:00:00
p_9h2qsu97ew,Dark Heather Navy Active Comfort Short,Shorts,0,0,0,2023-06-01 00:00:00
p_znadcksnfx,Reversible Casual Belt,Belt,0,0,0,2023-06-01 00:00:00
p_rbz7y8npg6,Indigo Wash Slim Fit Comfort Jeans,Jeans,0,0,0,2023-06-01 00:00:00
p_p54vvkv29d,Light Heather Gray Quarter Zip Performance Shirt,Athletic Tops,0,0,0,2023-06-01 00:00:00
p_rujp4wvbzv,Mahogany Long Sleeve Waffle Crew,Sweatshirt,0,0,0,2023-06-01 00:00:00
p_vsyjxxtp4a,Navy Short Sleeve Active Polo Shirt,Polos,0,0,0,2023-06-01 00:00:00
p_tfhcx4fbf5,Heather Gray Never Show Socks 3-Pack,Socks,0,0,0,2023-06-01 00:00:00
p_ggkq2n25rk,Carbon Waffle Hoodie,Hoodie,0,0,0,2023-06-01 00:00:00
p_fsar8whm4b,Dark Oak Waffle Hoodie,Hoodie,0,0,0,2023-06-01 00:00:00
p_nqbh5bzsfh,Heather Gray Long Sleeve Polo,Polos,0,0,0,2023-06-01 00:00:00
p_ter2rcscz6,Heather Gray Waffle Hoodie,Hoodie,0,0,0,2023-06-01 00:00:00
p_5z9rynrdat,Dark Oak Long Sleeve Waffle Crew,Sweatshirt,0,0,0,2023-06-01 00:00:00
p_ap2c64hjnc,Dark Olive Long Sleeve Waffle Crew,Shirt,0,0,0,2023-06-01 00:00:00
p_zwzpj7gynb,Deep Sea Blue Long Sleeve Waffle Crew,T-Shirts,0,0,0,2023-06-01 00:00:00
p_ejzn2bhevc,Evergreen Heather Long Sleeve Waffle Crew,Sweatshirt,0,0,0,2023-06-01 00:00:00
p_456rdfdknv,Navy Long Sleeve Button Up Shirt,Shirt,0,0,0,2023-06-01 00:00:00
p_9ueremsrcn,Heather Navy Short Sleeve Loungewear Tee,T-Shirts,0,0,0,2023-06-01 00:00:00
p_pxj9zkmurj,Charcoal Heather Active Comfort Pullover Hoodie,Hoodie,0,0,0,2023-06-01 00:00:00
p_ab6dzqm4qc,Charcoal Heather Gray Fleece French Terry Jogger,Sweatpants & Joggers,0,0,0,2023-06-01 00:00:00
p_r7g7s9ued2,Dark Olive Fleece Shacket,Jacket,0,0,0,2023-06-01 00:00:00
p_pevetyjchy,Heather Dark Oak V-Neck T-Shirt,Screen Printed T-Shirts,0,0,0,2023-06-01 00:00:00
p_7bmm7jjbng,Heather Gray Long Sleeve Lightweight Flannel Shirt,Button Down Shirts,0,0,0,2023-06-01 00:00:00
p_jdy7juawjw,Heather Gray Pique Crew Sweater,Knit Sweaters,0,0,0,2023-06-01 00:00:00
p_hdbwf4s669,Heather Gray Tall Straight Hem Crew Neck T-Shirt,T-Shirts,0,0,0,2023-06-01 00:00:00
p_zsnvka2svc,Heather Mist Short Sleeve Crew Neck T-Shirt,T-Shirts,0,0,0,2023-06-01 00:00:00
p_h4edseg6hf,Heather Navy Active Comfort Pullover Hoodie,Hoodie,0,0,0,2023-06-01 00:00:00
p_n6kve3ddkw,Heather Navy Long Sleeve Ripstop Commuter Shirt,Shirt,0,0,0,2023-06-01 00:00:00
p_h8jucbuvcu,Heather Navy Pique Crew Sweater,Knit Sweaters,0,0,0,2023-06-01 00:00:00
p_sxcevd7ww2,Heather Oatmeal Crew Neck Sweater,Knit Sweaters,0,0,0,2023-06-01 00:00:00
p_ex8zw8z5dh,Heather Sapphire Short Sleeve Crew Neck T-Shirt,T-Shirts,0,0,0,2023-06-01 00:00:00
p_fdgw8vn8mw,Indigo Wash Straight Fit Comfort Jeans,Jeans,0,0,0,2023-06-01 00:00:00
p_gkhuhrbvc5,Light Indigo Wash Long Sleeve Chambray Shirt,Shirt,0,0,0,2023-06-01 00:00:00
p_5ez35speq8,Medium Indigo Wash Long Sleeve Chambray Shirt,Shirt,0,0,0,2023-06-01 00:00:00
p_36tbyhq9p3,Navy Fleece Shacket,Shirt Jackets,0,0,0,2023-06-01 00:00:00
p_grdphsazq4,Reversible Dress Belt,Belt,0,0,0,2023-06-01 00:00:00
p_qj9xh26ctj,Sapphire Short Sleeve Crew Neck T-Shirt,Screen Printed T-Shirts,0,0,0,2023-06-01 00:00:00
p_7nraatq97j,Steel Short Sleeve Crew Neck T-Shirt,T-Shirts,0,0,0,2023-06-01 00:00:00
p_37z5p8b2wz,Heather Dark Orchid Short Sleeve Vee Neck T-Shirt,Shirt,0,0,0,2023-06-01 00:00:00
p_rr9yu69cdx,Heather Mist Short Sleeve Vee Neck T-Shirt,T-Shirts,0,0,0,2023-06-01 00:00:00
p_7fgbszq45t,Heather Voyager Short Sleeve Vee Neck T-Shirt,T-Shirts,0,0,0,2023-06-01 00:00:00
p_aj728cj6p2,Reversible Casual Belt,Belt,0,0,0,2023-06-01 00:00:00
p_wkggwhgxue,Navy Long Sleeve Lightweight Flannel Shirt,Shirt,0,0,0,2023-06-01 00:00:00
p_8fx2h79sez,Black Slippers,Slippers,0,0,0,2023-06-01 00:00:00
p_cguvv472kt,Heather Navy Loungewear Pant,Pants,0,0,0,2023-06-01 00:00:00
p_e6aypq2yyn,Charcoal Heather Active Comfort Full Zip Hoodie,Hoodie,0,0,0,2023-06-01 00:00:00
p_zg2kz56sep,Khaki Coaches Jacket,Jacket,0,0,0,2023-06-01 00:00:00
p_v6xzqb4euh,Electric Blue Polo,Polos,0,0,0,2023-06-01 00:00:00
p_kyjxexravk,Heather Gray Active Crew Socks 3-Pack,Socks,0,0,0,2023-06-01 00:00:00
p_v4pawc4ufa,Heather Gray Ankle Socks 3-Pack,Socks,0,0,0,2023-06-01 00:00:00
p_r3b5cqykd8,Heather Gray Never Show Socks 3-Pack,Socks,0,0,0,2023-06-01 00:00:00
p_xsa4epqty5,Mahogany Polo,Polos,0,0,0,2023-06-01 00:00:00
p_perj37fvaa,Periwinkle Blue Polo,Polos,0,0,0,2023-06-01 00:00:00
p_ump27mtkuq,Raspberry Polo,Polos,0,0,0,2023-06-01 00:00:00
p_szsv98dxsn,White Active Ankle Socks 3-Pack,Socks,0,0,0,2023-06-01 00:00:00
p_yvahsdbd7s,Heather Seafarer Short Sleeve Polo,Polos,0,0,0,2023-06-01 00:00:00
p_njb9h744v3,Indigo Rinse Straight Authentic Stretch Jeans,Jeans,0,0,0,2023-06-01 00:00:00
p_nyn3pcwdu8,Light Indigo Wash Slim Authentic Stretch Jeans,Jeans,0,0,0,2023-06-01 00:00:00
p_9f3wn27yj9,Indigo Rinse Slim Authentic Stretch Jeans,Jeans,0,0,0,2023-06-01 00:00:00
p_3dxryrdx2k,Medium Indigo Wash Slim Authentic Stretch Jeans,Jeans,0,0,0,2023-06-01 00:00:00
p_75westm75x,Light Indigo Wash Straight Authentic Stretch Jeans,Jeans,0,0,0,2023-06-01 00:00:00
p_7sfgw9sa4n,Medium Indigo Wash Straight Authentic Stretch Jeans,Jeans,0,0,0,2023-06-01 00:00:00
p_sy5ta2zsks,Heather Cayenne Short Sleeve Crew Neck T-Shirt,Shirt,0,0,0,2023-06-01 00:00:00
p_qcke957864,"Chino Shorts | Comfort | 7"" | Military Green",Shorts,0,0,0,2023-06-01 00:00:00
p_uy62gqzk94,"Shorts | Comfort Chino | 7"" | Sapphire",Shorts,0,0,0,2023-06-01 00:00:00
p_svgga79dfc,"Chino Shorts | Comfort | 7"" | Slate Green",Shorts,0,0,0,2023-06-01 00:00:00
p_n2cq64ucyu,"9"" Sapphire Comfort Chino Short",Shorts,0,0,0,2023-06-01 00:00:00
p_hubt8gp9tb,"9"" Slate Green Comfort Chino Short",Shorts,0,0,0,2023-06-01 00:00:00
p_vahhav9rn7,"Shorts | Classic Twill | 9"" | Black",Shorts,0,0,0,2023-06-01 00:00:00
p_jxeh4td3j3,"Shorts | 9"" | Classic Twill | Centurion",Shorts,0,0,0,2023-06-01 00:00:00
p_3mav9fu9q9,"Shorts | Active Training 7"" | Black",Shorts,0,0,0,2023-06-01 00:00:00
p_3he4jy8f99,"Shorts | Active Training | 7"" | Carbon",Shorts,0,0,0,2023-06-01 00:00:00
p_sdkp4ngqy8,"Shorts | Active Training | 7"" | Sandstone",Shorts,0,0,0,2023-06-01 00:00:00
p_n5vm5c3nb9,"Chino Shorts | Comfort | 7"" | Black",Shorts,0,0,0,2023-06-01 00:00:00
p_t3995sdwge,"Shorts | Comfort Chino | 7"" | Carbon",Shorts,0,0,0,2023-06-01 00:00:00
p_ys9u6f3mbt,"Chino Shorts | Comfort | 7"" | Khaki",Shorts,0,0,0,2023-06-01 00:00:00
p_2vpu7ymaay,Black Commuter Short,Shorts,0,0,0,2023-06-01 00:00:00
p_jnvzcqrwxp,Khaki Commuter Short,Shorts,0,0,0,2023-06-01 00:00:00
p_pgq6zgcvgq,Black Fleece French Terry Short,Shorts,0,0,0,2023-06-01 00:00:00
p_8hbywkfrwc,Military Green Fleece French Terry Short,Shorts,0,0,0,2023-06-01 00:00:00
p_v7655zp7an,"Chino Shorts | Comfort | 9"" | Black",Shorts,0,0,0,2023-06-01 00:00:00
p_29aky289rv,Navy Fleece French Terry Short,Shorts,0,0,0,2023-06-01 00:00:00
p_juczmrnmtc,"Shorts | Comfort Chino | 9"" | Carbon",Shorts,0,0,0,2023-06-01 00:00:00
p_jw2fyemxq7,"9"" Khaki Comfort Chino Short",Shorts,0,0,0,2023-06-01 00:00:00
p_uqn6yzvkpa,"9"" Navy Comfort Chino Short",Shorts,0,0,0,2023-06-01 00:00:00
p_8an2wybh3y,Charcoal Heather Gray Active Comfort Short,Athletic Shorts,0,0,0,2023-06-01 00:00:00
p_aw48ckctp9,Burgundy Active Quick Dry Short with Liner,Swim Shorts,0,0,0,2023-06-01 00:00:00
p_vey4w66jst,Military Green Active Quick Dry Short with Liner,Shorts,0,0,0,2023-06-01 00:00:00
p_nuk7mzc8jt,Navy Active Quick Dry Short with Liner,Swim Shorts,0,0,0,2023-06-01 00:00:00
p_r2e57cmagz,Joggers | Active | Black,Sweatpants & Joggers,0,0,0,2023-06-01 00:00:00
p_csr594d6ws,Heather Navy Loungewear Jogger,Sweatpants & Joggers,0,0,0,2023-06-01 00:00:00
p_2krzrc4m74,Carbon Fleece French Terry Jogger,Sweatpants & Joggers,0,0,0,2023-06-01 00:00:00
p_phdjj3n8yh,Heather Gray Fleece French Terry Joggers,Sweatpants & Joggers,0,0,0,2023-06-01 00:00:00
p_eaxfgdw35q,Medium Gray Wash Slim Fit Comfort Jeans,Jeans,0,0,0,2023-06-01 00:00:00
p_wcjsyc8zup,Medium Gray Wash Straight Fit Comfort Jeans,Jeans,0,0,0,2023-06-01 00:00:00
p_qjxt4q7gff,Military Green Coaches Jacket,Jacket,0,0,0,2023-06-01 00:00:00
p_fm6edfx4ep,Military Green Fleece French Terry Jogger,Sweatpants & Joggers,0,0,0,2023-06-01 00:00:00
p_28tc85jmdq,Military Green Waffle Long Sleeve Crew Neck,Sweatshirt,0,0,0,2023-06-01 00:00:00
p_mxsupz7eaq,Navy Coaches Jacket,Jacket,0,0,0,2023-06-01 00:00:00
p_qqk283mjjn,Navy Fleece French Terry Jogger,Sweatpants & Joggers,0,0,0,2023-06-01 00:00:00
p_xanpax5dbd,True Red Polo,Polos,0,0,0,2023-06-01 00:00:00
p_mrvwze8wph,White Ankle Socks 3-Pack,Socks,0,0,0,2023-06-01 00:00:00
p_ga52js5nmp,White Never Show Socks 3-Pack,Socks,0,0,0,2023-06-01 00:00:00
p_yhe8c62x9c,Heather Navy Quarter Zip Performance Shirt,Athletic Tops,0,0,0,2023-06-01 00:00:00
p_a7p3mw83t9,Heather Military Green Active Long Sleeve Crew Neck,T-Shirts,0,0,0,2023-06-01 00:00:00
p_rwwrukwyz9,Charcoal Heather Gray Short Sleeve Tall Active Crew Neck,T-Shirts,0,0,0,2023-06-01 00:00:00
p_qy223hzmfv,White Short Sleeve Tall Active Crew Neck,T-Shirts,0,0,0,2023-06-01 00:00:00
p_hfj965wa8c,Charcoal Heather Gray Loungewear Long Sleeve Tee And Jogger Set,Sweatshirt,0,0,0,2023-06-01 00:00:00
p_f3v8s3b963,Charcoal Heather Gray Loungewear Short Sleeve Tee And Pant Set,Sweatpants & Joggers,0,0,0,2023-06-01 00:00:00
p_3vtx7z4d8y,Heather Dusty Pink V-Neck T-Shirt,Screen Printed T-Shirts,0,0,0,2023-06-01 00:00:00
p_3kckyj2khu,Heather Navy Loungewear Short Sleeve Tee And Pant Set,Lounge Sweatpants & Joggers,0,0,0,2023-06-01 00:00:00
p_wj3u3m87yx,Short Sleeve T-Shirt | Active | Crew Neck | Black,T-Shirts,0,0,0,2023-07-01 00:00:00
p_svsvrfrcb6,Black Active Long Sleeve Crew Neck T-Shirt,T-Shirts,0,0,0,2023-07-01 00:00:00
p_vjfh4zw9pd,Short Sleeve Active Polo Shirt | Black,Polos,0,0,0,2023-07-01 00:00:00
p_2gwdmudpww,Long Sleeve Shirt | Crew Neck | Black,Shirt,0,0,0,2023-07-01 00:00:00
p_p6zw3xeg4v,Short Sleeve T-Shirt | Crew Neck | Black,T-Shirts,0,0,0,2023-07-01 00:00:00
p_8jmz33scf8,Sweatshirt | Pullover Crew Neck | Fleece French Terry | Black,Sweatshirt,0,0,0,2023-07-01 00:00:00
p_26twzeayzk,Pullover Hoodie | Fleece French Terry | Black,Hoodie,0,0,0,2023-07-01 00:00:00
p_xnzebcgf9j,Zip Hoodie | Fleece French Terry | Black,Hoodie,0,0,0,2023-07-01 00:00:00
p_v9vmgr3m4t,Polo Shirt | Black,Polos,0,0,0,2023-07-01 00:00:00
p_uwm4psyppk,Black Tall Straight Hem Crew Neck T-Shirt,T-Shirts,0,0,0,2023-07-01 00:00:00
p_s7yfamyjwt,Black V-Neck T-Shirt,T-Shirts,0,0,0,2023-07-01 00:00:00
p_htnnbrvvmk,Carbon Active Crew Neck,T-Shirts,0,0,0,2023-07-01 00:00:00
p_rgamhxuwjz,Carbon Crew Neck Long Sleeve,Shirt,0,0,0,2023-07-01 00:00:00
p_szpx92nwke,Carbon Fleece French Terry Zip Hoodie,Hoodie,0,0,0,2023-07-01 00:00:00
p_prm2runmas,Carbon Long Sleeve Henley,T-Shirts,0,0,0,2023-07-01 00:00:00
p_gf9pckvcm8,Carbon Short Sleeve Polo Shirt,Polos,0,0,0,2023-07-01 00:00:00
p_ujs2rxbwwy,Charcoal Heather Gray Active Long Sleeve Crew Neck,T-Shirts,0,0,0,2023-07-01 00:00:00
p_73vqwcfbpf,Charcoal Heather Gray Short Sleeve Active Polo Shirt,Polos,0,0,0,2023-07-01 00:00:00
p_9744mpdv5n,Charcoal Heather Gray Long Sleeve,Shirt,0,0,0,2023-07-01 00:00:00
p_3dh3myqfyq,Charcoal Heather Gray Polo,Polos,0,0,0,2023-07-01 00:00:00
p_yjazyejt4q,Charcoal Heather Gray V-Neck,Shirt,0,0,0,2023-07-01 00:00:00
p_xhhgk2nnba,Heather Burgundy Crew Neck T-Shirt,Shirt,0,0,0,2023-07-01 00:00:00
p_gbd3qsz25s,Heather Charcoal Gray Crew Neck T-Shirt,Shirt,0,0,0,2023-07-01 00:00:00
p_ea2gekbzfm,Heather Gray Crew Neck Long Sleeve,T-Shirts,0,0,0,2023-07-01 00:00:00
p_bdybxrzhhw,Heather Gray Fleece French Terry Pullover Hoodie,Hoodie,0,0,0,2023-07-01 00:00:00
p_cz4mtzemgt,Heather Gray Fleece French Terry Zip Hoodie,Hoodie,0,0,0,2023-07-01 00:00:00
p_ddgsdeyzu9,Heather Gray Long Sleeve Henley,T-Shirts,0,0,0,2023-07-01 00:00:00
p_5rc5ezqwny,Heather Gray Short Sleeve Polo Shirt,Polos,0,0,0,2023-07-01 00:00:00
p_shhxbvvxxp,Heather Indigo Active Crew Neck T-Shirt,T-Shirts,0,0,0,2023-07-01 00:00:00
p_4fs9u74y4x,Heather Indigo Crew Neck Long Sleeve,T-Shirts,0,0,0,2023-07-01 00:00:00
p_hmkhv4g497,Heather Indigo Crew Neck T-Shirt,Shirt,0,0,0,2023-07-01 00:00:00
p_s6hq3cbp99,Heather Indigo Short Sleeve Polo Shirt,Polos,0,0,0,2023-07-01 00:00:00
p_5q6tnqwruf,Heather Light Gray Active Long Sleeve Crew Neck,T-Shirts,0,0,0,2023-07-01 00:00:00
p_ggx5q9x8xm,Heather Military Green Active Crew Neck T-Shirt,Shirt,0,0,0,2023-07-01 00:00:00
p_xngupz8qg8,Heather Military Green Active Long Sleeve Crew Neck,T-Shirts,0,0,0,2023-07-01 00:00:00
p_pzg4uy9ru4,Heather Military Green Short Sleeve Active Polo Shirt,Polos,0,0,0,2023-07-01 00:00:00
p_kajnxmygka,Heather Military Green Crew Neck T-Shirt,Shirt,0,0,0,2023-07-01 00:00:00
p_95axe6dfn6,Heather Navy Active Crew Neck T-Shirt,T-Shirts,0,0,0,2023-07-01 00:00:00
p_5kpddtqty2,Heather Navy Active Long Sleeve Crew Neck,T-Shirts,0,0,0,2023-07-01 00:00:00
p_ccse4psnan,Heather Navy Crew Neck Long Sleeve,T-Shirts,0,0,0,2023-07-01 00:00:00
p_ug6duq4hvt,Heather Navy Crew Neck T-Shirt,Shirt,0,0,0,2023-07-01 00:00:00
p_vrmxbznmh9,Indigo Long Sleeve Henley,Shirt,0,0,0,2023-07-01 00:00:00
p_bhfd33ejhy,Indigo Short Sleeve Polo Shirt,Polos,0,0,0,2023-07-01 00:00:00
p_955cnseek9,Light Heather Gray Crew Neck Long Sleeve,T-Shirts,0,0,0,2023-07-01 00:00:00
p_6zjn28jf23,Military Green Crew Neck Long Sleeve,Shirt,0,0,0,2023-07-01 00:00:00
p_shcbhfeqaq,Military Green Fleece French Terry Pullover Crew Neck Sweatshirt,Sweatshirt,0,0,0,2023-07-01 00:00:00
p_3wz546brng,Military Green Fleece French Terry Pullover Hoodie,Hoodie,0,0,0,2023-07-01 00:00:00
p_8q6kvd32nc,Military Green Fleece French Terry Zip Hoodie,Hoodie,0,0,0,2023-07-01 00:00:00
p_brwwn6xkwh,Military Green Long Sleeve Henley,T-Shirts,0,0,0,2023-07-01 00:00:00
p_mwv4sjthwt,Military Green Short Sleeve Polo Shirt,Polos,0,0,0,2023-07-01 00:00:00
p_vtkmnr87v2,Navy Active Crew Neck T-Shirt,T-Shirts,0,0,0,2023-07-01 00:00:00
p_tpzfdnukzs,Navy Active Long Sleeve Crew Neck,T-Shirts,0,0,0,2023-07-01 00:00:00
p_bptwztkuks,Navy Short Sleeve Active Polo Shirt,Polos,0,0,0,2023-07-01 00:00:00
p_tjh5t8a6tw,Navy Crew Neck Long Sleeve,Shirt,0,0,0,2023-07-01 00:00:00
p_rezzg23bjy,Navy Fleece French Terry Pullover Crew Neck Sweatshirt,Sweatshirt,0,0,0,2023-07-01 00:00:00
p_k6s6hftqfe,Navy Fleece French Terry Pullover Hoodie,Hoodie,0,0,0,2023-07-01 00:00:00
p_h9z43a8zde,Navy Fleece French Terry Zip Hoodie,Hoodie,0,0,0,2023-07-01 00:00:00
p_ngbbqfwzd5,Navy Long Sleeve Henley,Shirt,0,0,0,2023-07-01 00:00:00
p_rhexhysfzs,Navy Short Sleeve Polo Shirt,Polos,0,0,0,2023-07-01 00:00:00
p_xa4dn5yc22,Navy Tall Short Sleeve Polo Shirt,Polos,0,0,0,2023-07-01 00:00:00
p_2wu3jtehp2,Navy Short Sleeve V-Neck T-Shirt,Shirt,0,0,0,2023-07-01 00:00:00
p_8rbvhb5tdc,White Active Crew Neck T-Shirt,Shirt,0,0,0,2023-07-01 00:00:00
p_r5gttk27sm,White Active Long Sleeve Crew Neck,Shirt,0,0,0,2023-07-01 00:00:00
p_2cus7843n6,White Crew Neck Long Sleeve,Shirt,0,0,0,2023-07-01 00:00:00
p_twpefb4vpq,White Long Sleeve Henley,T-Shirts,0,0,0,2023-07-01 00:00:00
p_6hvvy94kq4,White Short Sleeve Polo Shirt,Polos,0,0,0,2023-07-01 00:00:00
p_m6x758mjvq,White Short Sleeve Tall Polo Shirt,Polos,0,0,0,2023-07-01 00:00:00
p_s49r5jxnqq,White Short Sleeve V-Neck T-Shirt,T-Shirts,0,0,0,2023-07-01 00:00:00
p_fx25mpavbf,Long Sleeve T-Shirt | Hooded | Black,T-Shirts,0,0,0,2023-07-01 00:00:00
p_gawdf2gbfa,Long Sleeve Polo Shirt | Black,Polos,0,0,0,2023-07-01 00:00:00
p_xafkdxwnvm,Black Waffle Hoodie,Hoodie,0,0,0,2023-07-01 00:00:00
p_yev838e3bk,Dark Olive Waffle Hoodie,Hoodie,0,0,0,2023-07-01 00:00:00
p_3h5wxbdgfn,White Long Sleeve Polo Shirt,Polos,0,0,0,2023-07-01 00:00:00
p_g5xjgypbqs,Long Sleeve Button Up Shirt | Black,Button Down Shirts,0,0,0,2023-07-01 00:00:00
p_pqjyybc86f,Black Waffle Long Sleeve Crew Neck T-Shirt,T-Shirts,0,0,0,2023-07-01 00:00:00
p_5pqpzmazbr,Carbon Long Sleeve Button Up Shirt,Button Down Shirts,0,0,0,2023-07-01 00:00:00
p_anqd83cjye,Military Green Waffle Long Sleeve Crew Neck,Sweatshirt,0,0,0,2023-07-01 00:00:00
p_vp3anzz9s3,White Button Up Shirt,Button Down Shirts,0,0,0,2023-07-01 00:00:00
p_92vf4hpdrt,White Commuter Short Sleeve Button Up,Button Down Shirts,0,0,0,2023-07-01 00:00:00
p_85skykpy7r,Short Sleeve Button Up Shirt | Commuter | Black,Button Down Shirts,0,0,0,2023-07-01 00:00:00
p_v5bwyyhget,Carbon Commuter Short Sleeve Button Up,Button Down Shirts,0,0,0,2023-07-01 00:00:00
p_5kr9enrf6j,Short Sleeve Tee | Loungewear | Charcoal Heather Gray,T-Shirts,0,0,0,2023-07-01 00:00:00
p_rpwqburrmc,Dark Heather Cadet Active Polo,Polos,0,0,0,2023-07-01 00:00:00
p_8tryb2ahrp,Dark Heather Cocoa Active Polo,Polos,0,0,0,2023-07-01 00:00:00
p_vnexp6dh3m,Heather Centurion Short Sleeve Active Polo Shirt,Polos,0,0,0,2023-07-01 00:00:00
p_8pczdfc69m,Heather Cocoa Short Sleeve Active Polo Shirt,Polos,0,0,0,2023-07-01 00:00:00
p_xdyq8mewrc,Short Sleeve Button Up Shirt | Black,Button Down Shirts,0,0,0,2023-07-01 00:00:00
p_56qjzafa6s,Carbon Short Sleeve Button Up Shirt,Button Down Shirts,0,0,0,2023-07-01 00:00:00
p_7dyz93zegj,"Shorts | Active Training | 7"" | Sapphire",Athletic Shorts,0,0,0,2023-07-01 00:00:00
p_3pkg63ym5k,"Shorts | Active Training | 7"" | Steel",Shorts,0,0,0,2023-07-01 00:00:00
p_k5hymg84ez,"Shorts | Training | 7"" | 2-in-1 Black",Athletic Shorts,0,0,0,2023-07-01 00:00:00
p_mm5tbn6qza,Sweatshirt | Comfort Crew | Black,Sweatshirt,0,0,0,2023-07-01 00:00:00
p_2uptnqrxy2,Hoodie | Active Comfort | Pullover | Black,Hoodie,0,0,0,2023-07-01 00:00:00
p_ys335pw23m,Pants | Active Comfort | Straight Leg | Black,Sweatpants & Joggers,0,0,0,2023-07-01 00:00:00
p_9attt36kqt,Blazer | Black,Blazer,0,0,0,2023-07-01 00:00:00
p_84w66d79b8,Pants | Comfort Chino | Black,Pants,0,0,0,2023-07-01 00:00:00
p_349fd5fte5,Sweater | Crew Neck | Black,Knit Sweaters,0,0,0,2023-07-01 00:00:00
p_zzvxdda285,Fleece Shacket | Black,Jacket,0,0,0,2023-07-01 00:00:00
p_z7kat66jsb,Puffer Vest | Black,Outerwear Vests,0,0,0,2023-07-01 00:00:00
p_w99wqwtmd8,Performance Shirt | Quarter Zip | Black,Athletic Tops,0,0,0,2023-07-01 00:00:00
p_vkp29t8hpk,Sleeveless Muscle Tee | Active | Black,Athletic Tops,0,0,0,2023-07-01 00:00:00
p_bxpjzp3q34,Sweater Hoodie | Black,Hoodie,0,0,0,2023-07-01 00:00:00
p_j23j35syzx,Black Wash Long Sleeve Chambray Shirt,Shirt,0,0,0,2023-07-01 00:00:00
p_aaa5u2senn,Black Wash Slim Fit Comfort Jeans,Jeans,0,0,0,2023-07-01 00:00:00
p_mu7q5qx67m,Black Wash Straight Fit Comfort Jeans,Jeans,0,0,0,2023-07-01 00:00:00
p_kv4qxkyavb,Chino Pants | Comfort | Carbon,Pants,0,0,0,2023-07-01 00:00:00
p_av6ja2w28x,Charcoal Heather Active Comfort Crew Sweatshirt,Athletic Tops,0,0,0,2023-07-01 00:00:00
p_jqxjnq8mc8,Charcoal Heather Active Comfort Straight Leg Pant,Sweatpants & Joggers,0,0,0,2023-07-01 00:00:00
p_hzkzcd9ag9,Charcoal Heather Gray Long Sleeve Ripstop Commuter Shirt,Shirt,0,0,0,2023-07-01 00:00:00
p_zc74ftx9hy,Charcoal Heather Gray Pique Crew Sweater,Knit Sweaters,0,0,0,2023-07-01 00:00:00
p_4krqrmhc8s, Sleeveless Muscle Tee | Active | Charcoal Heather Gray,Athletic Tops,0,0,0,2023-07-01 00:00:00
p_qvscv7wqa7,Dark Oak Fleece French Terry Jogger,Sweatpants & Joggers,0,0,0,2023-07-01 00:00:00
p_yw7vvn467f,Dark Olive Long Sleeve Crew Neck T-Shirt,T-Shirts,0,0,0,2023-07-01 00:00:00
p_hc97kv4jxf,Deep Sea Blue Short Sleeve Crew Neck T-Shirt,T-Shirts,0,0,0,2023-07-01 00:00:00
p_zp4vn3rtz4,Deep Sea Blue Long Sleeve Crew Neck T-Shirt,T-Shirts,0,0,0,2023-07-01 00:00:00
p_8d5cs572ku,Evergreen Heather Short Sleeve Crew Neck T-Shirt,T-Shirts,0,0,0,2023-07-01 00:00:00
p_2qn4rb76qt,Evergreen Heather Long Sleeve Crew Neck T-Shirt,T-Shirts,0,0,0,2023-07-01 00:00:00
p_hun6quaf8f,Gray Wash Slim Fit Comfort Jeans,Jeans,0,0,0,2023-07-01 00:00:00
p_bn49najk97,Gray Wash Straight Fit Comfort Jeans,Jeans,0,0,0,2023-07-01 00:00:00
p_a66qgjtv8u, Sleeveless Muscle Tee | Active | Heather Cadet,Athletic Tops,0,0,0,2023-07-01 00:00:00
p_76w9v5r9gp,Heather Camel Pique Crew Sweater,Knit Sweaters,0,0,0,2023-07-01 00:00:00
p_m26nune3tt,Sleeveless Muscle Tee | Active | Heather Cocoa,Tank Top,0,0,0,2023-07-01 00:00:00
p_wtfwp7uyps,Heather Dark Oak Long Sleeve Crew Neck T-Shirt,T-Shirts,0,0,0,2023-07-01 00:00:00
p_guzmuvmxwg,Heather Dark Orchid Short Sleeve Crew Neck T-Shirt,T-Shirts,0,0,0,2023-07-01 00:00:00
p_auux7guqn5,Sleeveless Muscle Tee | Active| Heather Forest,Athletic Tops,0,0,0,2023-07-01 00:00:00
p_wvdzacyaq8,Heather Garnet Short Sleeve Crew Neck T-Shirt,T-Shirts,0,0,0,2023-07-01 00:00:00
p_59st4ejx9g,Heather Graphite Short Sleeve Crew Neck T-Shirt,T-Shirts,0,0,0,2023-07-01 00:00:00
p_mkhh2ymk98,Heather Navy Active Comfort Crew Sweatshirt,Sweatshirt,0,0,0,2023-07-01 00:00:00
p_4tw7w4865y,Medium Gray Wash Slim Fit Comfort Jeans,Jeans,0,0,0,2023-07-01 00:00:00
p_u25kmysesj,Medium Gray Wash Straight Fit Comfort Jeans,Jeans,0,0,0,2023-07-01 00:00:00
p_yrp9cazs3k,Olive Long Sleeve Ripstop Commuter Shirt,Shirt,0,0,0,2023-07-01 00:00:00
p_vjj8djm98g,"Voyager 7"" 2-in-1 Training Short",Athletic Shorts,0,0,0,2023-07-01 00:00:00
p_ens5k22dee,Coaches Jacket | Black,Jacket,0,0,0,2023-07-01 00:00:00
p_krqrvpb5nk,Short Sleeve Sweater Polo Shirt | Black,Polos,0,0,0,2023-07-01 00:00:00
p_ezjsg82fk7,Garnet Short Sleeve Sweater Polo Shirt,Polos,0,0,0,2023-07-01 00:00:00
p_zfqbnz8zdc,Heather Gray Short Sleeve Sweater Polo,Polos,0,0,0,2023-07-01 00:00:00
p_rdac8nxqpc,Navy Short Sleeve Sweater Polo,Polos,0,0,0,2023-07-01 00:00:00
p_tdz6dj3k93,Charcoal Heather Gray Active Shell Jacket,Jacket,0,0,0,2023-07-01 00:00:00
p_ef9p26sqwv,Navy Coaches Jacket,Jacket,0,0,0,2023-07-01 00:00:00
p_gvy838kdy9,Long Sleeve Button Up Sweater Shirt | Black + Carbon,Button Down Shirts,0,0,0,2023-07-01 00:00:00
p_cpfjz5js6m,Light Heather Gray Quarter Zip Performance Shirt,Athletic Tops,0,0,0,2023-07-01 00:00:00
p_encznv79zd,Charcoal Heather Gray Loungewear Jogger,Sweatpants & Joggers,0,0,0,2023-07-01 00:00:00
p_uqg73gd526,Dark Olive Short Sleeve V-Neck T-Shirt,T-Shirts,0,0,0,2023-07-01 00:00:00
p_dd7ynwa46b,Military Green Coaches Jacket,Jacket,0,0,0,2023-07-01 00:00:00
p_pds624ht98,Ankle Socks | Active | 3-Pack | Black,Socks,0,0,0,2023-07-01 00:00:00
p_h9thpv33ux,Crew Socks | Active | 3-Pack | Black,Socks,0,0,0,2023-07-01 00:00:00
p_vm4udwbmec,Ankle Socks | 3-Pack | Black,Socks,0,0,0,2023-07-01 00:00:00
p_hv5d9t5gb4,Black Boxer Trunks 3-Pack,Underwear,0,0,0,2023-07-01 00:00:00
p_eg72spursx,Half Crew Sock | 3-Pack | Black,Socks,0,0,0,2023-07-01 00:00:00
p_m5nrytn7g3,Boxer Briefs | Logo | 3-Pack | Black,Underwear,0,0,0,2023-07-01 00:00:00
p_7rzxq9sd8n,Never Show Socks | 3-Pack | Black,Socks,0,0,0,2023-07-01 00:00:00
p_h644hfsgj7,Sweater Beanie | Black,Beanie,0,0,0,2023-07-01 00:00:00
p_k8j2vzha5p,Burgundy Boxer Briefs 3-Pack,Underwear,0,0,0,2023-07-01 00:00:00
p_rd96dkwsx6,Carbon Boxer Trunks 3-Pack,Underwear,0,0,0,2023-07-01 00:00:00
p_3zf2yh34hr,Dark Olive Short Sleeve Polo Shirt,Polos,0,0,0,2023-07-01 00:00:00
p_fcgghnz6fh,Evergreen Sweater Beanie,Beanie,0,0,0,2023-07-01 00:00:00
p_vxfj55w6ma,Heather Burgundy Short Sleeve Polo Shirt,Polos,0,0,0,2023-07-01 00:00:00
p_tpv8fcqeja,Heather Gray Active Ankle Socks 3-Pack,Socks,0,0,0,2023-07-01 00:00:00
p_y6cg76w8k6,Heather Gray Half Crew Sock 3-Pack,Socks,0,0,0,2023-07-01 00:00:00
p_sgut9a5tns,Light Heather Gray Polo,Polos,0,0,0,2023-07-01 00:00:00
p_r5xrp6kuxu,True Red Short Sleeve Polo Shirt,Polos,0,0,0,2023-07-01 00:00:00
p_x285vx432e,White Ankle Socks 3-Pack,Socks,0,0,0,2023-07-01 00:00:00
p_3aup7bbqg3,Carbon Tall Long Sleeve T-Shirt,Shirt,0,0,0,2023-07-01 00:00:00
p_mxpb4sqvry,Charcoal Heather Gray Short Sleeve Tall Crew,T-Shirts,0,0,0,2023-07-01 00:00:00
p_92fw37ajex,Heather Seafarer Short Sleeve Tall Crew,Shirt,0,0,0,2023-07-01 00:00:00
p_rhk5rdjr7y,Heather Voyager Short Sleeve Tall Crew,T-Shirts,0,0,0,2023-07-01 00:00:00
p_hz3svpszdm,Military Green Tall Long Sleeve T-Shirt,T-Shirts,0,0,0,2023-07-01 00:00:00
p_3xnj548f3x,Sapphire Short Sleeve Tall Crew,T-Shirts,0,0,0,2023-07-01 00:00:00
p_j9huduq2g2,White Tall Straight Hem Crew Neck T-Shirt,T-Shirts,0,0,0,2023-07-01 00:00:00
p_ct8bqyz5rd,Bomber Jacket | Black,Bomber Jackets,0,0,0,2023-07-01 00:00:00
p_26x46r3gh3,Carbon Short Sleeve Tall Polo Shirt,Polos,0,0,0,2023-07-01 00:00:00
p_uwgqdnnawm,Charcoal Heather Gray Short Sleeve Tall Polo Shirt,Polos,0,0,0,2023-07-01 00:00:00
p_awt8ehv6fc,Heather Gray Short Sleeve Tall Polo Shirt,Polos,0,0,0,2023-07-01 00:00:00
p_ug78456eub,Mahogany Fleece French Terry Pullover Hoodie,Hoodie,0,0,0,2023-07-01 00:00:00
p_3hycs4vyy4,Mahogany Fleece French Terry Zip Hoodie,Hoodie,0,0,0,2023-07-01 00:00:00
p_487dnzupxz,Military Green Short Sleeve Tall Polo Shirt,Polos,0,0,0,2023-07-01 00:00:00
p_haens7aj79,Sapphire Short Sleeve Tall Polo Shirt,Polos,0,0,0,2023-07-01 00:00:00
p_n7npmmnfq3,Bomber Jacket | Army Green,Bomber Jackets,0,0,0,2023-07-01 00:00:00
p_vhct7fnamt,Sweater Fleece Jacket | Black,Jacket,0,0,0,2023-07-01 00:00:00
p_qvxdc36tay,Carbon Bomber Jacket,Bomber Jackets,0,0,0,2023-07-01 00:00:00
p_ubarpzrdvd,Gray Sweater Fleece Jacket,Knit Sweaters,0,0,0,2023-07-01 00:00:00
p_25m5nqdhtq,Gunmetal Puffer Jacket,Puffer Jackets,0,0,0,2023-07-01 00:00:00
p_9nq4jjbkbr,Military Green Puffer Jacket,Puffer Jackets,0,0,0,2023-07-01 00:00:00
p_6svhrtmsn3,Navy Bomber Jacket,Bomber Jackets,0,0,0,2023-07-01 00:00:00
p_dwbw45rvge,Navy Hooded Puffer Jacket,Puffer Jackets,0,0,0,2023-07-01 00:00:00
p_4yh4m8q3v7,Navy Puffer Jacket,Puffer Jackets,0,0,0,2023-07-01 00:00:00
p_e6pz5d7uh9,Navy Sweater Fleece Jacket,Hoodie,0,0,0,2023-07-01 00:00:00
p_4xmfcxsvq4,Puffer Jacket | Hooded | Black,Puffer Jackets,0,0,0,2023-07-01 00:00:00
p_zrt8e4hahp,Chino Pants | Straight | Twill | Black,Pants,0,0,0,2023-07-01 00:00:00
p_6bppe3h2jj,Centurion Slim Twill Chino,Pants,0,0,0,2023-07-01 00:00:00
p_zd6gtes7qp,Centurion Straight Twill Chino,Pants,0,0,0,2023-07-01 00:00:00
p_ja9tudbs9q,Dark Oak Straight Twill Chino,Pants,0,0,0,2023-07-01 00:00:00
p_yqusyfjxtf,Gunmetal Hooded Puffer Jacket,Puffer Jackets,0,0,0,2023-07-01 00:00:00
p_kkdff6r47e,Meadow Slim Twill Chino,Pants,0,0,0,2023-07-01 00:00:00
p_rnmhwn9kcu,Navy Slim Twill Chino,Pants,0,0,0,2023-07-01 00:00:00
p_y5u5gs4evr,Navy Straight Twill Chino,Pants,0,0,0,2023-07-01 00:00:00
p_vqc6jejd69,Long Sleeve Button Up Shirt | Do-It-All Comfort | Black,Button Down Shirts,0,0,0,2023-07-01 00:00:00
p_p8ep2jre98,Hoodie | Active | Black,Hoodie,0,0,0,2023-07-01 00:00:00
p_vubwwnzvnt,Dark Heather Cadet Long Sleeve Active Crew Neck,T-Shirts,0,0,0,2023-07-01 00:00:00
p_e2426ac79u,Dark Heather Tempest Long Sleeve Active Crew Neck,Sweatshirt,0,0,0,2023-07-01 00:00:00
p_cjzvdmswjf,White Active Hoodie,Hoodie,0,0,0,2023-07-01 00:00:00
p_ncwnq5usm5,"Shorts | Active Training | 7"" | Slate Green",Athletic Shorts,0,0,0,2023-07-01 00:00:00
p_x443echvnq,"Chino Shorts | Comfort | 7"" | Military Green",Shorts,0,0,0,2023-07-01 00:00:00
p_qhjjf5kjgd,"Chino Shorts | Comfort | 7"" | Rosewood",Shorts,0,0,0,2023-07-01 00:00:00
p_f8rywmvjsy,"Chino Shorts | Comfort | 7"" | Sapphire",Shorts,0,0,0,2023-07-01 00:00:00
p_6kxr6rztwd,"Chino Shorts | Comfort | 7"" | Slate Green",Shorts,0,0,0,2023-07-01 00:00:00
p_56zbdasvhd,"Chino Shorts | Comfort | 9"" | Sapphire",Shorts,0,0,0,2023-07-01 00:00:00
p_xpmubyp2yg,"Chino Shorts | Comfort | 9"" | Slate Green",Shorts,0,0,0,2023-07-01 00:00:00
p_saytmbtmak,"Shorts | Classic Twill | 9"" | Black",Shorts,0,0,0,2023-07-01 00:00:00
p_aytxzkck8x,"Shorts | Classic Twill | 7"" | Black",Shorts,0,0,0,2023-07-01 00:00:00
p_fhdff8x3jt,"Shorts | Classic Twill | 7"" | Harbor",Shorts,0,0,0,2023-07-01 00:00:00
p_q2935cukf5,"Shorts | Classic Twill | 7"" | Khaki",Shorts,0,0,0,2023-07-01 00:00:00
p_qr5wafyaq4,"Shorts | Classic Twill | 7"" | Moss",Shorts,0,0,0,2023-07-01 00:00:00
p_j48puxsej5,"Shorts | Classic Twill | 7"" | Sandstone",Shorts,0,0,0,2023-07-01 00:00:00
p_b2wv3hqta7,"Shorts | Classic Twill | 9"" | Centurion",Shorts,0,0,0,2023-07-01 00:00:00
p_wungd9j4dh,"Shorts | Active Training | 7"" | Black",Shorts,0,0,0,2023-07-01 00:00:00
p_r9rn7a2dy5,"Shorts | Active Training | 7"" | Carbon",Shorts,0,0,0,2023-07-01 00:00:00
p_n9qtgjygdv,"Shorts | Active Training | 7"" | Sandstone",Athletic Shorts,0,0,0,2023-07-01 00:00:00
p_nu9kcajw2z,"Chino Shorts | Comfort | 7"" | Black",Shorts,0,0,0,2023-07-01 00:00:00
p_hmp7dkjce9,"Chino Shorts | Comfort | 7"" | Carbon",Shorts,0,0,0,2023-07-01 00:00:00
p_25upswaptj,"Chino Shorts | Comfort | 7"" | Khaki",Shorts,0,0,0,2023-07-01 00:00:00
p_kaq2j39v2p,"Chino Shorts | Comfort | 7"" | Navy",Shorts,0,0,0,2023-07-01 00:00:00
p_utfqrxy94f,Shorts | Commuter | Black,Shorts,0,0,0,2023-07-01 00:00:00
p_prrc5xwre5,Khaki Commuter Short,Shorts,0,0,0,2023-07-01 00:00:00
p_bj4epra3sv,Shorts | Fleece French Terry | Black,Shorts,0,0,0,2023-07-01 00:00:00
p_fvgyjfheyt,Sandstone Commuter Short,Shorts,0,0,0,2023-07-01 00:00:00
p_epuubwwz7s,Military Green Fleece French Terry Short,Shorts,0,0,0,2023-07-01 00:00:00
p_j4bf77xx5v,"Chino Shorts | Comfort | 9"" | Black",Shorts,0,0,0,2023-07-01 00:00:00
p_74gmgsy6yv,Navy Fleece French Terry Short,Shorts,0,0,0,2023-07-01 00:00:00
p_m5f29n89jy,"Chino Shorts | Comfort | 9"" | Carbon",Shorts,0,0,0,2023-07-01 00:00:00
p_47meu4bybx,"Chino Shorts | Comfort |  9"" | Ivory",Shorts,0,0,0,2023-07-01 00:00:00
p_5za8gj7unh,"Chino Shorts | Comfort | 9"" | Khaki",Shorts,0,0,0,2023-07-01 00:00:00
p_arxdch5qcv,"Chino Shorts | Comfort | 9"" | Military Green",Shorts,0,0,0,2023-07-01 00:00:00
p_en8vndps74,"Chino Shorts | Comfort | 9"" | Navy",Shorts,0,0,0,2023-07-01 00:00:00
p_rquj6mrdex,Dark Heather Navy Active Comfort Short,Shorts,0,0,0,2023-07-01 00:00:00
p_6ra9g27e7u,Burgundy Active Quick Dry Short with Liner,Swim Shorts,0,0,0,2023-07-01 00:00:00
p_5ek32kjgzp,Navy Active Quick Dry Short with Liner,Swim Shorts,0,0,0,2023-07-01 00:00:00
p_bp7w9cp3k9,Pants | Commuter | Black,Pants,0,0,0,2023-07-01 00:00:00
p_5p5sgcwp5f,"Shorts | Active Training | 7"" | Navy",Shorts,0,0,0,2023-07-01 00:00:00
p_47uf2puagk,"Shorts | Classic Twill | 7"" | Navy",Shorts,0,0,0,2023-07-01 00:00:00
p_9a5tjqerw5,"Shorts | Classic Twill | 9"" | Meadow",Shorts,0,0,0,2023-07-01 00:00:00
p_a69bzurkgs,Joggers | Active | Black,Sweatpants & Joggers,0,0,0,2023-07-01 00:00:00
p_2bkrkbfbk9,Classic Polarized Sunglasses | Black,Sunglasses,0,0,0,2023-07-01 00:00:00
p_vvkaza7v48,Long Sleeve Button Up Shirt | Commuter | Black,Button Down Shirts,0,0,0,2023-07-01 00:00:00
p_egq2tewvm7,Long Sleeve Henley | Black,T-Shirts,0,0,0,2023-07-01 00:00:00
p_yp2v99qxbf,Classic Polarized Sunglasses | Black Mirror,Sunglasses,0,0,0,2023-07-01 00:00:00
p_mef5fue56y,Dress Shirt | Lightweight Performance | Black,Button Down Shirts,0,0,0,2023-07-01 00:00:00
p_fpmkw85rke,Short Sleeve Polo Shirt | Black,Polos,0,0,0,2023-07-01 00:00:00
p_s7c853uk5c,Puffer Jacket | Black,Puffer Jackets,0,0,0,2023-07-01 00:00:00
p_8nhyuguh4z,Chino Pants | Slim | Twill | Black,Pants,0,0,0,2023-07-01 00:00:00
p_ka5fa3ne6y,Slippers | Black,Slippers,0,0,0,2023-07-01 00:00:00
p_6wnwzma24v,Long Sleeve Button Up Shirt | Stretch Oxford | Black,Button Down Shirts,0,0,0,2023-07-01 00:00:00
p_u3ffx96ehp,Short Sleeve T-Shirt | Tall | Active Crew Neck | Black,T-Shirts,0,0,0,2023-07-01 00:00:00
p_ufjg6nn927,Long Sleeve T-Shirt | Tall | Black,T-Shirts,0,0,0,2023-07-01 00:00:00
p_enhxmmv3xa,Polo Shirt | Tall | Black,Polos,0,0,0,2023-07-01 00:00:00
p_gqfhmx28rz,Blue Quartz Short Sleeve Crew Neck T-Shirt,T-Shirts,0,0,0,2023-07-01 00:00:00
p_6ccw4zmdj6,Bluestone Tall Round Hem Crew Neck T-Shirt,T-Shirts,0,0,0,2023-07-01 00:00:00
p_ryght7etrs,Bluestone V-Neck Short Sleeve T-Shirt,T-Shirts,0,0,0,2023-07-01 00:00:00
p_5q95b4bjyg,Burgundy Short Sleeve Crew Neck T-Shirt,T-Shirts,0,0,0,2023-07-01 00:00:00
p_2sxe2kvxmc,Burgundy Long Sleeve Crew Neck T-Shirt,T-Shirts,0,0,0,2023-07-01 00:00:00
p_srwzc2wwq6,Burgundy Long Sleeve Henley,T-Shirts,0,0,0,2023-07-01 00:00:00
p_8p9z2j6eqt,Burgundy Short Sleeve V-Neck T-Shirt,T-Shirts,0,0,0,2023-07-01 00:00:00
p_dnq23rfcgu,"Carbon 7"" 2-in-1 Training Short",Athletic Shorts,0,0,0,2023-07-01 00:00:00
p_9tz4xs4maw,Carbon Commuter Long Sleeve Button Up Shirt,Button Down Shirts,0,0,0,2023-07-01 00:00:00
p_82erf6xepz,Carbon Commuter Pant,Pants,0,0,0,2023-07-01 00:00:00
p_gxqdqumwae,Carbon Short Sleeve Crew Neck T-Shirt,T-Shirts,0,0,0,2023-07-01 00:00:00
p_nmb6y3r32b,Carbon Fleece French Terry Jogger,Sweatpants & Joggers,0,0,0,2023-07-01 00:00:00
p_mqhey6peq9,Carbon Fleece French Terry Pullover Crew Neck Sweatshirt,Sweatshirt,0,0,0,2023-07-01 00:00:00
p_pgvy4mwya6,Carbon Fleece French Terry Pullover Hoodie,Hoodie,0,0,0,2023-07-01 00:00:00
p_dcfsb4qj5s,Carbon Performance Lightweight Dress Shirt,Button Down Shirts,0,0,0,2023-07-01 00:00:00
p_q9e4tw2vgn,Carbon Tall Active Crew Neck T-Shirt,T-Shirts,0,0,0,2023-07-01 00:00:00
p_3mznzzvw2f,Carbon Tall Round Hem Crew Neck T-Shirt,T-Shirts,0,0,0,2023-07-01 00:00:00
p_fcv57d39m8,Carbon Short Sleeve V-Neck T-Shirt,T-Shirts,0,0,0,2023-07-01 00:00:00
p_n6hvkgussy,Carbon Waffle Hoodie,Hoodie,0,0,0,2023-07-01 00:00:00
p_yg5234hu8z,Centurion Short Sleeve Sweater Polo Shirt,Polos,0,0,0,2023-07-01 00:00:00
p_qcw7eb8td6,Charcoal Heather Active Comfort Full Zip Hoodie,Hoodie,0,0,0,2023-07-01 00:00:00
p_agkp4c43e4,Charcoal Heather Active Comfort Pullover Hoodie,Hoodie,0,0,0,2023-07-01 00:00:00
p_cn8axvjmp9,Charcoal Heather Gray Active Comfort Short,Athletic Shorts,0,0,0,2023-07-01 00:00:00
p_6c6nrcr2c3, Short Sleeve T-Shirt | Active Crew Neck | Charcoal Heather Gray,T-Shirts,0,0,0,2023-07-01 00:00:00
p_znfcswnte7,Charcoal Heather Gray Active Hoodie,Hoodie,0,0,0,2023-07-01 00:00:00
p_bdbtrvs35c,Charcoal Heather Gray Active Joggers,Sweatpants & Joggers,0,0,0,2023-07-01 00:00:00
p_pxnmvcumyj,Charcoal Heather Gray Do-It-All Comfort Long Sleeve Button Up Shirt,Button Down Shirts,0,0,0,2023-07-01 00:00:00
p_yra4pxjn2n,Charcoal Heather Gray Fleece French Terry Full Zip,Hoodie,0,0,0,2023-07-01 00:00:00
p_k727r3s7q8,Charcoal Heather Gray Fleece French Terry Jogger,Sweatpants & Joggers,0,0,0,2023-07-01 00:00:00
p_qsxubmrtfw,Long Sleeve Tee | Loungewear | Charcoal Heather Gray,T-Shirts,0,0,0,2023-07-01 00:00:00
p_hrqsaa2u6g,Charcoal Heather Gray Loungewear Pant,Pants,0,0,0,2023-07-01 00:00:00
p_z9gg92dcqx,Charcoal Heather Gray Short Sleeve Polo Shirt,Polos,0,0,0,2023-07-01 00:00:00
p_3shyn5zkky,Charcoal Heather Gray Tall Crew T-Shirt,T-Shirts,0,0,0,2023-07-01 00:00:00
p_mvqwbcmhah,Charcoal Heather Gray Tall Round Hem Crew Neck T-Shirt,T-Shirts,0,0,0,2023-07-01 00:00:00
p_yupfqc6yfm,Charcoal Heather Gray Short Sleeve V-Neck T-Shirt,T-Shirts,0,0,0,2023-07-01 00:00:00
p_6k245nh69q,Crimson Long Sleeve Crew Neck T-Shirt,T-Shirts,0,0,0,2023-07-01 00:00:00
p_rhxjthz5x8,Dark Heather Burgundy Active Comfort Short,Swim Shorts,0,0,0,2023-07-01 00:00:00
p_ucy8r4cqe3,Dark Heather Burgundy Active Joggers,Sweatpants & Joggers,0,0,0,2023-07-01 00:00:00
p_2eh6mejec7,Dark Heather Cadet Active Crew Neck T-Shirt,T-Shirts,0,0,0,2023-07-01 00:00:00
p_sfn5q4bv26,Dark Heather Cadet Short Sleeve Active Polo Shirt,Polos,0,0,0,2023-07-01 00:00:00
p_ncvpa3z4h7,Dark Heather Cadet Long Sleeve Active Crew Neck T-Shirt,T-Shirts,0,0,0,2023-07-01 00:00:00
p_6njreat3aq,Dark Heather Cocoa Active Crew Neck T-Shirt,T-Shirts,0,0,0,2023-07-01 00:00:00
p_mjrxd2wgtf,Dark Heather Cocoa Short Sleeve Active Polo Shirt,Polos,0,0,0,2023-07-01 00:00:00
p_zf9muhc3as,Dark Heather Indigo Active Comfort Short,Shorts,0,0,0,2023-07-01 00:00:00
p_x5p88uuzy5,Dark Heather Indigo Active Joggers,Sweatpants & Joggers,0,0,0,2023-07-01 00:00:00
p_npx42jpcmt,Dark Heather Military Green Active Comfort Short,Shorts,0,0,0,2023-07-01 00:00:00
p_9m3e7uj62s,Dark Heather Military Green Active Joggers,Sweatpants & Joggers,0,0,0,2023-07-01 00:00:00
p_t2tpzxuynp,Dark Heather Navy Active Joggers,Sweatpants & Joggers,0,0,0,2023-07-01 00:00:00
p_vybqnpjdfb,Dark Heather Tempest Active Crew Neck T-Shirt,T-Shirts,0,0,0,2023-07-01 00:00:00
p_gzgm33n9cz,Dark Heather Tempest Short Sleeve Active Polo Shirt,Polos,0,0,0,2023-07-01 00:00:00
p_sph8dsebwy,Dark Oak Fleece French Terry Pullover Crew Neck Sweatshirt,Sweatshirt,0,0,0,2023-07-01 00:00:00
p_zpj5m6rzbh,Dark Oak Fleece French Terry Pullover Hoodie,Hoodie,0,0,0,2023-07-01 00:00:00
p_bvsv82u2jt,Dark Oak Fleece French Terry Zip Hoodie,Hoodie,0,0,0,2023-07-01 00:00:00
p_xdyn8gxhhe,Dark Oak Long Sleeve Waffle Crew,Sweatshirt,0,0,0,2023-07-01 00:00:00
p_hvyht2dd2v,Dark Oak Slim Twill Chino Pant,Pants,0,0,0,2023-07-01 00:00:00
p_9mtccasba9,Dark Oak Waffle Hoodie,Hoodie,0,0,0,2023-07-01 00:00:00
p_2wxxfw7mca,Dark Olive Fleece Shacket,Shirt Jackets,0,0,0,2023-07-01 00:00:00
p_b3ppfm2vay,Dark Olive Long Sleeve Waffle Crew,Shirt,0,0,0,2023-07-01 00:00:00
p_a6yxedr8jx,Dark Purple Short Sleeve V-Neck T-Shirt ,T-Shirts,0,0,0,2023-07-01 00:00:00
p_zwwudtzed5,Deep Sea Blue Heather Active Hoodie,Hoodie,0,0,0,2023-07-01 00:00:00
p_9y7p8njxta,Deep Sea Blue Heather Active Long Sleeve Crew T-Shirt,T-Shirts,0,0,0,2023-07-01 00:00:00
p_wht3v5efkm,Deep Sea Blue Long Sleeve Waffle Crew,T-Shirts,0,0,0,2023-07-01 00:00:00
p_z7xekuufwm,Ecru Do-It-All Comfort Long Sleeve Button Up Shirt,Button Down Shirts,0,0,0,2023-07-01 00:00:00
p_kvuhf7884a,Electric Blue Short Sleeve Polo Shirt,Polos,0,0,0,2023-07-01 00:00:00
p_ysyjzgmtu6,Evergreen Heather Active Hoodie,Hoodie,0,0,0,2023-07-01 00:00:00
p_shc7xvk932,Evergreen Heather Active Long Sleeve Crew Neck T-Shirt,T-Shirts,0,0,0,2023-07-01 00:00:00
p_2d43kb3hj3,Evergreen Heather Long Sleeve Waffle Crew,Sweatshirt,0,0,0,2023-07-01 00:00:00
p_yszdpmgyju,Evergreen Sweater Scarf,Scarf,0,0,0,2023-07-01 00:00:00
p_ydptv6rbpw,Gradient Classic Polarized Sunglasses,Sunglasses,0,0,0,2023-07-01 00:00:00
p_3wdph5p4a5,Gunmetal Puffer Vest,Outerwear Vests,0,0,0,2023-07-01 00:00:00
p_2c7s8a7bmw,Heather Black Active Jogger,Sweatpants & Joggers,0,0,0,2023-07-01 00:00:00
p_dny6u2yy3n,Heather Burgundy Active Crew Neck T-Shirt,T-Shirts,0,0,0,2023-07-01 00:00:00
p_5a5sfcgqkq,Heather Burgundy Active Long Sleeve Crew Neck T-Shirt,T-Shirts,0,0,0,2023-07-01 00:00:00
p_ctw749pxad,Heather Burgundy Long Sleeve Crew Neck T-Shirt,T-Shirts,0,0,0,2023-07-01 00:00:00
p_pqwkc9p2hu,Heather Burgundy Short Sleeve Crew Neck T-Shirt,T-Shirts,0,0,0,2023-07-01 00:00:00
p_a2wcem7cms,Heather Burgundy Short Sleeve V-Neck T-Shirt,T-Shirts,0,0,0,2023-07-01 00:00:00
p_25hy766nzk,Heather Cayenne Short Sleeve Crew Neck T-Shirt,T-Shirts,0,0,0,2023-07-01 00:00:00
p_x7cgdhmyp3,Heather Navy Short Sleeve Polo Shirt,Polos,0,0,0,2023-07-01 00:00:00
p_2hkre8aznc,Military Green Tall Straight Hem Crew Neck T-Shirt,T-Shirts,0,0,0,2023-07-01 00:00:00
p_73kjt62een,Heather Cayenne Short Sleeve Polo Shirt,Polos,0,0,0,2023-07-01 00:00:00
p_dpgtwv5dut,Heather Cayenne Short Sleeve Tall Polo,Polos,0,0,0,2023-07-01 00:00:00
p_rpenkmstmg,Heather Centurion Active Crew Neck T-Shirt,T-Shirts,0,0,0,2023-07-01 00:00:00
p_kzqm93unyy,Heather Cocoa Active Crew Neck T-Shirt,T-Shirts,0,0,0,2023-07-01 00:00:00
p_rua2yj3jmt,Heather Dark Oak Crew Short Sleeve Neck T-Shirt,T-Shirts,0,0,0,2023-07-01 00:00:00
p_cve5gy56m8,Heather Dark Oak Short Sleeve V-Neck T-Shirt,T-Shirts,0,0,0,2023-07-01 00:00:00
p_cvrhss99ts,Heather Dark Orchid Short Sleeve V-Neck T-Shirt,Shirt,0,0,0,2023-07-01 00:00:00
p_y3r2ug2mpu,Heather Forest Active Crew Neck T-Shirt,T-Shirts,0,0,0,2023-07-01 00:00:00
p_h75hjs7973,Heather Forest Short Sleeve Active Polo Shirt,Polos,0,0,0,2023-07-01 00:00:00
p_x5pshyk4q9,Heather Graphite Short Sleeve Polo Shirt,Polos,0,0,0,2023-07-01 00:00:00
p_g4xkdswn5e,Heather Gray Active Comfort Short,Shorts,0,0,0,2023-07-01 00:00:00
p_9p8bns7rmp,Heather Gray Active Crew Socks 3-Pack,Socks,0,0,0,2023-07-01 00:00:00
p_bjecaeres5,Heather Gray Active Never Show Socks 3-Pack,Socks,0,0,0,2023-07-01 00:00:00
p_nw97q8x9x2,Heather Gray Ankle Socks 3-Pack,Socks,0,0,0,2023-07-01 00:00:00
p_n3jnq4u8q7,Heather Gray Crew Neck Sweater,Knit Sweaters,0,0,0,2023-07-01 00:00:00
p_gbh9ypmsjv,Heather Gray Do-It-All Comfort Long Sleeve Button Up Shirt,Button Down Shirts,0,0,0,2023-07-01 00:00:00
p_bz2jmxhgzb,Heather Gray Fleece French Terry Joggers,Sweatpants & Joggers,0,0,0,2023-07-01 00:00:00
p_dvj7aj4rxq,Heather Gray Fleece French Terry Pullover Crew Neck Sweatshirt,Sweatshirt,0,0,0,2023-07-01 00:00:00
p_ttdapkruav,Heather Gray Fleece French Terry Pullover Hoodie,Hoodie,0,0,0,2023-07-01 00:00:00
p_e3w27784ez,Heather Gray Long Sleeve Lightweight Flannel Shirt,Button Down Shirts,0,0,0,2023-07-01 00:00:00
p_7cvqeq727k,Heather Gray Long Sleeve Polo Shirt,Polos,0,0,0,2023-07-01 00:00:00
p_36tjt6cs8z,Heather Gray Pique Crew Sweater,Knit Sweaters,0,0,0,2023-07-01 00:00:00
p_mbdbf8ya5d,Heather Gray Sweater Long Sleeve Button Up Shirt,Button Down Shirts,0,0,0,2023-07-01 00:00:00
p_gzymf76rmw,Heather Navy Loungewear Jogger,Sweatpants & Joggers,0,0,0,2023-07-01 00:00:00
p_8nxyvmkrbc,Heather Navy Loungewear Pant,Pants,0,0,0,2023-07-01 00:00:00
p_yb98yp2sqv,Indigo Rinse Slim Authentic Stretch Jeans,Jeans,0,0,0,2023-07-01 00:00:00
p_juu2rq3qu8,Indigo Rinse Straight Authentic Stretch Jeans,Jeans,0,0,0,2023-07-01 00:00:00
p_jwjqtb338j,Khaki Comfort Chino Pants,Pants,0,0,0,2023-07-01 00:00:00
p_t83m3bqcj4,Khaki Commuter Pant,Pants,0,0,0,2023-07-01 00:00:00
p_spf5g5jf32,Khaki Slim Twill Chino,Pants,0,0,0,2023-07-01 00:00:00
p_jx3q5n329x,Khaki Straight Twill Chino,Pants,0,0,0,2023-07-01 00:00:00
p_rhugz6jch8,Light Indigo Wash Slim Authentic Stretch Jeans,Jeans,0,0,0,2023-07-01 00:00:00
p_katetzgtwe,Light Indigo Wash Straight Authentic Stretch Jeans,Jeans,0,0,0,2023-07-01 00:00:00
p_s57sjtnm4q,Meadow Straight Twill Chino,Pants,0,0,0,2023-07-01 00:00:00
p_d3c8r9bpvv,Medium Indigo Wash Slim Authentic Stretch Jeans,Jeans,0,0,0,2023-07-01 00:00:00
p_xgzt58skmg,Medium Indigo Wash Straight Authentic Stretch Jeans,Jeans,0,0,0,2023-07-01 00:00:00
p_egd9fym6xg,Navy Commuter Pant,Pants,0,0,0,2023-07-01 00:00:00
p_ymb5bq3vdv,Navy Fleece Shacket,Shirt Jackets,0,0,0,2023-07-01 00:00:00
p_accagka8uw,Reversible Dress Belt,Belt,0,0,0,2023-07-01 00:00:00
p_pjpnhtycns,Sandstone Commuter Pant,Pants,0,0,0,2023-07-01 00:00:00
p_dks9q92uqc,Heather Gray Tall Round Hem Crew Neck T-Shirt,T-Shirts,0,0,0,2023-07-01 00:00:00
p_udqn8s72v2,Navy Tall Round Hem Crew Neck T-Shirt,T-Shirts,0,0,0,2023-07-01 00:00:00
p_8y5vsf82td,Heather Emerald Short Sleeve Crew Neck T-Shirt,T-Shirts,0,0,0,2023-07-01 00:00:00
p_xqh3f9cwus,Heather Emerald Short Sleeve V-Neck T-Shirt,T-Shirts,0,0,0,2023-07-01 00:00:00
p_vst6extntp,Heather Gray Active Jogger,Sweatpants & Joggers,0,0,0,2023-07-01 00:00:00
p_75cz36rfz9,Heather Gray Sweater Hoodie,Hoodie,0,0,0,2023-07-01 00:00:00
p_6cj8gtxf2x,Heather Gray Tall Long Sleeve T-Shirt,Shirt,0,0,0,2023-07-01 00:00:00
p_34upddt2cp,Heather Gray Tall Straight Hem Crew Neck T-Shirt,T-Shirts,0,0,0,2023-07-01 00:00:00
p_behk4g2psv,Heather Gray Short Sleeve V-Neck T-Shirt,T-Shirts,0,0,0,2023-07-01 00:00:00
p_kgcgy98rwb,Heather Gray Waffle Hoodie,Hoodie,0,0,0,2023-07-01 00:00:00
p_6suxvjsvfc,Heather Indigo Tall Round Hem Crew Neck T-Shirt,T-Shirts,0,0,0,2023-07-01 00:00:00
p_jpmpa7s5yw,Heather Indigo Short Sleeve V-Neck T-Shirt,T-Shirts,0,0,0,2023-07-01 00:00:00
p_4pdddcg9t6,Heather Military Green Long Sleeve Crew T-Shirt,T-Shirts,0,0,0,2023-07-01 00:00:00
p_284qkebjr8,Heather Military Green Short Sleeve Polo Shirt,Polos,0,0,0,2023-07-01 00:00:00
p_tbp6wvu828,Heather Military Green Short Sleeve V-Neck T-Shirt,T-Shirts,0,0,0,2023-07-01 00:00:00
p_x8z28nbvwg,Heather Mist Short Sleeve Crew Neck T-Shirt,T-Shirts,0,0,0,2023-07-01 00:00:00
p_rejmm7td92,Heather Mist Short Sleeve V-Neck T-Shirt,T-Shirts,0,0,0,2023-07-01 00:00:00
p_6wj7x98tcn,Heather Navy Active Comfort Crew Sweatshirt,Sweatshirt,0,0,0,2023-07-01 00:00:00
p_mtqhyqahab,Heather Navy Active Comfort Pullover Hoodie,Hoodie,0,0,0,2023-07-01 00:00:00
p_bxnehsqcdv,Heather Navy Short Sleeve Active Polo Shirt,Polos,0,0,0,2023-07-01 00:00:00
p_7bmuq9q6qw,Heather Navy Long Sleeve Ripstop Commuter Shirt,Shirt,0,0,0,2023-07-01 00:00:00
p_g6dg3x3nta,Heather Navy Pique Crew Sweater,Knit Sweaters,0,0,0,2023-07-01 00:00:00
p_5gc6jyy4vw,Heather Navy Tall Round Hem Crew Neck T-Shirt,T-Shirts,0,0,0,2023-07-01 00:00:00
p_u4zzshtv4s,Heather Navy Short Sleeve V-Neck T-Shirt,Shirt,0,0,0,2023-07-01 00:00:00
p_7tce4kfut5,Heather Oatmeal Crew Neck Sweater,Knit Sweaters,0,0,0,2023-07-01 00:00:00
p_eyc8fnh7za,Heather Purple Short Sleeve Crew Neck T-Shirt,T-Shirts,0,0,0,2023-07-01 00:00:00
p_fzwwcz6x6s,Heather Sage Short Sleeve Crew Neck T-Shirt,T-Shirts,0,0,0,2023-07-01 00:00:00
p_xvg4py479t,Heather Sage V-Neck Short Sleeve T-Shirt,T-Shirts,0,0,0,2023-07-01 00:00:00
p_up97jdnnsw,Heather Sapphire Short Sleeve Crew Neck T-Shirt,T-Shirts,0,0,0,2023-07-01 00:00:00
p_84xru5kzx9,Heather Dusty Pink Short Sleeve Crew Neck T-Shirt,T-Shirts,0,0,0,2023-07-01 00:00:00
p_xrvchd55bc,Heather Military Green Short Sleeve Tall Crew,Screen Printed T-Shirts,0,0,0,2023-07-01 00:00:00
p_xqcme6qpqk,Heather Navy Active Comfort Full Zip Hoodie,Hoodie,0,0,0,2023-07-01 00:00:00
p_5f676x59tf,Long Sleeve Tee | Loungewear | Heather Navy,T-Shirts,0,0,0,2023-07-01 00:00:00
p_ztgcvk5gkn,Short Sleeve Tee | Loungewear | Heather Navy,T-Shirts,0,0,0,2023-07-01 00:00:00
p_spgwfvgehe,Heather Navy Sweater Long Sleeve Button Up Shirt,Button Down Shirts,0,0,0,2023-07-01 00:00:00
p_6mr5zpx479,Indigo Wash Straight Fit Comfort Jeans,Jeans,0,0,0,2023-07-01 00:00:00
p_5bvpjy99x9,Ivory Active Jacket,Jacket,0,0,0,2023-07-01 00:00:00
p_23ej4qec4x,Khaki Coaches Jacket,Jacket,0,0,0,2023-07-01 00:00:00
p_ukpa96wyhm,Light Gray Stretch Oxford Long Sleeve Button Up Shirt,Button Down Shirts,0,0,0,2023-07-01 00:00:00
p_mzcrkdhuvj,Light Heather Gray Tall Round Hem Crew Neck T-Shirt,T-Shirts,0,0,0,2023-07-01 00:00:00
p_f7jft6kfqg,Light Indigo Wash Long Sleeve Chambray Shirt,Shirt,0,0,0,2023-07-01 00:00:00
p_ae6rxxhgmc,Medium Indigo Wash Long Sleeve Chambray Shirt,Shirt,0,0,0,2023-07-01 00:00:00
p_4axmubbqfb,Medium Indigo Wash Slim Fit Comfort Jeans,Jeans,0,0,0,2023-07-01 00:00:00
p_6b6wk8uxa6,Military Green Comfort Chino Pants,Pants,0,0,0,2023-07-01 00:00:00
p_ewa8pkqm8u,Military Green Fleece French Terry Jogger,Sweatpants & Joggers,0,0,0,2023-07-01 00:00:00
p_9fu3j9tbue,Military Green Tall Round Hem Crew Neck T-Shirt,T-Shirts,0,0,0,2023-07-01 00:00:00
p_26dpvscejy,Navy Comfort Chino Pants,Pants,0,0,0,2023-07-01 00:00:00
p_gqs2hwpkjy,Navy Commuter Long Sleeve Button Up Shirt,Shirt,0,0,0,2023-07-01 00:00:00
p_e58dmnpc9e,Navy Fleece French Terry Jogger,Sweatpants & Joggers,0,0,0,2023-07-01 00:00:00
p_r3gbt3j2kw,Navy Long Sleeve Button Up Shirt,Shirt,0,0,0,2023-07-01 00:00:00
p_byy2kmxasx,Navy Long Sleeve Lightweight Flannel Shirt,Shirt,0,0,0,2023-07-01 00:00:00
p_dr2dsqwwjd,Navy Performance Lightweight Dress Shirt,Button Down Shirts,0,0,0,2023-07-01 00:00:00
p_2d9wqf9yrd,Navy Puffer Vest,Outerwear Vests,0,0,0,2023-07-01 00:00:00
p_m753ak35t9,Navy Stretch Oxford Long Sleeve Button Up Shirt,Shirt,0,0,0,2023-07-01 00:00:00
p_wzprzguypw,Sandstone Comfort Chino Pants,Pants,0,0,0,2023-07-01 00:00:00
p_fyejvaduhb,Stone Blue Active Jogger,Sweatpants & Joggers,0,0,0,2023-07-01 00:00:00
p_gv8hh5kma3,Stone Stretch Oxford Long Sleeve Button Up Shirt,Button Down Shirts,0,0,0,2023-07-01 00:00:00
p_9absn9mpzt,Suede Brown Comfort Chino Pant,Pants,0,0,0,2023-07-01 00:00:00
p_f3zjdpjr6y,White Active Ankle Socks 3-Pack,Socks,0,0,0,2023-07-01 00:00:00
p_vdzeqmc9rs,White Active Crew Socks 3-Pack,Socks,0,0,0,2023-07-01 00:00:00
p_u9kx69bqms,White Active Never Show Socks 3-Pack,Socks,0,0,0,2023-07-01 00:00:00
p_jybua995rp,White Long Sleeve Button Up Shirt,Button Down Shirts,0,0,0,2023-07-01 00:00:00
p_yabrk8yt6y,White Commuter Long Sleeve Button Up Shirt,Button Down Shirts,0,0,0,2023-07-01 00:00:00
p_jc3jqkdafw,White Commuter Short Sleeve Button Up,Button Down Shirts,0,0,0,2023-07-01 00:00:00
p_hvfwhakq9c,White Performance Lightweight Dress Shirt,Button Down Shirts,0,0,0,2023-07-01 00:00:00
p_btfq53bzn6,White Short Sleeve Active Polo Shirt,Polos,0,0,0,2023-07-01 00:00:00
p_p42j2ebh8r,White Short Sleeve Button Up Shirt,Shirt,0,0,0,2023-07-01 00:00:00
p_xug2xuwpqn,White Stretch Oxford Long Sleeve Button Up Shirt,Shirt,0,0,0,2023-07-01 00:00:00
p_2xrckgaktx,White Tall Round Hem Crew Neck T-Shirt,T-Shirts,0,0,0,2023-07-01 00:00:00
p_p29249kscd,White Waffle Hoodie,Hoodie,0,0,0,2023-07-01 00:00:00
p_395td7np9f,Heather Military Green Short Sleeve Tall Polo Shirt,Polos,0,0,0,2023-07-01 00:00:00
p_tmjb73g498,Heather Navy Short Sleeve Tall Polo Shirt,Polos,0,0,0,2023-07-01 00:00:00
p_p7dtyf9kd8,Heather Pale Blue Short Sleeve V-Neck T-Shirt,T-Shirts,0,0,0,2023-07-01 00:00:00
p_3fgxkpaxye,Heather Seafarer Short Sleeve Polo Shirt,Polos,0,0,0,2023-07-01 00:00:00
p_jre675wesy,Heather Seafarer Short Sleeve Tall Polo Shirt,Polos,0,0,0,2023-07-01 00:00:00
p_mqgpa9st88,Heather Sapphire Short Sleeve V-Neck T-Shirt,T-Shirts,0,0,0,2023-07-01 00:00:00
p_vaexg8brvb,Heather Navy Short Sleeve Tall Crew,T-Shirts,0,0,0,2023-07-01 00:00:00
p_dqknx7njuf,Heather Slate Green Short Sleeve Polo Shirt,Polos,0,0,0,2023-07-01 00:00:00
p_zscv6ea69y,Heather Voyager Short Sleeve Crew Neck T-Shirt,T-Shirts,0,0,0,2023-07-01 00:00:00
p_jzwpw7njj6,Heather Voyager Short Sleeve Polo Shirt,Polos,0,0,0,2023-07-01 00:00:00
p_6e9uas44v6,Heather Voyager Short Sleeve V-Neck T-Shirt,T-Shirts,0,0,0,2023-07-01 00:00:00
p_28xdw49sqx,Indigo Short Sleeve Crew Neck T-Shirt,T-Shirts,0,0,0,2023-07-01 00:00:00
p_79pyfxzssb,Indigo Short Sleeve V-Neck T-Shirt,T-Shirts,0,0,0,2023-07-01 00:00:00
p_cje82wcjgv,Iron Gray Active Crew Neck T-Shirt,T-Shirts,0,0,0,2023-07-01 00:00:00
p_42exp9424a,Light Heather Gray Active Crew Neck T-Shirt,T-Shirts,0,0,0,2023-07-01 00:00:00
p_8v2uvftad7,Light Heather Gray Short Sleeve Crew Neck T-Shirt,T-Shirts,0,0,0,2023-07-01 00:00:00
p_39k28x38p7,Light Heather Gray Short Sleeve Polo Shirt,Polos,0,0,0,2023-07-01 00:00:00
p_cgxstjpjhj,Light Khaki Short Sleeve Crew Neck T-Shirt,T-Shirts,0,0,0,2023-07-01 00:00:00
p_4rudftw6u6,Lilac Gray Short Sleeve V-Neck T-Shirt,T-Shirts,0,0,0,2023-07-01 00:00:00
p_zymrwj8fj9,Mahogany Short Sleeve Crew Neck T-Shirt,T-Shirts,0,0,0,2023-07-01 00:00:00
p_6b99p4bqsk,Mahogany Short Sleeve Polo Shirt,Polos,0,0,0,2023-07-01 00:00:00
p_tgudk6vxpb,Military Beige Short Sleeve V-Neck T-Shirt,T-Shirts,0,0,0,2023-07-01 00:00:00
p_cbxu2v3ntm,Military Green Short Sleeve Active Crew Neck T-Shirt,T-Shirts,0,0,0,2023-07-01 00:00:00
p_j9ak85wp57,Military Green Active Quick Dry Short with Liner,Shorts,0,0,0,2023-07-01 00:00:00
p_tfc9aqbuz4,Military Green Short Sleeve Crew Neck T-Shirt,T-Shirts,0,0,0,2023-07-01 00:00:00
p_ch6qn6a8en,Military Green Short Sleeve V-Neck T-Shirt,T-Shirts,0,0,0,2023-07-01 00:00:00
p_t4px9w63de,Navy Short Sleeve Crew Neck T-Shirt,T-Shirts,0,0,0,2023-07-01 00:00:00
p_cty4s4ehz9,Orange Short Sleeve V-Neck T-Shirt,T-Shirts,0,0,0,2023-07-01 00:00:00
p_wc3k5eupk3,Oxford Blue Short Sleeve V-Neck T-Shirt,T-Shirts,0,0,0,2023-07-01 00:00:00
p_zc2fube8nb,Periwinkle Blue Short Sleeve Polo Shirt,Polos,0,0,0,2023-07-01 00:00:00
p_hed6qt6arh,Raspberry Short Sleeve Polo Shirt,Polos,0,0,0,2023-07-01 00:00:00
p_uwx92gahmk,Mahogany Long Sleeve Henley,T-Shirts,0,0,0,2023-07-01 00:00:00
p_mdphbu2y54,Indigo Long Sleeve T-Shirt,T-Shirts,0,0,0,2023-07-01 00:00:00
p_vhh2e6dge7,Mellow Yellow Short Sleeve Crew Neck T-Shirt,T-Shirts,0,0,0,2023-07-01 00:00:00
p_w24fe8f3xz,Mellow Yellow Short Sleeve V-Neck T-Shirt,T-Shirts,0,0,0,2023-07-01 00:00:00
p_77barf9kfn,Mahogany Long Sleeve Waffle Crew,Sweatshirt,0,0,0,2023-07-01 00:00:00
p_624s29xq4x,Sweater Scarf | Black,Scarf,0,0,0,2023-07-01 00:00:00
p_c4xj5zhjn2,Heather Navy Sweater Button Up Shirt,Button Down Shirts,0,0,0,2023-07-01 00:00:00
p_qek9etj5vj,Heather Voyager Short Sleeve Crew Neck T-Shirt,Shirt,0,0,0,2023-07-01 00:00:00
p_u9qz9yabud,Indigo Wash Slim Fit Comfort Jeans,Jeans,0,0,0,2023-07-01 00:00:00
p_h5b94d3deu,Centurion Short Sleeve Sweater Polo,Polos,0,0,0,2023-07-01 00:00:00
p_erspmns4ce,Heather Seafarer Short Sleeve V-Neck Neck T-Shirt,Shirt,0,0,0,2023-07-01 00:00:00
p_q4h28hmd8q,Never Show Socks | Active | 3-Pack | Black,Socks,0,0,0,2023-07-01 00:00:00
p_aj2ry7xdv9,"Chino Shorts | Comfort | 7"" | Rosewood",Shorts,0,0,0,2023-07-01 00:00:00
p_9y7cp9jumm,"Shorts | Classic Twill | 9"" | Sandstone",Shorts,0,0,0,2023-07-01 00:00:00
p_3pskc4cwbp,"Shorts | Classic Twill | 9"" Khaki",Shorts,0,0,0,2023-07-01 00:00:00
p_6bn53rdnz2,"Shorts | Classic Twill | 9"" | Navy",Shorts,0,0,0,2023-07-01 00:00:00
p_h4877neu4n,Sandstone Commuter Short,Shorts,0,0,0,2023-07-01 00:00:00
p_xsbj94sm6q,Heather Gray Fleece French Terry Short,Shorts,0,0,0,2023-07-01 00:00:00
p_jqam2z9s7w,"Chino Shorts | Comfort | 9"" | Ivory",Shorts,0,0,0,2023-07-01 00:00:00
p_kvcynwabcy,"Chino Shorts | Comfort | 9"" | Sandstone",Shorts,0,0,0,2023-07-01 00:00:00
p_7y7ms9wtr4,Shorts | Active Comfort | Black,Shorts,0,0,0,2023-07-01 00:00:00
p_r5du83g9df,Shorts | Active | Quick Dry with Liner | Black,Swim Shorts,0,0,0,2023-07-01 00:00:00
p_7pvp4dcq5n,Carbon Active Quick Dry Short with Liner,Swim Shorts,0,0,0,2023-07-01 00:00:00
p_gmhetj6qvj,Long Sleeve Button Up Shirt | Stretch Oxford | Banker Blue,Button Down Shirts,0,0,0,2023-07-01 00:00:00
p_8q3s9r6qwu,Hoodie | Active Comfort | Full Zip | Black,Hoodie,0,0,0,2023-07-01 00:00:00
p_fc9era585c,Jacket | Active | Black,Athletic Jackets,0,0,0,2023-07-01 00:00:00
p_m26ckp2n6s,Black Tall Round Hem Crew Neck T-Shirt,T-Shirts,0,0,0,2023-07-01 00:00:00
p_cfg5xu3gvw,Dark Olive Short Sleeve Crew Neck T-Shirt,T-Shirts,0,0,0,2023-07-01 00:00:00
p_yhput7au44,Dark Olive Long Sleeve Henley,T-Shirts,0,0,0,2023-07-01 00:00:00
p_ez9ax3esv6,Emerald Long Sleeve Crew Neck T-Shirt,T-Shirts,0,0,0,2023-07-01 00:00:00
p_8vx6ygsmsd,Heather Gray Hooded Long Sleeve T-Shirt,Hoodie,0,0,0,2023-07-01 00:00:00
p_23ubcbvz89,Heather Gray Never Show Socks 3-Pack,Socks,0,0,0,2023-07-01 00:00:00
p_pz6x448p9t,Heather Gray Short Sleeve Sweater Polo Shirt,Knit Tops,0,0,0,2023-07-01 00:00:00
p_jg78h55jmw,Heather Gray Sweater Beanie,Beanie,0,0,0,2023-07-01 00:00:00
p_w7ysprckp8,Heather Navy Active Comfort Straight Leg Pant,Sweatpants & Joggers,0,0,0,2023-07-01 00:00:00
p_8nnyqj3ewe,Heather Emerald Tall Round Hem Crew Neck T-Shirt,T-Shirts,0,0,0,2023-07-01 00:00:00
p_ttezb89gxf,Heather Mauve Short Sleeve Crew Neck T-Shirt,T-Shirts,0,0,0,2023-07-01 00:00:00
p_qtjb9pcnn3,Heather Navy Active Shell Jacket,Jacket,0,0,0,2023-07-01 00:00:00
p_f92h3kv2cv,Heather Pale Blue Short Sleeve Crew Neck T-Shirt,T-Shirts,0,0,0,2023-07-01 00:00:00
p_vjgaj8nyrd,Heather Gray Sweater Scarf,Scarf,0,0,0,2023-07-01 00:00:00
p_dy7mjs4bpm,Sleeveless Muscle Tee | Active | Light Heather Gray,Tank Top,0,0,0,2023-07-01 00:00:00
p_6sdgsje2m3,Mahogany Fleece French Terry Jogger,Sweatpants & Joggers,0,0,0,2023-07-01 00:00:00
p_xfct3t2vkk,Mahogany Waffle Hoodie,Hoodie,0,0,0,2023-07-01 00:00:00
p_wtnvenruq9,Medium indigo Wash Straight Fit Comfort Jeans,Jeans,0,0,0,2023-07-01 00:00:00
p_v8pfb5wryd,Military Green Waffle Hoodie,Hoodie,0,0,0,2023-07-01 00:00:00
p_x525p5gyt4,Moss Short Sleeve Sweater Polo Shirt,T-Shirts,0,0,0,2023-07-01 00:00:00
p_t58yx24wsb,Navy Hooded Long Sleeve T-Shirt,Sweatshirt,0,0,0,2023-07-01 00:00:00
p_msfd479sz8,Navy Short Sleeve Button Up Shirt,Shirt,0,0,0,2023-07-01 00:00:00
p_mau5qbhasg,Navy Short Sleeve Sweater Polo Shirt,Knit Sweaters,0,0,0,2023-07-01 00:00:00
p_kccxqadagn,Navy Waffle Hoodie,Hoodie,0,0,0,2023-07-01 00:00:00
p_dbg2vhd8gn,Navy Waffle Long Sleeve Crew Neck,Sweatshirt,0,0,0,2023-07-01 00:00:00
p_7kzk6kwsxk,Oatmeal Sweater Hoodie,Hoodie,0,0,0,2023-07-01 00:00:00
p_xhubfpt2bh,Olive Long Sleeve Ripstop Commuter Shirt,Shirt,0,0,0,2023-07-01 00:00:00
p_29wrd4wkfa,Pale Blue Button Up Shirt,Button Down Shirts,0,0,0,2023-07-01 00:00:00
p_u2rhgedcvp,White Long Sleeve Polo Shirt,Polos,0,0,0,2023-07-01 00:00:00
p_5e7t6v6gv8,Heather Sapphire Short Sleeve V-Neck T-Shirt,T-Shirts,0,0,0,2023-07-01 00:00:00
p_wctjf5cy38,Heather Seafarer Short Sleeve Crew Neck T-Shirt,T-Shirts,0,0,0,2023-07-01 00:00:00
p_dxzcer2fk8,Heather Slate Green Short Sleeve Crew Neck T-Shirt,T-Shirts,0,0,0,2023-07-01 00:00:00
p_dbcpnaxxzz,Navy Boxer Briefs 3-Pack,Underwear,0,0,0,2023-07-01 00:00:00
p_4juc2hdg85,Navy Tall Straight Hem Crew Neck T-Shirt,T-Shirts,0,0,0,2023-07-01 00:00:00
p_drc7rrjfsv,Mahogany Long Sleeve T-Shirt,Shirt,0,0,0,2023-07-01 00:00:00
p_rpcku7uhxu,Mahogany Short Sleeve V-Neck T-Shirt,T-Shirts,0,0,0,2023-07-01 00:00:00
p_jj6vbqjbcj,Navy Boxer Trunks 3-Pack,Underwear,0,0,0,2023-07-01 00:00:00
p_zm5cpgbxrk,Sapphire Short Sleeve Crew Neck T-Shirt,T-Shirts,0,0,0,2023-07-01 00:00:00
p_npv4nzv5x2,Sapphire Short Sleeve Polo Shirt,Polos,0,0,0,2023-07-01 00:00:00
p_ps2ys9u9da,Short Sleeve T-Shirt | Crew Neck | Steel,T-Shirts,0,0,0,2023-07-01 00:00:00
p_wue6hk6hmr,Short Sleeve T-Shirt | V-Neck | Steel,T-Shirts,0,0,0,2023-07-01 00:00:00
p_avsdr3kjaw,Military Green Boxer Briefs 3-Pack,Underwear,0,0,0,2023-07-01 00:00:00
p_9xxg4dd5wv,Navy Tall Long Sleeve T-Shirt,Shirt,0,0,0,2023-07-01 00:00:00
p_4qvba3a9f7,Off White Short Sleeve Crew Neck T-Shirt,T-Shirts,0,0,0,2023-07-01 00:00:00
p_rh632vzkvf,Raspberry Short Sleeve Crew Neck T-Shirt,T-Shirts,0,0,0,2023-07-01 00:00:00
p_jgnjyyepyv,White Short Sleeve Crew Neck T-Shirt,T-Shirts,0,0,0,2023-07-01 00:00:00
p_2nzpxxx9qd,White Tall Long Sleeve T-Shirt,T-Shirts,0,0,0,2023-07-01 00:00:00
p_fsr8s5rfne,Navy Tall Active Crew Neck,T-Shirts,0,0,0,2023-07-01 00:00:00
p_xzhwz3h8uh,Heather Light Khaki Crew Neck,Sweatshirt,0,0,0,2023-07-01 00:00:00
p_g2f7b4qvq8,Kelly Green Short Sleeve Crew Neck T-Shirt,T-Shirts,0,0,0,2023-07-01 00:00:00
p_jdmt24d7hn,Pale Blue Short Sleeve Crew Neck T-Shirt,T-Shirts,0,0,0,2023-07-01 00:00:00
p_xx645fy2er,Pink Opal Short Sleeve Crew Neck T-Shirt,T-Shirts,0,0,0,2023-07-01 00:00:00
p_m9zcd62yqy,Sandstone Short Sleeve Crew Neck T-Shirt,T-Shirts,0,0,0,2023-07-01 00:00:00
p_4m97kku3wq,Tan 499 Short Sleeve Crew Neck T-Shirt,T-Shirts,0,0,0,2023-07-01 00:00:00
p_6q2v79acx5,Light Blue Short Sleeve V-Neck T-Shirt,T-Shirts,0,0,0,2023-07-01 00:00:00
p_ce7amvu2k2,Light Heather Short Sleeve Gray V-Neck T-Shirt,T-Shirts,0,0,0,2023-07-01 00:00:00
p_ar4zzgjk5p,Periwinkle Blue Short Sleeve Crew Neck T-Shirt,T-Shirts,0,0,0,2023-07-01 00:00:00
p_e34ttzx6kf,True Red Short Sleeve Crew Neck T-Shirt,T-Shirts,0,0,0,2023-07-01 00:00:00
p_qsrzg2ce35,Turquoise Short Sleeve Crew Neck T-Shirt,T-Shirts,0,0,0,2023-07-01 00:00:00
p_bg7f7edphc,Stone Blue Active Comfort Short,Shorts,0,0,0,2023-07-01 00:00:00
p_ka34xhhhr8,Indigo Boxer Briefs 3-Pack,Underwear,0,0,0,2023-07-01 00:00:00
p_axzk47pvme,Teal Boxer Briefs 3-Pack,Underwear,0,0,0,2023-07-01 00:00:00
p_cnrb9yncvy,White Half Crew Sock 3-Pack,Socks,0,0,0,2023-07-01 00:00:00
p_pkqtyg3hqm,White Never Show Socks 3-Pack,Socks,0,0,0,2023-07-01 00:00:00
p_8q6fwp8wgq,Yellow Short Sleeve Polo Shirt,Polos,0,0,0,2023-07-01 00:00:00
p_8497zwuxp3,Mahogany Fleece French Terry Pullover Crew Sweatshirt,Sweatshirt,0,0,0,2023-07-01 00:00:00
p_dcqnnrpypu,Long Sleeve Tee And Jogger Set | Loungewear | Charcoal Heather Gray,Sweatshirt,0,0,0,2023-07-01 00:00:00
p_cc9s42vn4x,Short Sleeve Tee And Pant Set | Loungewear | Charcoal Heather Gray,Sweatpants & Joggers,0,0,0,2023-07-01 00:00:00
p_zwuqmdbfnt,Charcoal Heather Gray Short Sleeve Tall Active Crew Neck,T-Shirts,0,0,0,2023-07-01 00:00:00
p_un65wg283k,Long Sleeve Tee And Jogger Set | Loungewear | Heather Navy,Sweatshirt,0,0,0,2023-07-01 00:00:00
p_pqxd5rn6d9,Short Sleeve Tee And Pant Set | Loungewear | Heather Navy,Lounge Sweatpants & Joggers,0,0,0,2023-07-01 00:00:00
p_pznn6yemfk,Heather Navy Quarter Zip Performance Shirt,Athletic Tops,0,0,0,2023-07-01 00:00:00
p_f8nexh4476,Heather Navy Short Sleeve Tall Active Crew Neck,T-Shirts,0,0,0,2023-07-01 00:00:00
p_v4vw7cyjx6,White Short Sleeve Tall Active Crew Neck,T-Shirts,0,0,0,2023-07-01 00:00:00
p_fbcq86jv23,Heather Dusty Pink Short Sleeve V-Neck T-Shirt,T-Shirts,0,0,0,2023-07-01 00:00:00
p_d47n8u8fab,Black Long Sleeve Henley,Shirt,0,0,0,2023-07-01 00:00:00
p_7ekanr458k,Heather Burgundy Active Crew Neck T-Shirt,Shirt,0,0,0,2023-07-01 00:00:00
p_adhb2jnwk7,Military Green Tall Straight Hem Crew Neck T-Shirt,T-Shirts,0,0,0,2023-07-01 00:00:00
p_4xegh3d2dq,White Short Sleeve Active Polo Shirt,Polos,0,0,0,2023-07-01 00:00:00
p_jgj485u9gx,Heather Gray Hooded Long Sleeve T-Shirt,Hoodie,0,0,0,2023-07-01 00:00:00
p_5uvd4uv28m,Mahogany Waffle Hoodie,Hoodie,0,0,0,2023-07-01 00:00:00
p_qh5ucmcku5,Military Green Waffle Hoodie,Hoodie,0,0,0,2023-07-01 00:00:00
p_wrcbv4f2uu,Navy Hooded Long Sleeve T-Shirt,Sweatshirt,0,0,0,2023-07-01 00:00:00
p_3rcm54jqbs,Navy Waffle Hoodie,Hoodie,0,0,0,2023-07-01 00:00:00
p_vjd833ph3z,White Waffle Hoodie,Hoodie,0,0,0,2023-07-01 00:00:00
p_5uapency29,Navy Waffle Long Sleeve Crew Neck,Sweatshirt,0,0,0,2023-07-01 00:00:00
p_4ssfur9upr,Pale Blue Button Up Shirt,Button Down Shirts,0,0,0,2023-07-01 00:00:00
p_u9t2zm725p,Short Sleeve Active Polo Shirt | Black,Polos,0,0,0,2023-07-01 00:00:00
p_mnk33hmpwg,White Short Sleeve Active Polo,Polos,0,0,0,2023-07-01 00:00:00
p_ch7bwuavhv,Heather Gray Sweater Scarf,Scarf,0,0,0,2023-07-01 00:00:00
p_5crt48k7v7,Navy Short Sleeve Button Up Shirt,Shirt,0,0,0,2023-07-01 00:00:00
p_r6t642amsw,White Short Sleeve Button Up Shirt,Shirt,0,0,0,2023-07-01 00:00:00
p_pzx9wvv4qb,Heather Mauve Short Sleeve Crew Neck T-Shirt,T-Shirts,0,0,0,2023-07-01 00:00:00
p_tvdv27amhe,Heather Navy Active Comfort Straight Leg Pant,Sweatpants & Joggers,0,0,0,2023-07-01 00:00:00
p_2rhbv3znrg,Heather Navy Active Shell Jacket,Jacket,0,0,0,2023-07-01 00:00:00
p_ne28r8hbv2,Heather Seafarer Short Sleeve Crew Neck T-Shirt,T-Shirts,0,0,0,2023-07-01 00:00:00
p_yxq99tj7cv,Heather Slate Green Short Sleeve Crew Neck T-Shirt,Shirt,0,0,0,2023-07-01 00:00:00
p_2mwcc7hpkx,Light Heather Gray Sleeveless Active Muscle Tee,Tank Top,0,0,0,2023-07-01 00:00:00
p_cyyubbh7u4,Mahogany Fleece French Terry Jogger,Sweatpants & Joggers,0,0,0,2023-07-01 00:00:00
p_fqsqmarq3k,Mahogany Long Sleeve T-Shirt,Shirt,0,0,0,2023-07-01 00:00:00
p_r6f5ekuzmt,Mahogany V-Neck T-Shirt,Shirt,0,0,0,2023-07-01 00:00:00
p_zm7a3rkwma,Navy Tall Straight Hem Crew Neck T-Shirt,T-Shirts,0,0,0,2023-07-01 00:00:00
p_qktubda8xw,Heather Sapphire Short Sleeve V-Neck T-Shirt,T-Shirts,0,0,0,2023-07-01 00:00:00
p_bpux6v6hy3,Moss Short Sleeve Sweater Polo Shirt,T-Shirts,0,0,0,2023-07-01 00:00:00
p_x53atty9z2,Steel Short Sleeve V-Neck T-Shirt,T-Shirts,0,0,0,2023-07-01 00:00:00
p_55tcz9qg6f,Black Boxer Briefs 3-Pack,Underwear,0,0,0,2023-07-01 00:00:00
p_3t9x6drd9q,Never Show Socks | 3-Pack | Black,Socks,0,0,0,2023-07-01 00:00:00
p_9u87cuwg9k,Carbon Boxer Briefs 3-Pack,Underwear,0,0,0,2023-07-01 00:00:00
p_wuqcj8q3tb,Heather Gray Never Show Socks 3-Pack,Socks,0,0,0,2023-07-01 00:00:00
p_hj4kerceu3,Heather Gray Sweater Beanie,Beanie,0,0,0,2023-07-01 00:00:00
p_zkfhub8juv,Indigo Boxer Briefs 3-Pack,Underwear,0,0,0,2023-07-01 00:00:00
p_gky7ujn5kk,Military Green Boxer Briefs 3-Pack,Underwear,0,0,0,2023-07-01 00:00:00
p_hcstkqf7xs,Navy Boxer Briefs 3-Pack,Underwear,0,0,0,2023-07-01 00:00:00
p_vvxrx4e62u,Navy Boxer Trunks 3-Pack,Underwear,0,0,0,2023-07-01 00:00:00
p_ebtxk5mjkc,Teal Boxer Briefs 3-Pack,Underwear,0,0,0,2023-07-01 00:00:00
p_n52bwwvypc,White Active Crew Socks 3-Pack,Socks,0,0,0,2023-07-01 00:00:00
p_ngty2gftav,White Active Never Show Socks 3-Pack,Socks,0,0,0,2023-07-01 00:00:00
p_kdjpvxj7fs,White Half Crew Sock 3-Pack,Socks,0,0,0,2023-07-01 00:00:00
p_yefeaupknw,White Never Show Socks 3-Pack,Socks,0,0,0,2023-07-01 00:00:00
p_39acmqrp48,White Never Show Socks 3-Pack,Socks,0,0,0,2023-07-01 00:00:00
p_ntuxn2s2c5,Yellow Polo,Polos,0,0,0,2023-07-01 00:00:00
p_d53wqyy6nw,Oatmeal Sweater Hoodie,Hoodie,0,0,0,2023-07-01 00:00:00
p_xqd85rvpxs,Black Puffer Jacket,Puffer Jackets,0,0,0,2023-07-01 00:00:00
p_cad333s5q5,Heather Burgundy Active Long Sleeve Crew Neck,Sweatshirt,0,0,0,2023-07-01 00:00:00
p_heevyaqhce,"9"" Sandstone Classic Twill Shorts",Shorts,0,0,0,2023-07-01 00:00:00
p_yptjy3dzdz,"Shorts | Classic Twill | 7"" | Navy",Shorts,0,0,0,2023-07-01 00:00:00
p_v7wa7rn4tb,"Shorts | Classic Twill | 9"" | Khaki",Shorts,0,0,0,2023-07-01 00:00:00
p_x53vukk5e9,"Shorts | Classic Twill | 9"" | Meadow",Shorts,0,0,0,2023-07-01 00:00:00
p_yacuttmhrh,"9"" Navy Classic Twill Shorts",Shorts,0,0,0,2023-07-01 00:00:00
p_2432p8f6a5,"Shorts | Active Training | 7"" | Navy",Shorts,0,0,0,2023-07-01 00:00:00
p_64vbv6tpdm,Heather Gray Fleece French Terry Shorts,Shorts,0,0,0,2023-07-01 00:00:00
p_bmga62pefz,"9"" Sandstone Comfort Chino Shorts",Shorts,0,0,0,2023-07-01 00:00:00
p_b9pagk3ugb,Shorts | Active Comfort | Black,Shorts,0,0,0,2023-07-01 00:00:00
p_yn26dfj46r,Dark Heather Burgundy Active Comfort Short,Swim Shorts,0,0,0,2023-07-01 00:00:00
p_pe2azubxe8,Dark Heather Indigo Active Comfort Short,Shorts,0,0,0,2023-07-01 00:00:00
p_p58c6d9vvb,Dark Heather Military Green Active Comfort Short,Shorts,0,0,0,2023-07-01 00:00:00
p_6uh7rmkygu,Black Active Quick Dry Short with Liner,Swim Shorts,0,0,0,2023-07-01 00:00:00
p_wdbckwxtef,Carbon Active Quick Dry Short with Liner,Swim Shorts,0,0,0,2023-07-01 00:00:00
p_use9g4kaed,Black Active Never Show Socks 3-Pack,Socks,0,0,0,2023-07-01 00:00:00
p_85umjtnpsy,Sweater Scarf | Black,Scarf,0,0,0,2023-07-01 00:00:00
p_atrr9sdp25,Charcoal Heather Gray Short Sleeve Tall Polo Shirt,Polos,0,0,0,2023-07-01 00:00:00
p_9h2qsu97ew,Dark Heather Navy Active Comfort Short,Shorts,0,0,0,2023-07-01 00:00:00
p_znadcksnfx,Reversible Casual Belt,Belt,0,0,0,2023-07-01 00:00:00
p_rbz7y8npg6,Indigo Wash Slim Fit Comfort Jeans,Jeans,0,0,0,2023-07-01 00:00:00
p_p54vvkv29d,Light Heather Gray Quarter Zip Performance Shirt,Athletic Tops,0,0,0,2023-07-01 00:00:00
p_rujp4wvbzv,Mahogany Long Sleeve Waffle Crew,Sweatshirt,0,0,0,2023-07-01 00:00:00
p_vsyjxxtp4a,Navy Short Sleeve Active Polo Shirt,Polos,0,0,0,2023-07-01 00:00:00
p_tfhcx4fbf5,Heather Gray Never Show Socks 3-Pack,Socks,0,0,0,2023-07-01 00:00:00
p_ggkq2n25rk,Carbon Waffle Hoodie,Hoodie,0,0,0,2023-07-01 00:00:00
p_fsar8whm4b,Dark Oak Waffle Hoodie,Hoodie,0,0,0,2023-07-01 00:00:00
p_nqbh5bzsfh,Heather Gray Long Sleeve Polo,Polos,0,0,0,2023-07-01 00:00:00
p_ter2rcscz6,Heather Gray Waffle Hoodie,Hoodie,0,0,0,2023-07-01 00:00:00
p_5z9rynrdat,Dark Oak Long Sleeve Waffle Crew,Sweatshirt,0,0,0,2023-07-01 00:00:00
p_ap2c64hjnc,Dark Olive Long Sleeve Waffle Crew,Shirt,0,0,0,2023-07-01 00:00:00
p_zwzpj7gynb,Deep Sea Blue Long Sleeve Waffle Crew,T-Shirts,0,0,0,2023-07-01 00:00:00
p_ejzn2bhevc,Evergreen Heather Long Sleeve Waffle Crew,Sweatshirt,0,0,0,2023-07-01 00:00:00
p_456rdfdknv,Navy Long Sleeve Button Up Shirt,Shirt,0,0,0,2023-07-01 00:00:00
p_9ueremsrcn,Heather Navy Short Sleeve Loungewear Tee,T-Shirts,0,0,0,2023-07-01 00:00:00
p_pxj9zkmurj,Charcoal Heather Active Comfort Pullover Hoodie,Hoodie,0,0,0,2023-07-01 00:00:00
p_ab6dzqm4qc,Charcoal Heather Gray Fleece French Terry Jogger,Sweatpants & Joggers,0,0,0,2023-07-01 00:00:00
p_r7g7s9ued2,Dark Olive Fleece Shacket,Jacket,0,0,0,2023-07-01 00:00:00
p_pevetyjchy,Heather Dark Oak V-Neck T-Shirt,Screen Printed T-Shirts,0,0,0,2023-07-01 00:00:00
p_7bmm7jjbng,Heather Gray Long Sleeve Lightweight Flannel Shirt,Button Down Shirts,0,0,0,2023-07-01 00:00:00
p_jdy7juawjw,Heather Gray Pique Crew Sweater,Knit Sweaters,0,0,0,2023-07-01 00:00:00
p_hdbwf4s669,Heather Gray Tall Straight Hem Crew Neck T-Shirt,T-Shirts,0,0,0,2023-07-01 00:00:00
p_zsnvka2svc,Heather Mist Short Sleeve Crew Neck T-Shirt,T-Shirts,0,0,0,2023-07-01 00:00:00
p_h4edseg6hf,Heather Navy Active Comfort Pullover Hoodie,Hoodie,0,0,0,2023-07-01 00:00:00
p_n6kve3ddkw,Heather Navy Long Sleeve Ripstop Commuter Shirt,Shirt,0,0,0,2023-07-01 00:00:00
p_h8jucbuvcu,Heather Navy Pique Crew Sweater,Knit Sweaters,0,0,0,2023-07-01 00:00:00
p_sxcevd7ww2,Heather Oatmeal Crew Neck Sweater,Knit Sweaters,0,0,0,2023-07-01 00:00:00
p_ex8zw8z5dh,Heather Sapphire Short Sleeve Crew Neck T-Shirt,T-Shirts,0,0,0,2023-07-01 00:00:00
p_fdgw8vn8mw,Indigo Wash Straight Fit Comfort Jeans,Jeans,0,0,0,2023-07-01 00:00:00
p_gkhuhrbvc5,Light Indigo Wash Long Sleeve Chambray Shirt,Shirt,0,0,0,2023-07-01 00:00:00
p_5ez35speq8,Medium Indigo Wash Long Sleeve Chambray Shirt,Shirt,0,0,0,2023-07-01 00:00:00
p_36tbyhq9p3,Navy Fleece Shacket,Shirt Jackets,0,0,0,2023-07-01 00:00:00
p_grdphsazq4,Reversible Dress Belt,Belt,0,0,0,2023-07-01 00:00:00
p_qj9xh26ctj,Sapphire Short Sleeve Crew Neck T-Shirt,Screen Printed T-Shirts,0,0,0,2023-07-01 00:00:00
p_7nraatq97j,Steel Short Sleeve Crew Neck T-Shirt,T-Shirts,0,0,0,2023-07-01 00:00:00
p_37z5p8b2wz,Heather Dark Orchid Short Sleeve Vee Neck T-Shirt,Shirt,0,0,0,2023-07-01 00:00:00
p_rr9yu69cdx,Heather Mist Short Sleeve Vee Neck T-Shirt,T-Shirts,0,0,0,2023-07-01 00:00:00
p_7fgbszq45t,Heather Voyager Short Sleeve Vee Neck T-Shirt,T-Shirts,0,0,0,2023-07-01 00:00:00
p_aj728cj6p2,Reversible Casual Belt,Belt,0,0,0,2023-07-01 00:00:00
p_wkggwhgxue,Navy Long Sleeve Lightweight Flannel Shirt,Shirt,0,0,0,2023-07-01 00:00:00
p_8fx2h79sez,Black Slippers,Slippers,0,0,0,2023-07-01 00:00:00
p_cguvv472kt,Heather Navy Loungewear Pant,Pants,0,0,0,2023-07-01 00:00:00
p_e6aypq2yyn,Charcoal Heather Active Comfort Full Zip Hoodie,Hoodie,0,0,0,2023-07-01 00:00:00
p_zg2kz56sep,Khaki Coaches Jacket,Jacket,0,0,0,2023-07-01 00:00:00
p_v6xzqb4euh,Electric Blue Polo,Polos,0,0,0,2023-07-01 00:00:00
p_kyjxexravk,Heather Gray Active Crew Socks 3-Pack,Socks,0,0,0,2023-07-01 00:00:00
p_v4pawc4ufa,Heather Gray Ankle Socks 3-Pack,Socks,0,0,0,2023-07-01 00:00:00
p_r3b5cqykd8,Heather Gray Never Show Socks 3-Pack,Socks,0,0,0,2023-07-01 00:00:00
p_xsa4epqty5,Mahogany Polo,Polos,0,0,0,2023-07-01 00:00:00
p_perj37fvaa,Periwinkle Blue Polo,Polos,0,0,0,2023-07-01 00:00:00
p_ump27mtkuq,Raspberry Polo,Polos,0,0,0,2023-07-01 00:00:00
p_szsv98dxsn,White Active Ankle Socks 3-Pack,Socks,0,0,0,2023-07-01 00:00:00
p_yvahsdbd7s,Heather Seafarer Short Sleeve Polo,Polos,0,0,0,2023-07-01 00:00:00
p_njb9h744v3,Indigo Rinse Straight Authentic Stretch Jeans,Jeans,0,0,0,2023-07-01 00:00:00
p_nyn3pcwdu8,Light Indigo Wash Slim Authentic Stretch Jeans,Jeans,0,0,0,2023-07-01 00:00:00
p_9f3wn27yj9,Indigo Rinse Slim Authentic Stretch Jeans,Jeans,0,0,0,2023-07-01 00:00:00
p_3dxryrdx2k,Medium Indigo Wash Slim Authentic Stretch Jeans,Jeans,0,0,0,2023-07-01 00:00:00
p_75westm75x,Light Indigo Wash Straight Authentic Stretch Jeans,Jeans,0,0,0,2023-07-01 00:00:00
p_7sfgw9sa4n,Medium Indigo Wash Straight Authentic Stretch Jeans,Jeans,0,0,0,2023-07-01 00:00:00
p_sy5ta2zsks,Heather Cayenne Short Sleeve Crew Neck T-Shirt,Shirt,0,0,0,2023-07-01 00:00:00
p_qcke957864,"Chino Shorts | Comfort | 7"" | Military Green",Shorts,0,0,0,2023-07-01 00:00:00
p_uy62gqzk94,"Shorts | Comfort Chino | 7"" | Sapphire",Shorts,0,0,0,2023-07-01 00:00:00
p_svgga79dfc,"Chino Shorts | Comfort | 7"" | Slate Green",Shorts,0,0,0,2023-07-01 00:00:00
p_n2cq64ucyu,"9"" Sapphire Comfort Chino Short",Shorts,0,0,0,2023-07-01 00:00:00
p_hubt8gp9tb,"9"" Slate Green Comfort Chino Short",Shorts,0,0,0,2023-07-01 00:00:00
p_vahhav9rn7,"Shorts | Classic Twill | 9"" | Black",Shorts,0,0,0,2023-07-01 00:00:00
p_jxeh4td3j3,"Shorts | 9"" | Classic Twill | Centurion",Shorts,0,0,0,2023-07-01 00:00:00
p_3mav9fu9q9,"Shorts | Active Training 7"" | Black",Shorts,0,0,0,2023-07-01 00:00:00
p_3he4jy8f99,"Shorts | Active Training | 7"" | Carbon",Shorts,0,0,0,2023-07-01 00:00:00
p_sdkp4ngqy8,"Shorts | Active Training | 7"" | Sandstone",Shorts,0,0,0,2023-07-01 00:00:00
p_n5vm5c3nb9,"Chino Shorts | Comfort | 7"" | Black",Shorts,0,0,0,2023-07-01 00:00:00
p_t3995sdwge,"Shorts | Comfort Chino | 7"" | Carbon",Shorts,0,0,0,2023-07-01 00:00:00
p_ys9u6f3mbt,"Chino Shorts | Comfort | 7"" | Khaki",Shorts,0,0,0,2023-07-01 00:00:00
p_2vpu7ymaay,Black Commuter Short,Shorts,0,0,0,2023-07-01 00:00:00
p_jnvzcqrwxp,Khaki Commuter Short,Shorts,0,0,0,2023-07-01 00:00:00
p_pgq6zgcvgq,Black Fleece French Terry Short,Shorts,0,0,0,2023-07-01 00:00:00
p_8hbywkfrwc,Military Green Fleece French Terry Short,Shorts,0,0,0,2023-07-01 00:00:00
p_v7655zp7an,"Chino Shorts | Comfort | 9"" | Black",Shorts,0,0,0,2023-07-01 00:00:00
p_29aky289rv,Navy Fleece French Terry Short,Shorts,0,0,0,2023-07-01 00:00:00
p_juczmrnmtc,"Shorts | Comfort Chino | 9"" | Carbon",Shorts,0,0,0,2023-07-01 00:00:00
p_jw2fyemxq7,"9"" Khaki Comfort Chino Short",Shorts,0,0,0,2023-07-01 00:00:00
p_uqn6yzvkpa,"9"" Navy Comfort Chino Short",Shorts,0,0,0,2023-07-01 00:00:00
p_8an2wybh3y,Charcoal Heather Gray Active Comfort Short,Athletic Shorts,0,0,0,2023-07-01 00:00:00
p_aw48ckctp9,Burgundy Active Quick Dry Short with Liner,Swim Shorts,0,0,0,2023-07-01 00:00:00
p_vey4w66jst,Military Green Active Quick Dry Short with Liner,Shorts,0,0,0,2023-07-01 00:00:00
p_nuk7mzc8jt,Navy Active Quick Dry Short with Liner,Swim Shorts,0,0,0,2023-07-01 00:00:00
p_r2e57cmagz,Joggers | Active | Black,Sweatpants & Joggers,0,0,0,2023-07-01 00:00:00
p_csr594d6ws,Heather Navy Loungewear Jogger,Sweatpants & Joggers,0,0,0,2023-07-01 00:00:00
p_2krzrc4m74,Carbon Fleece French Terry Jogger,Sweatpants & Joggers,0,0,0,2023-07-01 00:00:00
p_phdjj3n8yh,Heather Gray Fleece French Terry Joggers,Sweatpants & Joggers,0,0,0,2023-07-01 00:00:00
p_eaxfgdw35q,Medium Gray Wash Slim Fit Comfort Jeans,Jeans,0,0,0,2023-07-01 00:00:00
p_wcjsyc8zup,Medium Gray Wash Straight Fit Comfort Jeans,Jeans,0,0,0,2023-07-01 00:00:00
p_qjxt4q7gff,Military Green Coaches Jacket,Jacket,0,0,0,2023-07-01 00:00:00
p_fm6edfx4ep,Military Green Fleece French Terry Jogger,Sweatpants & Joggers,0,0,0,2023-07-01 00:00:00
p_28tc85jmdq,Military Green Waffle Long Sleeve Crew Neck,Sweatshirt,0,0,0,2023-07-01 00:00:00
p_mxsupz7eaq,Navy Coaches Jacket,Jacket,0,0,0,2023-07-01 00:00:00
p_qqk283mjjn,Navy Fleece French Terry Jogger,Sweatpants & Joggers,0,0,0,2023-07-01 00:00:00
p_xanpax5dbd,True Red Polo,Polos,0,0,0,2023-07-01 00:00:00
p_mrvwze8wph,White Ankle Socks 3-Pack,Socks,0,0,0,2023-07-01 00:00:00
p_ga52js5nmp,White Never Show Socks 3-Pack,Socks,0,0,0,2023-07-01 00:00:00
p_yhe8c62x9c,Heather Navy Quarter Zip Performance Shirt,Athletic Tops,0,0,0,2023-07-01 00:00:00
p_a7p3mw83t9,Heather Military Green Active Long Sleeve Crew Neck,T-Shirts,0,0,0,2023-07-01 00:00:00
p_rwwrukwyz9,Charcoal Heather Gray Short Sleeve Tall Active Crew Neck,T-Shirts,0,0,0,2023-07-01 00:00:00
p_qy223hzmfv,White Short Sleeve Tall Active Crew Neck,T-Shirts,0,0,0,2023-07-01 00:00:00
p_hfj965wa8c,Charcoal Heather Gray Loungewear Long Sleeve Tee And Jogger Set,Sweatshirt,0,0,0,2023-07-01 00:00:00
p_f3v8s3b963,Charcoal Heather Gray Loungewear Short Sleeve Tee And Pant Set,Sweatpants & Joggers,0,0,0,2023-07-01 00:00:00
p_3vtx7z4d8y,Heather Dusty Pink V-Neck T-Shirt,Screen Printed T-Shirts,0,0,0,2023-07-01 00:00:00
p_3kckyj2khu,Heather Navy Loungewear Short Sleeve Tee And Pant Set,Lounge Sweatpants & Joggers,0,0,0,2023-07-01 00:00:00
p_wj3u3m87yx,Short Sleeve T-Shirt | Active | Crew Neck | Black,T-Shirts,0,0,0,2023-08-01 00:00:00
p_svsvrfrcb6,Black Active Long Sleeve Crew Neck T-Shirt,T-Shirts,0,0,0,2023-08-01 00:00:00
p_vjfh4zw9pd,Short Sleeve Active Polo Shirt | Black,Polos,0,0,0,2023-08-01 00:00:00
p_2gwdmudpww,Long Sleeve Shirt | Crew Neck | Black,Shirt,0,0,0,2023-08-01 00:00:00
p_p6zw3xeg4v,Short Sleeve T-Shirt | Crew Neck | Black,T-Shirts,0,0,0,2023-08-01 00:00:00
p_8jmz33scf8,Sweatshirt | Pullover Crew Neck | Fleece French Terry | Black,Sweatshirt,0,0,0,2023-08-01 00:00:00
p_26twzeayzk,Pullover Hoodie | Fleece French Terry | Black,Hoodie,0,0,0,2023-08-01 00:00:00
p_xnzebcgf9j,Zip Hoodie | Fleece French Terry | Black,Hoodie,0,0,0,2023-08-01 00:00:00
p_v9vmgr3m4t,Polo Shirt | Black,Polos,0,0,0,2023-08-01 00:00:00
p_uwm4psyppk,Black Tall Straight Hem Crew Neck T-Shirt,T-Shirts,0,0,0,2023-08-01 00:00:00
p_s7yfamyjwt,Black V-Neck T-Shirt,T-Shirts,0,0,0,2023-08-01 00:00:00
p_htnnbrvvmk,Carbon Active Crew Neck,T-Shirts,0,0,0,2023-08-01 00:00:00
p_rgamhxuwjz,Carbon Crew Neck Long Sleeve,Shirt,0,0,0,2023-08-01 00:00:00
p_szpx92nwke,Carbon Fleece French Terry Zip Hoodie,Hoodie,0,0,0,2023-08-01 00:00:00
p_prm2runmas,Carbon Long Sleeve Henley,T-Shirts,0,0,0,2023-08-01 00:00:00
p_gf9pckvcm8,Carbon Short Sleeve Polo Shirt,Polos,0,0,0,2023-08-01 00:00:00
p_ujs2rxbwwy,Charcoal Heather Gray Active Long Sleeve Crew Neck,T-Shirts,0,0,0,2023-08-01 00:00:00
p_73vqwcfbpf,Charcoal Heather Gray Short Sleeve Active Polo Shirt,Polos,0,0,0,2023-08-01 00:00:00
p_9744mpdv5n,Charcoal Heather Gray Long Sleeve,Shirt,0,0,0,2023-08-01 00:00:00
p_3dh3myqfyq,Charcoal Heather Gray Polo,Polos,0,0,0,2023-08-01 00:00:00
p_yjazyejt4q,Charcoal Heather Gray V-Neck,Shirt,0,0,0,2023-08-01 00:00:00
p_xhhgk2nnba,Heather Burgundy Crew Neck T-Shirt,Shirt,0,0,0,2023-08-01 00:00:00
p_gbd3qsz25s,Heather Charcoal Gray Crew Neck T-Shirt,Shirt,0,0,0,2023-08-01 00:00:00
p_ea2gekbzfm,Heather Gray Crew Neck Long Sleeve,T-Shirts,0,0,0,2023-08-01 00:00:00
p_bdybxrzhhw,Heather Gray Fleece French Terry Pullover Hoodie,Hoodie,0,0,0,2023-08-01 00:00:00
p_cz4mtzemgt,Heather Gray Fleece French Terry Zip Hoodie,Hoodie,0,0,0,2023-08-01 00:00:00
p_ddgsdeyzu9,Heather Gray Long Sleeve Henley,T-Shirts,0,0,0,2023-08-01 00:00:00
p_5rc5ezqwny,Heather Gray Short Sleeve Polo Shirt,Polos,0,0,0,2023-08-01 00:00:00
p_shhxbvvxxp,Heather Indigo Active Crew Neck T-Shirt,T-Shirts,0,0,0,2023-08-01 00:00:00
p_4fs9u74y4x,Heather Indigo Crew Neck Long Sleeve,T-Shirts,0,0,0,2023-08-01 00:00:00
p_hmkhv4g497,Heather Indigo Crew Neck T-Shirt,Shirt,0,0,0,2023-08-01 00:00:00
p_s6hq3cbp99,Heather Indigo Short Sleeve Polo Shirt,Polos,0,0,0,2023-08-01 00:00:00
p_5q6tnqwruf,Heather Light Gray Active Long Sleeve Crew Neck,T-Shirts,0,0,0,2023-08-01 00:00:00
p_ggx5q9x8xm,Heather Military Green Active Crew Neck T-Shirt,Shirt,0,0,0,2023-08-01 00:00:00
p_xngupz8qg8,Heather Military Green Active Long Sleeve Crew Neck,T-Shirts,0,0,0,2023-08-01 00:00:00
p_pzg4uy9ru4,Heather Military Green Short Sleeve Active Polo Shirt,Polos,0,0,0,2023-08-01 00:00:00
p_kajnxmygka,Heather Military Green Crew Neck T-Shirt,Shirt,0,0,0,2023-08-01 00:00:00
p_95axe6dfn6,Heather Navy Active Crew Neck T-Shirt,T-Shirts,0,0,0,2023-08-01 00:00:00
p_5kpddtqty2,Heather Navy Active Long Sleeve Crew Neck,T-Shirts,0,0,0,2023-08-01 00:00:00
p_ccse4psnan,Heather Navy Crew Neck Long Sleeve,T-Shirts,0,0,0,2023-08-01 00:00:00
p_ug6duq4hvt,Heather Navy Crew Neck T-Shirt,Shirt,0,0,0,2023-08-01 00:00:00
p_vrmxbznmh9,Indigo Long Sleeve Henley,Shirt,0,0,0,2023-08-01 00:00:00
p_bhfd33ejhy,Indigo Short Sleeve Polo Shirt,Polos,0,0,0,2023-08-01 00:00:00
p_955cnseek9,Light Heather Gray Crew Neck Long Sleeve,T-Shirts,0,0,0,2023-08-01 00:00:00
p_6zjn28jf23,Military Green Crew Neck Long Sleeve,Shirt,0,0,0,2023-08-01 00:00:00
p_shcbhfeqaq,Military Green Fleece French Terry Pullover Crew Neck Sweatshirt,Sweatshirt,0,0,0,2023-08-01 00:00:00
p_3wz546brng,Military Green Fleece French Terry Pullover Hoodie,Hoodie,0,0,0,2023-08-01 00:00:00
p_8q6kvd32nc,Military Green Fleece French Terry Zip Hoodie,Hoodie,0,0,0,2023-08-01 00:00:00
p_brwwn6xkwh,Military Green Long Sleeve Henley,T-Shirts,0,0,0,2023-08-01 00:00:00
p_mwv4sjthwt,Military Green Short Sleeve Polo Shirt,Polos,0,0,0,2023-08-01 00:00:00
p_vtkmnr87v2,Navy Active Crew Neck T-Shirt,T-Shirts,0,0,0,2023-08-01 00:00:00
p_tpzfdnukzs,Navy Active Long Sleeve Crew Neck,T-Shirts,0,0,0,2023-08-01 00:00:00
p_bptwztkuks,Navy Short Sleeve Active Polo Shirt,Polos,0,0,0,2023-08-01 00:00:00
p_tjh5t8a6tw,Navy Crew Neck Long Sleeve,Shirt,0,0,0,2023-08-01 00:00:00
p_rezzg23bjy,Navy Fleece French Terry Pullover Crew Neck Sweatshirt,Sweatshirt,0,0,0,2023-08-01 00:00:00
p_k6s6hftqfe,Navy Fleece French Terry Pullover Hoodie,Hoodie,0,0,0,2023-08-01 00:00:00
p_h9z43a8zde,Navy Fleece French Terry Zip Hoodie,Hoodie,0,0,0,2023-08-01 00:00:00
p_ngbbqfwzd5,Navy Long Sleeve Henley,Shirt,0,0,0,2023-08-01 00:00:00
p_rhexhysfzs,Navy Short Sleeve Polo Shirt,Polos,0,0,0,2023-08-01 00:00:00
p_xa4dn5yc22,Navy Tall Short Sleeve Polo Shirt,Polos,0,0,0,2023-08-01 00:00:00
p_2wu3jtehp2,Navy Short Sleeve V-Neck T-Shirt,Shirt,0,0,0,2023-08-01 00:00:00
p_8rbvhb5tdc,White Active Crew Neck T-Shirt,Shirt,0,0,0,2023-08-01 00:00:00
p_r5gttk27sm,White Active Long Sleeve Crew Neck,Shirt,0,0,0,2023-08-01 00:00:00
p_2cus7843n6,White Crew Neck Long Sleeve,Shirt,0,0,0,2023-08-01 00:00:00
p_twpefb4vpq,White Long Sleeve Henley,T-Shirts,0,0,0,2023-08-01 00:00:00
p_6hvvy94kq4,White Short Sleeve Polo Shirt,Polos,0,0,0,2023-08-01 00:00:00
p_m6x758mjvq,White Short Sleeve Tall Polo Shirt,Polos,0,0,0,2023-08-01 00:00:00
p_s49r5jxnqq,White Short Sleeve V-Neck T-Shirt,T-Shirts,0,0,0,2023-08-01 00:00:00
p_fx25mpavbf,Long Sleeve T-Shirt | Hooded | Black,T-Shirts,0,0,0,2023-08-01 00:00:00
p_gawdf2gbfa,Long Sleeve Polo Shirt | Black,Polos,0,0,0,2023-08-01 00:00:00
p_xafkdxwnvm,Black Waffle Hoodie,Hoodie,0,0,0,2023-08-01 00:00:00
p_yev838e3bk,Dark Olive Waffle Hoodie,Hoodie,0,0,0,2023-08-01 00:00:00
p_3h5wxbdgfn,White Long Sleeve Polo Shirt,Polos,0,0,0,2023-08-01 00:00:00
p_g5xjgypbqs,Long Sleeve Button Up Shirt | Black,Button Down Shirts,0,0,0,2023-08-01 00:00:00
p_pqjyybc86f,Black Waffle Long Sleeve Crew Neck T-Shirt,T-Shirts,0,0,0,2023-08-01 00:00:00
p_5pqpzmazbr,Carbon Long Sleeve Button Up Shirt,Button Down Shirts,0,0,0,2023-08-01 00:00:00
p_anqd83cjye,Military Green Waffle Long Sleeve Crew Neck,Sweatshirt,0,0,0,2023-08-01 00:00:00
p_vp3anzz9s3,White Button Up Shirt,Button Down Shirts,0,0,0,2023-08-01 00:00:00
p_92vf4hpdrt,White Commuter Short Sleeve Button Up,Button Down Shirts,0,0,0,2023-08-01 00:00:00
p_85skykpy7r,Short Sleeve Button Up Shirt | Commuter | Black,Button Down Shirts,0,0,0,2023-08-01 00:00:00
p_v5bwyyhget,Carbon Commuter Short Sleeve Button Up,Button Down Shirts,0,0,0,2023-08-01 00:00:00
p_5kr9enrf6j,Short Sleeve Tee | Loungewear | Charcoal Heather Gray,T-Shirts,0,0,0,2023-08-01 00:00:00
p_rpwqburrmc,Dark Heather Cadet Active Polo,Polos,0,0,0,2023-08-01 00:00:00
p_8tryb2ahrp,Dark Heather Cocoa Active Polo,Polos,0,0,0,2023-08-01 00:00:00
p_vnexp6dh3m,Heather Centurion Short Sleeve Active Polo Shirt,Polos,0,0,0,2023-08-01 00:00:00
p_8pczdfc69m,Heather Cocoa Short Sleeve Active Polo Shirt,Polos,0,0,0,2023-08-01 00:00:00
p_xdyq8mewrc,Short Sleeve Button Up Shirt | Black,Button Down Shirts,0,0,0,2023-08-01 00:00:00
p_56qjzafa6s,Carbon Short Sleeve Button Up Shirt,Button Down Shirts,0,0,0,2023-08-01 00:00:00
p_7dyz93zegj,"Shorts | Active Training | 7"" | Sapphire",Athletic Shorts,0,0,0,2023-08-01 00:00:00
p_3pkg63ym5k,"Shorts | Active Training | 7"" | Steel",Shorts,0,0,0,2023-08-01 00:00:00
p_k5hymg84ez,"Shorts | Training | 7"" | 2-in-1 Black",Athletic Shorts,0,0,0,2023-08-01 00:00:00
p_mm5tbn6qza,Sweatshirt | Comfort Crew | Black,Sweatshirt,0,0,0,2023-08-01 00:00:00
p_2uptnqrxy2,Hoodie | Active Comfort | Pullover | Black,Hoodie,0,0,0,2023-08-01 00:00:00
p_ys335pw23m,Pants | Active Comfort | Straight Leg | Black,Sweatpants & Joggers,0,0,0,2023-08-01 00:00:00
p_9attt36kqt,Blazer | Black,Blazer,0,0,0,2023-08-01 00:00:00
p_84w66d79b8,Pants | Comfort Chino | Black,Pants,0,0,0,2023-08-01 00:00:00
p_349fd5fte5,Sweater | Crew Neck | Black,Knit Sweaters,0,0,0,2023-08-01 00:00:00
p_zzvxdda285,Fleece Shacket | Black,Jacket,0,0,0,2023-08-01 00:00:00
p_z7kat66jsb,Puffer Vest | Black,Outerwear Vests,0,0,0,2023-08-01 00:00:00
p_w99wqwtmd8,Performance Shirt | Quarter Zip | Black,Athletic Tops,0,0,0,2023-08-01 00:00:00
p_vkp29t8hpk,Sleeveless Muscle Tee | Active | Black,Athletic Tops,0,0,0,2023-08-01 00:00:00
p_bxpjzp3q34,Sweater Hoodie | Black,Hoodie,0,0,0,2023-08-01 00:00:00
p_j23j35syzx,Black Wash Long Sleeve Chambray Shirt,Shirt,0,0,0,2023-08-01 00:00:00
p_aaa5u2senn,Black Wash Slim Fit Comfort Jeans,Jeans,0,0,0,2023-08-01 00:00:00
p_mu7q5qx67m,Black Wash Straight Fit Comfort Jeans,Jeans,0,0,0,2023-08-01 00:00:00
p_kv4qxkyavb,Chino Pants | Comfort | Carbon,Pants,0,0,0,2023-08-01 00:00:00
p_av6ja2w28x,Charcoal Heather Active Comfort Crew Sweatshirt,Athletic Tops,0,0,0,2023-08-01 00:00:00
p_jqxjnq8mc8,Charcoal Heather Active Comfort Straight Leg Pant,Sweatpants & Joggers,0,0,0,2023-08-01 00:00:00
p_hzkzcd9ag9,Charcoal Heather Gray Long Sleeve Ripstop Commuter Shirt,Shirt,0,0,0,2023-08-01 00:00:00
p_zc74ftx9hy,Charcoal Heather Gray Pique Crew Sweater,Knit Sweaters,0,0,0,2023-08-01 00:00:00
p_4krqrmhc8s, Sleeveless Muscle Tee | Active | Charcoal Heather Gray,Athletic Tops,0,0,0,2023-08-01 00:00:00
p_qvscv7wqa7,Dark Oak Fleece French Terry Jogger,Sweatpants & Joggers,0,0,0,2023-08-01 00:00:00
p_yw7vvn467f,Dark Olive Long Sleeve Crew Neck T-Shirt,T-Shirts,0,0,0,2023-08-01 00:00:00
p_hc97kv4jxf,Deep Sea Blue Short Sleeve Crew Neck T-Shirt,T-Shirts,0,0,0,2023-08-01 00:00:00
p_zp4vn3rtz4,Deep Sea Blue Long Sleeve Crew Neck T-Shirt,T-Shirts,0,0,0,2023-08-01 00:00:00
p_8d5cs572ku,Evergreen Heather Short Sleeve Crew Neck T-Shirt,T-Shirts,0,0,0,2023-08-01 00:00:00
p_2qn4rb76qt,Evergreen Heather Long Sleeve Crew Neck T-Shirt,T-Shirts,0,0,0,2023-08-01 00:00:00
p_hun6quaf8f,Gray Wash Slim Fit Comfort Jeans,Jeans,0,0,0,2023-08-01 00:00:00
p_bn49najk97,Gray Wash Straight Fit Comfort Jeans,Jeans,0,0,0,2023-08-01 00:00:00
p_a66qgjtv8u, Sleeveless Muscle Tee | Active | Heather Cadet,Athletic Tops,0,0,0,2023-08-01 00:00:00
p_76w9v5r9gp,Heather Camel Pique Crew Sweater,Knit Sweaters,0,0,0,2023-08-01 00:00:00
p_m26nune3tt,Sleeveless Muscle Tee | Active | Heather Cocoa,Tank Top,0,0,0,2023-08-01 00:00:00
p_wtfwp7uyps,Heather Dark Oak Long Sleeve Crew Neck T-Shirt,T-Shirts,0,0,0,2023-08-01 00:00:00
p_guzmuvmxwg,Heather Dark Orchid Short Sleeve Crew Neck T-Shirt,T-Shirts,0,0,0,2023-08-01 00:00:00
p_auux7guqn5,Sleeveless Muscle Tee | Active| Heather Forest,Athletic Tops,0,0,0,2023-08-01 00:00:00
p_wvdzacyaq8,Heather Garnet Short Sleeve Crew Neck T-Shirt,T-Shirts,0,0,0,2023-08-01 00:00:00
p_59st4ejx9g,Heather Graphite Short Sleeve Crew Neck T-Shirt,T-Shirts,0,0,0,2023-08-01 00:00:00
p_mkhh2ymk98,Heather Navy Active Comfort Crew Sweatshirt,Sweatshirt,0,0,0,2023-08-01 00:00:00
p_4tw7w4865y,Medium Gray Wash Slim Fit Comfort Jeans,Jeans,0,0,0,2023-08-01 00:00:00
p_u25kmysesj,Medium Gray Wash Straight Fit Comfort Jeans,Jeans,0,0,0,2023-08-01 00:00:00
p_yrp9cazs3k,Olive Long Sleeve Ripstop Commuter Shirt,Shirt,0,0,0,2023-08-01 00:00:00
p_vjj8djm98g,"Voyager 7"" 2-in-1 Training Short",Athletic Shorts,0,0,0,2023-08-01 00:00:00
p_ens5k22dee,Coaches Jacket | Black,Jacket,0,0,0,2023-08-01 00:00:00
p_krqrvpb5nk,Short Sleeve Sweater Polo Shirt | Black,Polos,0,0,0,2023-08-01 00:00:00
p_ezjsg82fk7,Garnet Short Sleeve Sweater Polo Shirt,Polos,0,0,0,2023-08-01 00:00:00
p_zfqbnz8zdc,Heather Gray Short Sleeve Sweater Polo,Polos,0,0,0,2023-08-01 00:00:00
p_rdac8nxqpc,Navy Short Sleeve Sweater Polo,Polos,0,0,0,2023-08-01 00:00:00
p_tdz6dj3k93,Charcoal Heather Gray Active Shell Jacket,Jacket,0,0,0,2023-08-01 00:00:00
p_ef9p26sqwv,Navy Coaches Jacket,Jacket,0,0,0,2023-08-01 00:00:00
p_gvy838kdy9,Long Sleeve Button Up Sweater Shirt | Black + Carbon,Button Down Shirts,0,0,0,2023-08-01 00:00:00
p_cpfjz5js6m,Light Heather Gray Quarter Zip Performance Shirt,Athletic Tops,0,0,0,2023-08-01 00:00:00
p_encznv79zd,Charcoal Heather Gray Loungewear Jogger,Sweatpants & Joggers,0,0,0,2023-08-01 00:00:00
p_uqg73gd526,Dark Olive Short Sleeve V-Neck T-Shirt,T-Shirts,0,0,0,2023-08-01 00:00:00
p_dd7ynwa46b,Military Green Coaches Jacket,Jacket,0,0,0,2023-08-01 00:00:00
p_pds624ht98,Ankle Socks | Active | 3-Pack | Black,Socks,0,0,0,2023-08-01 00:00:00
p_h9thpv33ux,Crew Socks | Active | 3-Pack | Black,Socks,0,0,0,2023-08-01 00:00:00
p_vm4udwbmec,Ankle Socks | 3-Pack | Black,Socks,0,0,0,2023-08-01 00:00:00
p_hv5d9t5gb4,Black Boxer Trunks 3-Pack,Underwear,0,0,0,2023-08-01 00:00:00
p_eg72spursx,Half Crew Sock | 3-Pack | Black,Socks,0,0,0,2023-08-01 00:00:00
p_m5nrytn7g3,Boxer Briefs | Logo | 3-Pack | Black,Underwear,0,0,0,2023-08-01 00:00:00
p_7rzxq9sd8n,Never Show Socks | 3-Pack | Black,Socks,0,0,0,2023-08-01 00:00:00
p_h644hfsgj7,Sweater Beanie | Black,Beanie,0,0,0,2023-08-01 00:00:00
p_k8j2vzha5p,Burgundy Boxer Briefs 3-Pack,Underwear,0,0,0,2023-08-01 00:00:00
p_rd96dkwsx6,Carbon Boxer Trunks 3-Pack,Underwear,0,0,0,2023-08-01 00:00:00
p_3zf2yh34hr,Dark Olive Short Sleeve Polo Shirt,Polos,0,0,0,2023-08-01 00:00:00
p_fcgghnz6fh,Evergreen Sweater Beanie,Beanie,0,0,0,2023-08-01 00:00:00
p_vxfj55w6ma,Heather Burgundy Short Sleeve Polo Shirt,Polos,0,0,0,2023-08-01 00:00:00
p_tpv8fcqeja,Heather Gray Active Ankle Socks 3-Pack,Socks,0,0,0,2023-08-01 00:00:00
p_y6cg76w8k6,Heather Gray Half Crew Sock 3-Pack,Socks,0,0,0,2023-08-01 00:00:00
p_sgut9a5tns,Light Heather Gray Polo,Polos,0,0,0,2023-08-01 00:00:00
p_r5xrp6kuxu,True Red Short Sleeve Polo Shirt,Polos,0,0,0,2023-08-01 00:00:00
p_x285vx432e,White Ankle Socks 3-Pack,Socks,0,0,0,2023-08-01 00:00:00
p_3aup7bbqg3,Carbon Tall Long Sleeve T-Shirt,Shirt,0,0,0,2023-08-01 00:00:00
p_mxpb4sqvry,Charcoal Heather Gray Short Sleeve Tall Crew,T-Shirts,0,0,0,2023-08-01 00:00:00
p_92fw37ajex,Heather Seafarer Short Sleeve Tall Crew,Shirt,0,0,0,2023-08-01 00:00:00
p_rhk5rdjr7y,Heather Voyager Short Sleeve Tall Crew,T-Shirts,0,0,0,2023-08-01 00:00:00
p_hz3svpszdm,Military Green Tall Long Sleeve T-Shirt,T-Shirts,0,0,0,2023-08-01 00:00:00
p_3xnj548f3x,Sapphire Short Sleeve Tall Crew,T-Shirts,0,0,0,2023-08-01 00:00:00
p_j9huduq2g2,White Tall Straight Hem Crew Neck T-Shirt,T-Shirts,0,0,0,2023-08-01 00:00:00
p_ct8bqyz5rd,Bomber Jacket | Black,Bomber Jackets,0,0,0,2023-08-01 00:00:00
p_26x46r3gh3,Carbon Short Sleeve Tall Polo Shirt,Polos,0,0,0,2023-08-01 00:00:00
p_uwgqdnnawm,Charcoal Heather Gray Short Sleeve Tall Polo Shirt,Polos,0,0,0,2023-08-01 00:00:00
p_awt8ehv6fc,Heather Gray Short Sleeve Tall Polo Shirt,Polos,0,0,0,2023-08-01 00:00:00
p_ug78456eub,Mahogany Fleece French Terry Pullover Hoodie,Hoodie,0,0,0,2023-08-01 00:00:00
p_3hycs4vyy4,Mahogany Fleece French Terry Zip Hoodie,Hoodie,0,0,0,2023-08-01 00:00:00
p_487dnzupxz,Military Green Short Sleeve Tall Polo Shirt,Polos,0,0,0,2023-08-01 00:00:00
p_haens7aj79,Sapphire Short Sleeve Tall Polo Shirt,Polos,0,0,0,2023-08-01 00:00:00
p_n7npmmnfq3,Bomber Jacket | Army Green,Bomber Jackets,0,0,0,2023-08-01 00:00:00
p_vhct7fnamt,Sweater Fleece Jacket | Black,Jacket,0,0,0,2023-08-01 00:00:00
p_qvxdc36tay,Carbon Bomber Jacket,Bomber Jackets,0,0,0,2023-08-01 00:00:00
p_ubarpzrdvd,Gray Sweater Fleece Jacket,Knit Sweaters,0,0,0,2023-08-01 00:00:00
p_25m5nqdhtq,Gunmetal Puffer Jacket,Puffer Jackets,0,0,0,2023-08-01 00:00:00
p_9nq4jjbkbr,Military Green Puffer Jacket,Puffer Jackets,0,0,0,2023-08-01 00:00:00
p_6svhrtmsn3,Navy Bomber Jacket,Bomber Jackets,0,0,0,2023-08-01 00:00:00
p_dwbw45rvge,Navy Hooded Puffer Jacket,Puffer Jackets,0,0,0,2023-08-01 00:00:00
p_4yh4m8q3v7,Navy Puffer Jacket,Puffer Jackets,0,0,0,2023-08-01 00:00:00
p_e6pz5d7uh9,Navy Sweater Fleece Jacket,Hoodie,0,0,0,2023-08-01 00:00:00
p_4xmfcxsvq4,Puffer Jacket | Hooded | Black,Puffer Jackets,0,0,0,2023-08-01 00:00:00
p_zrt8e4hahp,Chino Pants | Straight | Twill | Black,Pants,0,0,0,2023-08-01 00:00:00
p_6bppe3h2jj,Centurion Slim Twill Chino,Pants,0,0,0,2023-08-01 00:00:00
p_zd6gtes7qp,Centurion Straight Twill Chino,Pants,0,0,0,2023-08-01 00:00:00
p_ja9tudbs9q,Dark Oak Straight Twill Chino,Pants,0,0,0,2023-08-01 00:00:00
p_yqusyfjxtf,Gunmetal Hooded Puffer Jacket,Puffer Jackets,0,0,0,2023-08-01 00:00:00
p_kkdff6r47e,Meadow Slim Twill Chino,Pants,0,0,0,2023-08-01 00:00:00
p_rnmhwn9kcu,Navy Slim Twill Chino,Pants,0,0,0,2023-08-01 00:00:00
p_y5u5gs4evr,Navy Straight Twill Chino,Pants,0,0,0,2023-08-01 00:00:00
p_vqc6jejd69,Long Sleeve Button Up Shirt | Do-It-All Comfort | Black,Button Down Shirts,0,0,0,2023-08-01 00:00:00
p_p8ep2jre98,Hoodie | Active | Black,Hoodie,0,0,0,2023-08-01 00:00:00
p_vubwwnzvnt,Dark Heather Cadet Long Sleeve Active Crew Neck,T-Shirts,0,0,0,2023-08-01 00:00:00
p_e2426ac79u,Dark Heather Tempest Long Sleeve Active Crew Neck,Sweatshirt,0,0,0,2023-08-01 00:00:00
p_cjzvdmswjf,White Active Hoodie,Hoodie,0,0,0,2023-08-01 00:00:00
p_ncwnq5usm5,"Shorts | Active Training | 7"" | Slate Green",Athletic Shorts,0,0,0,2023-08-01 00:00:00
p_x443echvnq,"Chino Shorts | Comfort | 7"" | Military Green",Shorts,0,0,0,2023-08-01 00:00:00
p_qhjjf5kjgd,"Chino Shorts | Comfort | 7"" | Rosewood",Shorts,0,0,0,2023-08-01 00:00:00
p_f8rywmvjsy,"Chino Shorts | Comfort | 7"" | Sapphire",Shorts,0,0,0,2023-08-01 00:00:00
p_6kxr6rztwd,"Chino Shorts | Comfort | 7"" | Slate Green",Shorts,0,0,0,2023-08-01 00:00:00
p_56zbdasvhd,"Chino Shorts | Comfort | 9"" | Sapphire",Shorts,0,0,0,2023-08-01 00:00:00
p_xpmubyp2yg,"Chino Shorts | Comfort | 9"" | Slate Green",Shorts,0,0,0,2023-08-01 00:00:00
p_saytmbtmak,"Shorts | Classic Twill | 9"" | Black",Shorts,0,0,0,2023-08-01 00:00:00
p_aytxzkck8x,"Shorts | Classic Twill | 7"" | Black",Shorts,0,0,0,2023-08-01 00:00:00
p_fhdff8x3jt,"Shorts | Classic Twill | 7"" | Harbor",Shorts,0,0,0,2023-08-01 00:00:00
p_q2935cukf5,"Shorts | Classic Twill | 7"" | Khaki",Shorts,0,0,0,2023-08-01 00:00:00
p_qr5wafyaq4,"Shorts | Classic Twill | 7"" | Moss",Shorts,0,0,0,2023-08-01 00:00:00
p_j48puxsej5,"Shorts | Classic Twill | 7"" | Sandstone",Shorts,0,0,0,2023-08-01 00:00:00
p_b2wv3hqta7,"Shorts | Classic Twill | 9"" | Centurion",Shorts,0,0,0,2023-08-01 00:00:00
p_wungd9j4dh,"Shorts | Active Training | 7"" | Black",Shorts,0,0,0,2023-08-01 00:00:00
p_r9rn7a2dy5,"Shorts | Active Training | 7"" | Carbon",Shorts,0,0,0,2023-08-01 00:00:00
p_n9qtgjygdv,"Shorts | Active Training | 7"" | Sandstone",Athletic Shorts,0,0,0,2023-08-01 00:00:00
p_nu9kcajw2z,"Chino Shorts | Comfort | 7"" | Black",Shorts,0,0,0,2023-08-01 00:00:00
p_hmp7dkjce9,"Chino Shorts | Comfort | 7"" | Carbon",Shorts,0,0,0,2023-08-01 00:00:00
p_25upswaptj,"Chino Shorts | Comfort | 7"" | Khaki",Shorts,0,0,0,2023-08-01 00:00:00
p_kaq2j39v2p,"Chino Shorts | Comfort | 7"" | Navy",Shorts,0,0,0,2023-08-01 00:00:00
p_utfqrxy94f,Shorts | Commuter | Black,Shorts,0,0,0,2023-08-01 00:00:00
p_prrc5xwre5,Khaki Commuter Short,Shorts,0,0,0,2023-08-01 00:00:00
p_bj4epra3sv,Shorts | Fleece French Terry | Black,Shorts,0,0,0,2023-08-01 00:00:00
p_fvgyjfheyt,Sandstone Commuter Short,Shorts,0,0,0,2023-08-01 00:00:00
p_epuubwwz7s,Military Green Fleece French Terry Short,Shorts,0,0,0,2023-08-01 00:00:00
p_j4bf77xx5v,"Chino Shorts | Comfort | 9"" | Black",Shorts,0,0,0,2023-08-01 00:00:00
p_74gmgsy6yv,Navy Fleece French Terry Short,Shorts,0,0,0,2023-08-01 00:00:00
p_m5f29n89jy,"Chino Shorts | Comfort | 9"" | Carbon",Shorts,0,0,0,2023-08-01 00:00:00
p_47meu4bybx,"Chino Shorts | Comfort |  9"" | Ivory",Shorts,0,0,0,2023-08-01 00:00:00
p_5za8gj7unh,"Chino Shorts | Comfort | 9"" | Khaki",Shorts,0,0,0,2023-08-01 00:00:00
p_arxdch5qcv,"Chino Shorts | Comfort | 9"" | Military Green",Shorts,0,0,0,2023-08-01 00:00:00
p_en8vndps74,"Chino Shorts | Comfort | 9"" | Navy",Shorts,0,0,0,2023-08-01 00:00:00
p_rquj6mrdex,Dark Heather Navy Active Comfort Short,Shorts,0,0,0,2023-08-01 00:00:00
p_6ra9g27e7u,Burgundy Active Quick Dry Short with Liner,Swim Shorts,0,0,0,2023-08-01 00:00:00
p_5ek32kjgzp,Navy Active Quick Dry Short with Liner,Swim Shorts,0,0,0,2023-08-01 00:00:00
p_bp7w9cp3k9,Pants | Commuter | Black,Pants,0,0,0,2023-08-01 00:00:00
p_5p5sgcwp5f,"Shorts | Active Training | 7"" | Navy",Shorts,0,0,0,2023-08-01 00:00:00
p_47uf2puagk,"Shorts | Classic Twill | 7"" | Navy",Shorts,0,0,0,2023-08-01 00:00:00
p_9a5tjqerw5,"Shorts | Classic Twill | 9"" | Meadow",Shorts,0,0,0,2023-08-01 00:00:00
p_a69bzurkgs,Joggers | Active | Black,Sweatpants & Joggers,0,0,0,2023-08-01 00:00:00
p_2bkrkbfbk9,Classic Polarized Sunglasses | Black,Sunglasses,0,0,0,2023-08-01 00:00:00
p_vvkaza7v48,Long Sleeve Button Up Shirt | Commuter | Black,Button Down Shirts,0,0,0,2023-08-01 00:00:00
p_egq2tewvm7,Long Sleeve Henley | Black,T-Shirts,0,0,0,2023-08-01 00:00:00
p_yp2v99qxbf,Classic Polarized Sunglasses | Black Mirror,Sunglasses,0,0,0,2023-08-01 00:00:00
p_mef5fue56y,Dress Shirt | Lightweight Performance | Black,Button Down Shirts,0,0,0,2023-08-01 00:00:00
p_fpmkw85rke,Short Sleeve Polo Shirt | Black,Polos,0,0,0,2023-08-01 00:00:00
p_s7c853uk5c,Puffer Jacket | Black,Puffer Jackets,0,0,0,2023-08-01 00:00:00
p_8nhyuguh4z,Chino Pants | Slim | Twill | Black,Pants,0,0,0,2023-08-01 00:00:00
p_ka5fa3ne6y,Slippers | Black,Slippers,0,0,0,2023-08-01 00:00:00
p_6wnwzma24v,Long Sleeve Button Up Shirt | Stretch Oxford | Black,Button Down Shirts,0,0,0,2023-08-01 00:00:00
p_u3ffx96ehp,Short Sleeve T-Shirt | Tall | Active Crew Neck | Black,T-Shirts,0,0,0,2023-08-01 00:00:00
p_ufjg6nn927,Long Sleeve T-Shirt | Tall | Black,T-Shirts,0,0,0,2023-08-01 00:00:00
p_enhxmmv3xa,Polo Shirt | Tall | Black,Polos,0,0,0,2023-08-01 00:00:00
p_gqfhmx28rz,Blue Quartz Short Sleeve Crew Neck T-Shirt,T-Shirts,0,0,0,2023-08-01 00:00:00
p_6ccw4zmdj6,Bluestone Tall Round Hem Crew Neck T-Shirt,T-Shirts,0,0,0,2023-08-01 00:00:00
p_ryght7etrs,Bluestone V-Neck Short Sleeve T-Shirt,T-Shirts,0,0,0,2023-08-01 00:00:00
p_5q95b4bjyg,Burgundy Short Sleeve Crew Neck T-Shirt,T-Shirts,0,0,0,2023-08-01 00:00:00
p_2sxe2kvxmc,Burgundy Long Sleeve Crew Neck T-Shirt,T-Shirts,0,0,0,2023-08-01 00:00:00
p_srwzc2wwq6,Burgundy Long Sleeve Henley,T-Shirts,0,0,0,2023-08-01 00:00:00
p_8p9z2j6eqt,Burgundy Short Sleeve V-Neck T-Shirt,T-Shirts,0,0,0,2023-08-01 00:00:00
p_dnq23rfcgu,"Carbon 7"" 2-in-1 Training Short",Athletic Shorts,0,0,0,2023-08-01 00:00:00
p_9tz4xs4maw,Carbon Commuter Long Sleeve Button Up Shirt,Button Down Shirts,0,0,0,2023-08-01 00:00:00
p_82erf6xepz,Carbon Commuter Pant,Pants,0,0,0,2023-08-01 00:00:00
p_gxqdqumwae,Carbon Short Sleeve Crew Neck T-Shirt,T-Shirts,0,0,0,2023-08-01 00:00:00
p_nmb6y3r32b,Carbon Fleece French Terry Jogger,Sweatpants & Joggers,0,0,0,2023-08-01 00:00:00
p_mqhey6peq9,Carbon Fleece French Terry Pullover Crew Neck Sweatshirt,Sweatshirt,0,0,0,2023-08-01 00:00:00
p_pgvy4mwya6,Carbon Fleece French Terry Pullover Hoodie,Hoodie,0,0,0,2023-08-01 00:00:00
p_dcfsb4qj5s,Carbon Performance Lightweight Dress Shirt,Button Down Shirts,0,0,0,2023-08-01 00:00:00
p_q9e4tw2vgn,Carbon Tall Active Crew Neck T-Shirt,T-Shirts,0,0,0,2023-08-01 00:00:00
p_3mznzzvw2f,Carbon Tall Round Hem Crew Neck T-Shirt,T-Shirts,0,0,0,2023-08-01 00:00:00
p_fcv57d39m8,Carbon Short Sleeve V-Neck T-Shirt,T-Shirts,0,0,0,2023-08-01 00:00:00
p_n6hvkgussy,Carbon Waffle Hoodie,Hoodie,0,0,0,2023-08-01 00:00:00
p_yg5234hu8z,Centurion Short Sleeve Sweater Polo Shirt,Polos,0,0,0,2023-08-01 00:00:00
p_qcw7eb8td6,Charcoal Heather Active Comfort Full Zip Hoodie,Hoodie,0,0,0,2023-08-01 00:00:00
p_agkp4c43e4,Charcoal Heather Active Comfort Pullover Hoodie,Hoodie,0,0,0,2023-08-01 00:00:00
p_cn8axvjmp9,Charcoal Heather Gray Active Comfort Short,Athletic Shorts,0,0,0,2023-08-01 00:00:00
p_6c6nrcr2c3, Short Sleeve T-Shirt | Active Crew Neck | Charcoal Heather Gray,T-Shirts,0,0,0,2023-08-01 00:00:00
p_znfcswnte7,Charcoal Heather Gray Active Hoodie,Hoodie,0,0,0,2023-08-01 00:00:00
p_bdbtrvs35c,Charcoal Heather Gray Active Joggers,Sweatpants & Joggers,0,0,0,2023-08-01 00:00:00
p_pxnmvcumyj,Charcoal Heather Gray Do-It-All Comfort Long Sleeve Button Up Shirt,Button Down Shirts,0,0,0,2023-08-01 00:00:00
p_yra4pxjn2n,Charcoal Heather Gray Fleece French Terry Full Zip,Hoodie,0,0,0,2023-08-01 00:00:00
p_k727r3s7q8,Charcoal Heather Gray Fleece French Terry Jogger,Sweatpants & Joggers,0,0,0,2023-08-01 00:00:00
p_qsxubmrtfw,Long Sleeve Tee | Loungewear | Charcoal Heather Gray,T-Shirts,0,0,0,2023-08-01 00:00:00
p_hrqsaa2u6g,Charcoal Heather Gray Loungewear Pant,Pants,0,0,0,2023-08-01 00:00:00
p_z9gg92dcqx,Charcoal Heather Gray Short Sleeve Polo Shirt,Polos,0,0,0,2023-08-01 00:00:00
p_3shyn5zkky,Charcoal Heather Gray Tall Crew T-Shirt,T-Shirts,0,0,0,2023-08-01 00:00:00
p_mvqwbcmhah,Charcoal Heather Gray Tall Round Hem Crew Neck T-Shirt,T-Shirts,0,0,0,2023-08-01 00:00:00
p_yupfqc6yfm,Charcoal Heather Gray Short Sleeve V-Neck T-Shirt,T-Shirts,0,0,0,2023-08-01 00:00:00
p_6k245nh69q,Crimson Long Sleeve Crew Neck T-Shirt,T-Shirts,0,0,0,2023-08-01 00:00:00
p_rhxjthz5x8,Dark Heather Burgundy Active Comfort Short,Swim Shorts,0,0,0,2023-08-01 00:00:00
p_ucy8r4cqe3,Dark Heather Burgundy Active Joggers,Sweatpants & Joggers,0,0,0,2023-08-01 00:00:00
p_2eh6mejec7,Dark Heather Cadet Active Crew Neck T-Shirt,T-Shirts,0,0,0,2023-08-01 00:00:00
p_sfn5q4bv26,Dark Heather Cadet Short Sleeve Active Polo Shirt,Polos,0,0,0,2023-08-01 00:00:00
p_ncvpa3z4h7,Dark Heather Cadet Long Sleeve Active Crew Neck T-Shirt,T-Shirts,0,0,0,2023-08-01 00:00:00
p_6njreat3aq,Dark Heather Cocoa Active Crew Neck T-Shirt,T-Shirts,0,0,0,2023-08-01 00:00:00
p_mjrxd2wgtf,Dark Heather Cocoa Short Sleeve Active Polo Shirt,Polos,0,0,0,2023-08-01 00:00:00
p_zf9muhc3as,Dark Heather Indigo Active Comfort Short,Shorts,0,0,0,2023-08-01 00:00:00
p_x5p88uuzy5,Dark Heather Indigo Active Joggers,Sweatpants & Joggers,0,0,0,2023-08-01 00:00:00
p_npx42jpcmt,Dark Heather Military Green Active Comfort Short,Shorts,0,0,0,2023-08-01 00:00:00
p_9m3e7uj62s,Dark Heather Military Green Active Joggers,Sweatpants & Joggers,0,0,0,2023-08-01 00:00:00
p_t2tpzxuynp,Dark Heather Navy Active Joggers,Sweatpants & Joggers,0,0,0,2023-08-01 00:00:00
p_vybqnpjdfb,Dark Heather Tempest Active Crew Neck T-Shirt,T-Shirts,0,0,0,2023-08-01 00:00:00
p_gzgm33n9cz,Dark Heather Tempest Short Sleeve Active Polo Shirt,Polos,0,0,0,2023-08-01 00:00:00
p_sph8dsebwy,Dark Oak Fleece French Terry Pullover Crew Neck Sweatshirt,Sweatshirt,0,0,0,2023-08-01 00:00:00
p_zpj5m6rzbh,Dark Oak Fleece French Terry Pullover Hoodie,Hoodie,0,0,0,2023-08-01 00:00:00
p_bvsv82u2jt,Dark Oak Fleece French Terry Zip Hoodie,Hoodie,0,0,0,2023-08-01 00:00:00
p_xdyn8gxhhe,Dark Oak Long Sleeve Waffle Crew,Sweatshirt,0,0,0,2023-08-01 00:00:00
p_hvyht2dd2v,Dark Oak Slim Twill Chino Pant,Pants,0,0,0,2023-08-01 00:00:00
p_9mtccasba9,Dark Oak Waffle Hoodie,Hoodie,0,0,0,2023-08-01 00:00:00
p_2wxxfw7mca,Dark Olive Fleece Shacket,Shirt Jackets,0,0,0,2023-08-01 00:00:00
p_b3ppfm2vay,Dark Olive Long Sleeve Waffle Crew,Shirt,0,0,0,2023-08-01 00:00:00
p_a6yxedr8jx,Dark Purple Short Sleeve V-Neck T-Shirt ,T-Shirts,0,0,0,2023-08-01 00:00:00
p_zwwudtzed5,Deep Sea Blue Heather Active Hoodie,Hoodie,0,0,0,2023-08-01 00:00:00
p_9y7p8njxta,Deep Sea Blue Heather Active Long Sleeve Crew T-Shirt,T-Shirts,0,0,0,2023-08-01 00:00:00
p_wht3v5efkm,Deep Sea Blue Long Sleeve Waffle Crew,T-Shirts,0,0,0,2023-08-01 00:00:00
p_z7xekuufwm,Ecru Do-It-All Comfort Long Sleeve Button Up Shirt,Button Down Shirts,0,0,0,2023-08-01 00:00:00
p_kvuhf7884a,Electric Blue Short Sleeve Polo Shirt,Polos,0,0,0,2023-08-01 00:00:00
p_ysyjzgmtu6,Evergreen Heather Active Hoodie,Hoodie,0,0,0,2023-08-01 00:00:00
p_shc7xvk932,Evergreen Heather Active Long Sleeve Crew Neck T-Shirt,T-Shirts,0,0,0,2023-08-01 00:00:00
p_2d43kb3hj3,Evergreen Heather Long Sleeve Waffle Crew,Sweatshirt,0,0,0,2023-08-01 00:00:00
p_yszdpmgyju,Evergreen Sweater Scarf,Scarf,0,0,0,2023-08-01 00:00:00
p_ydptv6rbpw,Gradient Classic Polarized Sunglasses,Sunglasses,0,0,0,2023-08-01 00:00:00
p_3wdph5p4a5,Gunmetal Puffer Vest,Outerwear Vests,0,0,0,2023-08-01 00:00:00
p_2c7s8a7bmw,Heather Black Active Jogger,Sweatpants & Joggers,0,0,0,2023-08-01 00:00:00
p_dny6u2yy3n,Heather Burgundy Active Crew Neck T-Shirt,T-Shirts,0,0,0,2023-08-01 00:00:00
p_5a5sfcgqkq,Heather Burgundy Active Long Sleeve Crew Neck T-Shirt,T-Shirts,0,0,0,2023-08-01 00:00:00
p_ctw749pxad,Heather Burgundy Long Sleeve Crew Neck T-Shirt,T-Shirts,0,0,0,2023-08-01 00:00:00
p_pqwkc9p2hu,Heather Burgundy Short Sleeve Crew Neck T-Shirt,T-Shirts,0,0,0,2023-08-01 00:00:00
p_a2wcem7cms,Heather Burgundy Short Sleeve V-Neck T-Shirt,T-Shirts,0,0,0,2023-08-01 00:00:00
p_25hy766nzk,Heather Cayenne Short Sleeve Crew Neck T-Shirt,T-Shirts,0,0,0,2023-08-01 00:00:00
p_x7cgdhmyp3,Heather Navy Short Sleeve Polo Shirt,Polos,0,0,0,2023-08-01 00:00:00
p_2hkre8aznc,Military Green Tall Straight Hem Crew Neck T-Shirt,T-Shirts,0,0,0,2023-08-01 00:00:00
p_73kjt62een,Heather Cayenne Short Sleeve Polo Shirt,Polos,0,0,0,2023-08-01 00:00:00
p_dpgtwv5dut,Heather Cayenne Short Sleeve Tall Polo,Polos,0,0,0,2023-08-01 00:00:00
p_rpenkmstmg,Heather Centurion Active Crew Neck T-Shirt,T-Shirts,0,0,0,2023-08-01 00:00:00
p_kzqm93unyy,Heather Cocoa Active Crew Neck T-Shirt,T-Shirts,0,0,0,2023-08-01 00:00:00
p_rua2yj3jmt,Heather Dark Oak Crew Short Sleeve Neck T-Shirt,T-Shirts,0,0,0,2023-08-01 00:00:00
p_cve5gy56m8,Heather Dark Oak Short Sleeve V-Neck T-Shirt,T-Shirts,0,0,0,2023-08-01 00:00:00
p_cvrhss99ts,Heather Dark Orchid Short Sleeve V-Neck T-Shirt,Shirt,0,0,0,2023-08-01 00:00:00
p_y3r2ug2mpu,Heather Forest Active Crew Neck T-Shirt,T-Shirts,0,0,0,2023-08-01 00:00:00
p_h75hjs7973,Heather Forest Short Sleeve Active Polo Shirt,Polos,0,0,0,2023-08-01 00:00:00
p_x5pshyk4q9,Heather Graphite Short Sleeve Polo Shirt,Polos,0,0,0,2023-08-01 00:00:00
p_g4xkdswn5e,Heather Gray Active Comfort Short,Shorts,0,0,0,2023-08-01 00:00:00
p_9p8bns7rmp,Heather Gray Active Crew Socks 3-Pack,Socks,0,0,0,2023-08-01 00:00:00
p_bjecaeres5,Heather Gray Active Never Show Socks 3-Pack,Socks,0,0,0,2023-08-01 00:00:00
p_nw97q8x9x2,Heather Gray Ankle Socks 3-Pack,Socks,0,0,0,2023-08-01 00:00:00
p_n3jnq4u8q7,Heather Gray Crew Neck Sweater,Knit Sweaters,0,0,0,2023-08-01 00:00:00
p_gbh9ypmsjv,Heather Gray Do-It-All Comfort Long Sleeve Button Up Shirt,Button Down Shirts,0,0,0,2023-08-01 00:00:00
p_bz2jmxhgzb,Heather Gray Fleece French Terry Joggers,Sweatpants & Joggers,0,0,0,2023-08-01 00:00:00
p_dvj7aj4rxq,Heather Gray Fleece French Terry Pullover Crew Neck Sweatshirt,Sweatshirt,0,0,0,2023-08-01 00:00:00
p_ttdapkruav,Heather Gray Fleece French Terry Pullover Hoodie,Hoodie,0,0,0,2023-08-01 00:00:00
p_e3w27784ez,Heather Gray Long Sleeve Lightweight Flannel Shirt,Button Down Shirts,0,0,0,2023-08-01 00:00:00
p_7cvqeq727k,Heather Gray Long Sleeve Polo Shirt,Polos,0,0,0,2023-08-01 00:00:00
p_36tjt6cs8z,Heather Gray Pique Crew Sweater,Knit Sweaters,0,0,0,2023-08-01 00:00:00
p_mbdbf8ya5d,Heather Gray Sweater Long Sleeve Button Up Shirt,Button Down Shirts,0,0,0,2023-08-01 00:00:00
p_gzymf76rmw,Heather Navy Loungewear Jogger,Sweatpants & Joggers,0,0,0,2023-08-01 00:00:00
p_8nxyvmkrbc,Heather Navy Loungewear Pant,Pants,0,0,0,2023-08-01 00:00:00
p_yb98yp2sqv,Indigo Rinse Slim Authentic Stretch Jeans,Jeans,0,0,0,2023-08-01 00:00:00
p_juu2rq3qu8,Indigo Rinse Straight Authentic Stretch Jeans,Jeans,0,0,0,2023-08-01 00:00:00
p_jwjqtb338j,Khaki Comfort Chino Pants,Pants,0,0,0,2023-08-01 00:00:00
p_t83m3bqcj4,Khaki Commuter Pant,Pants,0,0,0,2023-08-01 00:00:00
p_spf5g5jf32,Khaki Slim Twill Chino,Pants,0,0,0,2023-08-01 00:00:00
p_jx3q5n329x,Khaki Straight Twill Chino,Pants,0,0,0,2023-08-01 00:00:00
p_rhugz6jch8,Light Indigo Wash Slim Authentic Stretch Jeans,Jeans,0,0,0,2023-08-01 00:00:00
p_katetzgtwe,Light Indigo Wash Straight Authentic Stretch Jeans,Jeans,0,0,0,2023-08-01 00:00:00
p_s57sjtnm4q,Meadow Straight Twill Chino,Pants,0,0,0,2023-08-01 00:00:00
p_d3c8r9bpvv,Medium Indigo Wash Slim Authentic Stretch Jeans,Jeans,0,0,0,2023-08-01 00:00:00
p_xgzt58skmg,Medium Indigo Wash Straight Authentic Stretch Jeans,Jeans,0,0,0,2023-08-01 00:00:00
p_egd9fym6xg,Navy Commuter Pant,Pants,0,0,0,2023-08-01 00:00:00
p_ymb5bq3vdv,Navy Fleece Shacket,Shirt Jackets,0,0,0,2023-08-01 00:00:00
p_accagka8uw,Reversible Dress Belt,Belt,0,0,0,2023-08-01 00:00:00
p_pjpnhtycns,Sandstone Commuter Pant,Pants,0,0,0,2023-08-01 00:00:00
p_dks9q92uqc,Heather Gray Tall Round Hem Crew Neck T-Shirt,T-Shirts,0,0,0,2023-08-01 00:00:00
p_udqn8s72v2,Navy Tall Round Hem Crew Neck T-Shirt,T-Shirts,0,0,0,2023-08-01 00:00:00
p_8y5vsf82td,Heather Emerald Short Sleeve Crew Neck T-Shirt,T-Shirts,0,0,0,2023-08-01 00:00:00
p_xqh3f9cwus,Heather Emerald Short Sleeve V-Neck T-Shirt,T-Shirts,0,0,0,2023-08-01 00:00:00
p_vst6extntp,Heather Gray Active Jogger,Sweatpants & Joggers,0,0,0,2023-08-01 00:00:00
p_75cz36rfz9,Heather Gray Sweater Hoodie,Hoodie,0,0,0,2023-08-01 00:00:00
p_6cj8gtxf2x,Heather Gray Tall Long Sleeve T-Shirt,Shirt,0,0,0,2023-08-01 00:00:00
p_34upddt2cp,Heather Gray Tall Straight Hem Crew Neck T-Shirt,T-Shirts,0,0,0,2023-08-01 00:00:00
p_behk4g2psv,Heather Gray Short Sleeve V-Neck T-Shirt,T-Shirts,0,0,0,2023-08-01 00:00:00
p_kgcgy98rwb,Heather Gray Waffle Hoodie,Hoodie,0,0,0,2023-08-01 00:00:00
p_6suxvjsvfc,Heather Indigo Tall Round Hem Crew Neck T-Shirt,T-Shirts,0,0,0,2023-08-01 00:00:00
p_jpmpa7s5yw,Heather Indigo Short Sleeve V-Neck T-Shirt,T-Shirts,0,0,0,2023-08-01 00:00:00
p_4pdddcg9t6,Heather Military Green Long Sleeve Crew T-Shirt,T-Shirts,0,0,0,2023-08-01 00:00:00
p_284qkebjr8,Heather Military Green Short Sleeve Polo Shirt,Polos,0,0,0,2023-08-01 00:00:00
p_tbp6wvu828,Heather Military Green Short Sleeve V-Neck T-Shirt,T-Shirts,0,0,0,2023-08-01 00:00:00
p_x8z28nbvwg,Heather Mist Short Sleeve Crew Neck T-Shirt,T-Shirts,0,0,0,2023-08-01 00:00:00
p_rejmm7td92,Heather Mist Short Sleeve V-Neck T-Shirt,T-Shirts,0,0,0,2023-08-01 00:00:00
p_6wj7x98tcn,Heather Navy Active Comfort Crew Sweatshirt,Sweatshirt,0,0,0,2023-08-01 00:00:00
p_mtqhyqahab,Heather Navy Active Comfort Pullover Hoodie,Hoodie,0,0,0,2023-08-01 00:00:00
p_bxnehsqcdv,Heather Navy Short Sleeve Active Polo Shirt,Polos,0,0,0,2023-08-01 00:00:00
p_7bmuq9q6qw,Heather Navy Long Sleeve Ripstop Commuter Shirt,Shirt,0,0,0,2023-08-01 00:00:00
p_g6dg3x3nta,Heather Navy Pique Crew Sweater,Knit Sweaters,0,0,0,2023-08-01 00:00:00
p_5gc6jyy4vw,Heather Navy Tall Round Hem Crew Neck T-Shirt,T-Shirts,0,0,0,2023-08-01 00:00:00
p_u4zzshtv4s,Heather Navy Short Sleeve V-Neck T-Shirt,Shirt,0,0,0,2023-08-01 00:00:00
p_7tce4kfut5,Heather Oatmeal Crew Neck Sweater,Knit Sweaters,0,0,0,2023-08-01 00:00:00
p_eyc8fnh7za,Heather Purple Short Sleeve Crew Neck T-Shirt,T-Shirts,0,0,0,2023-08-01 00:00:00
p_fzwwcz6x6s,Heather Sage Short Sleeve Crew Neck T-Shirt,T-Shirts,0,0,0,2023-08-01 00:00:00
p_xvg4py479t,Heather Sage V-Neck Short Sleeve T-Shirt,T-Shirts,0,0,0,2023-08-01 00:00:00
p_up97jdnnsw,Heather Sapphire Short Sleeve Crew Neck T-Shirt,T-Shirts,0,0,0,2023-08-01 00:00:00
p_84xru5kzx9,Heather Dusty Pink Short Sleeve Crew Neck T-Shirt,T-Shirts,0,0,0,2023-08-01 00:00:00
p_xrvchd55bc,Heather Military Green Short Sleeve Tall Crew,Screen Printed T-Shirts,0,0,0,2023-08-01 00:00:00
p_xqcme6qpqk,Heather Navy Active Comfort Full Zip Hoodie,Hoodie,0,0,0,2023-08-01 00:00:00
p_5f676x59tf,Long Sleeve Tee | Loungewear | Heather Navy,T-Shirts,0,0,0,2023-08-01 00:00:00
p_ztgcvk5gkn,Short Sleeve Tee | Loungewear | Heather Navy,T-Shirts,0,0,0,2023-08-01 00:00:00
p_spgwfvgehe,Heather Navy Sweater Long Sleeve Button Up Shirt,Button Down Shirts,0,0,0,2023-08-01 00:00:00
p_6mr5zpx479,Indigo Wash Straight Fit Comfort Jeans,Jeans,0,0,0,2023-08-01 00:00:00
p_5bvpjy99x9,Ivory Active Jacket,Jacket,0,0,0,2023-08-01 00:00:00
p_23ej4qec4x,Khaki Coaches Jacket,Jacket,0,0,0,2023-08-01 00:00:00
p_ukpa96wyhm,Light Gray Stretch Oxford Long Sleeve Button Up Shirt,Button Down Shirts,0,0,0,2023-08-01 00:00:00
p_mzcrkdhuvj,Light Heather Gray Tall Round Hem Crew Neck T-Shirt,T-Shirts,0,0,0,2023-08-01 00:00:00
p_f7jft6kfqg,Light Indigo Wash Long Sleeve Chambray Shirt,Shirt,0,0,0,2023-08-01 00:00:00
p_ae6rxxhgmc,Medium Indigo Wash Long Sleeve Chambray Shirt,Shirt,0,0,0,2023-08-01 00:00:00
p_4axmubbqfb,Medium Indigo Wash Slim Fit Comfort Jeans,Jeans,0,0,0,2023-08-01 00:00:00
p_6b6wk8uxa6,Military Green Comfort Chino Pants,Pants,0,0,0,2023-08-01 00:00:00
p_ewa8pkqm8u,Military Green Fleece French Terry Jogger,Sweatpants & Joggers,0,0,0,2023-08-01 00:00:00
p_9fu3j9tbue,Military Green Tall Round Hem Crew Neck T-Shirt,T-Shirts,0,0,0,2023-08-01 00:00:00
p_26dpvscejy,Navy Comfort Chino Pants,Pants,0,0,0,2023-08-01 00:00:00
p_gqs2hwpkjy,Navy Commuter Long Sleeve Button Up Shirt,Shirt,0,0,0,2023-08-01 00:00:00
p_e58dmnpc9e,Navy Fleece French Terry Jogger,Sweatpants & Joggers,0,0,0,2023-08-01 00:00:00
p_r3gbt3j2kw,Navy Long Sleeve Button Up Shirt,Shirt,0,0,0,2023-08-01 00:00:00
p_byy2kmxasx,Navy Long Sleeve Lightweight Flannel Shirt,Shirt,0,0,0,2023-08-01 00:00:00
p_dr2dsqwwjd,Navy Performance Lightweight Dress Shirt,Button Down Shirts,0,0,0,2023-08-01 00:00:00
p_2d9wqf9yrd,Navy Puffer Vest,Outerwear Vests,0,0,0,2023-08-01 00:00:00
p_m753ak35t9,Navy Stretch Oxford Long Sleeve Button Up Shirt,Shirt,0,0,0,2023-08-01 00:00:00
p_wzprzguypw,Sandstone Comfort Chino Pants,Pants,0,0,0,2023-08-01 00:00:00
p_fyejvaduhb,Stone Blue Active Jogger,Sweatpants & Joggers,0,0,0,2023-08-01 00:00:00
p_gv8hh5kma3,Stone Stretch Oxford Long Sleeve Button Up Shirt,Button Down Shirts,0,0,0,2023-08-01 00:00:00
p_9absn9mpzt,Suede Brown Comfort Chino Pant,Pants,0,0,0,2023-08-01 00:00:00
p_f3zjdpjr6y,White Active Ankle Socks 3-Pack,Socks,0,0,0,2023-08-01 00:00:00
p_vdzeqmc9rs,White Active Crew Socks 3-Pack,Socks,0,0,0,2023-08-01 00:00:00
p_u9kx69bqms,White Active Never Show Socks 3-Pack,Socks,0,0,0,2023-08-01 00:00:00
p_jybua995rp,White Long Sleeve Button Up Shirt,Button Down Shirts,0,0,0,2023-08-01 00:00:00
p_yabrk8yt6y,White Commuter Long Sleeve Button Up Shirt,Button Down Shirts,0,0,0,2023-08-01 00:00:00
p_jc3jqkdafw,White Commuter Short Sleeve Button Up,Button Down Shirts,0,0,0,2023-08-01 00:00:00
p_hvfwhakq9c,White Performance Lightweight Dress Shirt,Button Down Shirts,0,0,0,2023-08-01 00:00:00
p_btfq53bzn6,White Short Sleeve Active Polo Shirt,Polos,0,0,0,2023-08-01 00:00:00
p_p42j2ebh8r,White Short Sleeve Button Up Shirt,Shirt,0,0,0,2023-08-01 00:00:00
p_xug2xuwpqn,White Stretch Oxford Long Sleeve Button Up Shirt,Shirt,0,0,0,2023-08-01 00:00:00
p_2xrckgaktx,White Tall Round Hem Crew Neck T-Shirt,T-Shirts,0,0,0,2023-08-01 00:00:00
p_p29249kscd,White Waffle Hoodie,Hoodie,0,0,0,2023-08-01 00:00:00
p_395td7np9f,Heather Military Green Short Sleeve Tall Polo Shirt,Polos,0,0,0,2023-08-01 00:00:00
p_tmjb73g498,Heather Navy Short Sleeve Tall Polo Shirt,Polos,0,0,0,2023-08-01 00:00:00
p_p7dtyf9kd8,Heather Pale Blue Short Sleeve V-Neck T-Shirt,T-Shirts,0,0,0,2023-08-01 00:00:00
p_3fgxkpaxye,Heather Seafarer Short Sleeve Polo Shirt,Polos,0,0,0,2023-08-01 00:00:00
p_jre675wesy,Heather Seafarer Short Sleeve Tall Polo Shirt,Polos,0,0,0,2023-08-01 00:00:00
p_mqgpa9st88,Heather Sapphire Short Sleeve V-Neck T-Shirt,T-Shirts,0,0,0,2023-08-01 00:00:00
p_vaexg8brvb,Heather Navy Short Sleeve Tall Crew,T-Shirts,0,0,0,2023-08-01 00:00:00
p_dqknx7njuf,Heather Slate Green Short Sleeve Polo Shirt,Polos,0,0,0,2023-08-01 00:00:00
p_zscv6ea69y,Heather Voyager Short Sleeve Crew Neck T-Shirt,T-Shirts,0,0,0,2023-08-01 00:00:00
p_jzwpw7njj6,Heather Voyager Short Sleeve Polo Shirt,Polos,0,0,0,2023-08-01 00:00:00
p_6e9uas44v6,Heather Voyager Short Sleeve V-Neck T-Shirt,T-Shirts,0,0,0,2023-08-01 00:00:00
p_28xdw49sqx,Indigo Short Sleeve Crew Neck T-Shirt,T-Shirts,0,0,0,2023-08-01 00:00:00
p_79pyfxzssb,Indigo Short Sleeve V-Neck T-Shirt,T-Shirts,0,0,0,2023-08-01 00:00:00
p_cje82wcjgv,Iron Gray Active Crew Neck T-Shirt,T-Shirts,0,0,0,2023-08-01 00:00:00
p_42exp9424a,Light Heather Gray Active Crew Neck T-Shirt,T-Shirts,0,0,0,2023-08-01 00:00:00
p_8v2uvftad7,Light Heather Gray Short Sleeve Crew Neck T-Shirt,T-Shirts,0,0,0,2023-08-01 00:00:00
p_39k28x38p7,Light Heather Gray Short Sleeve Polo Shirt,Polos,0,0,0,2023-08-01 00:00:00
p_cgxstjpjhj,Light Khaki Short Sleeve Crew Neck T-Shirt,T-Shirts,0,0,0,2023-08-01 00:00:00
p_4rudftw6u6,Lilac Gray Short Sleeve V-Neck T-Shirt,T-Shirts,0,0,0,2023-08-01 00:00:00
p_zymrwj8fj9,Mahogany Short Sleeve Crew Neck T-Shirt,T-Shirts,0,0,0,2023-08-01 00:00:00
p_6b99p4bqsk,Mahogany Short Sleeve Polo Shirt,Polos,0,0,0,2023-08-01 00:00:00
p_tgudk6vxpb,Military Beige Short Sleeve V-Neck T-Shirt,T-Shirts,0,0,0,2023-08-01 00:00:00
p_cbxu2v3ntm,Military Green Short Sleeve Active Crew Neck T-Shirt,T-Shirts,0,0,0,2023-08-01 00:00:00
p_j9ak85wp57,Military Green Active Quick Dry Short with Liner,Shorts,0,0,0,2023-08-01 00:00:00
p_tfc9aqbuz4,Military Green Short Sleeve Crew Neck T-Shirt,T-Shirts,0,0,0,2023-08-01 00:00:00
p_ch6qn6a8en,Military Green Short Sleeve V-Neck T-Shirt,T-Shirts,0,0,0,2023-08-01 00:00:00
p_t4px9w63de,Navy Short Sleeve Crew Neck T-Shirt,T-Shirts,0,0,0,2023-08-01 00:00:00
p_cty4s4ehz9,Orange Short Sleeve V-Neck T-Shirt,T-Shirts,0,0,0,2023-08-01 00:00:00
p_wc3k5eupk3,Oxford Blue Short Sleeve V-Neck T-Shirt,T-Shirts,0,0,0,2023-08-01 00:00:00
p_zc2fube8nb,Periwinkle Blue Short Sleeve Polo Shirt,Polos,0,0,0,2023-08-01 00:00:00
p_hed6qt6arh,Raspberry Short Sleeve Polo Shirt,Polos,0,0,0,2023-08-01 00:00:00
p_uwx92gahmk,Mahogany Long Sleeve Henley,T-Shirts,0,0,0,2023-08-01 00:00:00
p_mdphbu2y54,Indigo Long Sleeve T-Shirt,T-Shirts,0,0,0,2023-08-01 00:00:00
p_vhh2e6dge7,Mellow Yellow Short Sleeve Crew Neck T-Shirt,T-Shirts,0,0,0,2023-08-01 00:00:00
p_w24fe8f3xz,Mellow Yellow Short Sleeve V-Neck T-Shirt,T-Shirts,0,0,0,2023-08-01 00:00:00
p_77barf9kfn,Mahogany Long Sleeve Waffle Crew,Sweatshirt,0,0,0,2023-08-01 00:00:00
p_624s29xq4x,Sweater Scarf | Black,Scarf,0,0,0,2023-08-01 00:00:00
p_c4xj5zhjn2,Heather Navy Sweater Button Up Shirt,Button Down Shirts,0,0,0,2023-08-01 00:00:00
p_qek9etj5vj,Heather Voyager Short Sleeve Crew Neck T-Shirt,Shirt,0,0,0,2023-08-01 00:00:00
p_u9qz9yabud,Indigo Wash Slim Fit Comfort Jeans,Jeans,0,0,0,2023-08-01 00:00:00
p_h5b94d3deu,Centurion Short Sleeve Sweater Polo,Polos,0,0,0,2023-08-01 00:00:00
p_erspmns4ce,Heather Seafarer Short Sleeve V-Neck Neck T-Shirt,Shirt,0,0,0,2023-08-01 00:00:00
p_q4h28hmd8q,Never Show Socks | Active | 3-Pack | Black,Socks,0,0,0,2023-08-01 00:00:00
p_aj2ry7xdv9,"Chino Shorts | Comfort | 7"" | Rosewood",Shorts,0,0,0,2023-08-01 00:00:00
p_9y7cp9jumm,"Shorts | Classic Twill | 9"" | Sandstone",Shorts,0,0,0,2023-08-01 00:00:00
p_3pskc4cwbp,"Shorts | Classic Twill | 9"" Khaki",Shorts,0,0,0,2023-08-01 00:00:00
p_6bn53rdnz2,"Shorts | Classic Twill | 9"" | Navy",Shorts,0,0,0,2023-08-01 00:00:00
p_h4877neu4n,Sandstone Commuter Short,Shorts,0,0,0,2023-08-01 00:00:00
p_xsbj94sm6q,Heather Gray Fleece French Terry Short,Shorts,0,0,0,2023-08-01 00:00:00
p_jqam2z9s7w,"Chino Shorts | Comfort | 9"" | Ivory",Shorts,0,0,0,2023-08-01 00:00:00
p_kvcynwabcy,"Chino Shorts | Comfort | 9"" | Sandstone",Shorts,0,0,0,2023-08-01 00:00:00
p_7y7ms9wtr4,Shorts | Active Comfort | Black,Shorts,0,0,0,2023-08-01 00:00:00
p_r5du83g9df,Shorts | Active | Quick Dry with Liner | Black,Swim Shorts,0,0,0,2023-08-01 00:00:00
p_7pvp4dcq5n,Carbon Active Quick Dry Short with Liner,Swim Shorts,0,0,0,2023-08-01 00:00:00
p_gmhetj6qvj,Long Sleeve Button Up Shirt | Stretch Oxford | Banker Blue,Button Down Shirts,0,0,0,2023-08-01 00:00:00
p_8q3s9r6qwu,Hoodie | Active Comfort | Full Zip | Black,Hoodie,0,0,0,2023-08-01 00:00:00
p_fc9era585c,Jacket | Active | Black,Athletic Jackets,0,0,0,2023-08-01 00:00:00
p_m26ckp2n6s,Black Tall Round Hem Crew Neck T-Shirt,T-Shirts,0,0,0,2023-08-01 00:00:00
p_cfg5xu3gvw,Dark Olive Short Sleeve Crew Neck T-Shirt,T-Shirts,0,0,0,2023-08-01 00:00:00
p_yhput7au44,Dark Olive Long Sleeve Henley,T-Shirts,0,0,0,2023-08-01 00:00:00
p_ez9ax3esv6,Emerald Long Sleeve Crew Neck T-Shirt,T-Shirts,0,0,0,2023-08-01 00:00:00
p_8vx6ygsmsd,Heather Gray Hooded Long Sleeve T-Shirt,Hoodie,0,0,0,2023-08-01 00:00:00
p_23ubcbvz89,Heather Gray Never Show Socks 3-Pack,Socks,0,0,0,2023-08-01 00:00:00
p_pz6x448p9t,Heather Gray Short Sleeve Sweater Polo Shirt,Knit Tops,0,0,0,2023-08-01 00:00:00
p_jg78h55jmw,Heather Gray Sweater Beanie,Beanie,0,0,0,2023-08-01 00:00:00
p_w7ysprckp8,Heather Navy Active Comfort Straight Leg Pant,Sweatpants & Joggers,0,0,0,2023-08-01 00:00:00
p_8nnyqj3ewe,Heather Emerald Tall Round Hem Crew Neck T-Shirt,T-Shirts,0,0,0,2023-08-01 00:00:00
p_ttezb89gxf,Heather Mauve Short Sleeve Crew Neck T-Shirt,T-Shirts,0,0,0,2023-08-01 00:00:00
p_qtjb9pcnn3,Heather Navy Active Shell Jacket,Jacket,0,0,0,2023-08-01 00:00:00
p_f92h3kv2cv,Heather Pale Blue Short Sleeve Crew Neck T-Shirt,T-Shirts,0,0,0,2023-08-01 00:00:00
p_vjgaj8nyrd,Heather Gray Sweater Scarf,Scarf,0,0,0,2023-08-01 00:00:00
p_dy7mjs4bpm,Sleeveless Muscle Tee | Active | Light Heather Gray,Tank Top,0,0,0,2023-08-01 00:00:00
p_6sdgsje2m3,Mahogany Fleece French Terry Jogger,Sweatpants & Joggers,0,0,0,2023-08-01 00:00:00
p_xfct3t2vkk,Mahogany Waffle Hoodie,Hoodie,0,0,0,2023-08-01 00:00:00
p_wtnvenruq9,Medium indigo Wash Straight Fit Comfort Jeans,Jeans,0,0,0,2023-08-01 00:00:00
p_v8pfb5wryd,Military Green Waffle Hoodie,Hoodie,0,0,0,2023-08-01 00:00:00
p_x525p5gyt4,Moss Short Sleeve Sweater Polo Shirt,T-Shirts,0,0,0,2023-08-01 00:00:00
p_t58yx24wsb,Navy Hooded Long Sleeve T-Shirt,Sweatshirt,0,0,0,2023-08-01 00:00:00
p_msfd479sz8,Navy Short Sleeve Button Up Shirt,Shirt,0,0,0,2023-08-01 00:00:00
p_mau5qbhasg,Navy Short Sleeve Sweater Polo Shirt,Knit Sweaters,0,0,0,2023-08-01 00:00:00
p_kccxqadagn,Navy Waffle Hoodie,Hoodie,0,0,0,2023-08-01 00:00:00
p_dbg2vhd8gn,Navy Waffle Long Sleeve Crew Neck,Sweatshirt,0,0,0,2023-08-01 00:00:00
p_7kzk6kwsxk,Oatmeal Sweater Hoodie,Hoodie,0,0,0,2023-08-01 00:00:00
p_xhubfpt2bh,Olive Long Sleeve Ripstop Commuter Shirt,Shirt,0,0,0,2023-08-01 00:00:00
p_29wrd4wkfa,Pale Blue Button Up Shirt,Button Down Shirts,0,0,0,2023-08-01 00:00:00
p_u2rhgedcvp,White Long Sleeve Polo Shirt,Polos,0,0,0,2023-08-01 00:00:00
p_5e7t6v6gv8,Heather Sapphire Short Sleeve V-Neck T-Shirt,T-Shirts,0,0,0,2023-08-01 00:00:00
p_wctjf5cy38,Heather Seafarer Short Sleeve Crew Neck T-Shirt,T-Shirts,0,0,0,2023-08-01 00:00:00
p_dxzcer2fk8,Heather Slate Green Short Sleeve Crew Neck T-Shirt,T-Shirts,0,0,0,2023-08-01 00:00:00
p_dbcpnaxxzz,Navy Boxer Briefs 3-Pack,Underwear,0,0,0,2023-08-01 00:00:00
p_4juc2hdg85,Navy Tall Straight Hem Crew Neck T-Shirt,T-Shirts,0,0,0,2023-08-01 00:00:00
p_drc7rrjfsv,Mahogany Long Sleeve T-Shirt,Shirt,0,0,0,2023-08-01 00:00:00
p_rpcku7uhxu,Mahogany Short Sleeve V-Neck T-Shirt,T-Shirts,0,0,0,2023-08-01 00:00:00
p_jj6vbqjbcj,Navy Boxer Trunks 3-Pack,Underwear,0,0,0,2023-08-01 00:00:00
p_zm5cpgbxrk,Sapphire Short Sleeve Crew Neck T-Shirt,T-Shirts,0,0,0,2023-08-01 00:00:00
p_npv4nzv5x2,Sapphire Short Sleeve Polo Shirt,Polos,0,0,0,2023-08-01 00:00:00
p_ps2ys9u9da,Short Sleeve T-Shirt | Crew Neck | Steel,T-Shirts,0,0,0,2023-08-01 00:00:00
p_wue6hk6hmr,Short Sleeve T-Shirt | V-Neck | Steel,T-Shirts,0,0,0,2023-08-01 00:00:00
p_avsdr3kjaw,Military Green Boxer Briefs 3-Pack,Underwear,0,0,0,2023-08-01 00:00:00
p_9xxg4dd5wv,Navy Tall Long Sleeve T-Shirt,Shirt,0,0,0,2023-08-01 00:00:00
p_4qvba3a9f7,Off White Short Sleeve Crew Neck T-Shirt,T-Shirts,0,0,0,2023-08-01 00:00:00
p_rh632vzkvf,Raspberry Short Sleeve Crew Neck T-Shirt,T-Shirts,0,0,0,2023-08-01 00:00:00
p_jgnjyyepyv,White Short Sleeve Crew Neck T-Shirt,T-Shirts,0,0,0,2023-08-01 00:00:00
p_2nzpxxx9qd,White Tall Long Sleeve T-Shirt,T-Shirts,0,0,0,2023-08-01 00:00:00
p_fsr8s5rfne,Navy Tall Active Crew Neck,T-Shirts,0,0,0,2023-08-01 00:00:00
p_xzhwz3h8uh,Heather Light Khaki Crew Neck,Sweatshirt,0,0,0,2023-08-01 00:00:00
p_g2f7b4qvq8,Kelly Green Short Sleeve Crew Neck T-Shirt,T-Shirts,0,0,0,2023-08-01 00:00:00
p_jdmt24d7hn,Pale Blue Short Sleeve Crew Neck T-Shirt,T-Shirts,0,0,0,2023-08-01 00:00:00
p_xx645fy2er,Pink Opal Short Sleeve Crew Neck T-Shirt,T-Shirts,0,0,0,2023-08-01 00:00:00
p_m9zcd62yqy,Sandstone Short Sleeve Crew Neck T-Shirt,T-Shirts,0,0,0,2023-08-01 00:00:00
p_4m97kku3wq,Tan 499 Short Sleeve Crew Neck T-Shirt,T-Shirts,0,0,0,2023-08-01 00:00:00
p_6q2v79acx5,Light Blue Short Sleeve V-Neck T-Shirt,T-Shirts,0,0,0,2023-08-01 00:00:00
p_ce7amvu2k2,Light Heather Short Sleeve Gray V-Neck T-Shirt,T-Shirts,0,0,0,2023-08-01 00:00:00
p_ar4zzgjk5p,Periwinkle Blue Short Sleeve Crew Neck T-Shirt,T-Shirts,0,0,0,2023-08-01 00:00:00
p_e34ttzx6kf,True Red Short Sleeve Crew Neck T-Shirt,T-Shirts,0,0,0,2023-08-01 00:00:00
p_qsrzg2ce35,Turquoise Short Sleeve Crew Neck T-Shirt,T-Shirts,0,0,0,2023-08-01 00:00:00
p_bg7f7edphc,Stone Blue Active Comfort Short,Shorts,0,0,0,2023-08-01 00:00:00
p_ka34xhhhr8,Indigo Boxer Briefs 3-Pack,Underwear,0,0,0,2023-08-01 00:00:00
p_axzk47pvme,Teal Boxer Briefs 3-Pack,Underwear,0,0,0,2023-08-01 00:00:00
p_cnrb9yncvy,White Half Crew Sock 3-Pack,Socks,0,0,0,2023-08-01 00:00:00
p_pkqtyg3hqm,White Never Show Socks 3-Pack,Socks,0,0,0,2023-08-01 00:00:00
p_8q6fwp8wgq,Yellow Short Sleeve Polo Shirt,Polos,0,0,0,2023-08-01 00:00:00
p_8497zwuxp3,Mahogany Fleece French Terry Pullover Crew Sweatshirt,Sweatshirt,0,0,0,2023-08-01 00:00:00
p_dcqnnrpypu,Long Sleeve Tee And Jogger Set | Loungewear | Charcoal Heather Gray,Sweatshirt,0,0,0,2023-08-01 00:00:00
p_cc9s42vn4x,Short Sleeve Tee And Pant Set | Loungewear | Charcoal Heather Gray,Sweatpants & Joggers,0,0,0,2023-08-01 00:00:00
p_zwuqmdbfnt,Charcoal Heather Gray Short Sleeve Tall Active Crew Neck,T-Shirts,0,0,0,2023-08-01 00:00:00
p_un65wg283k,Long Sleeve Tee And Jogger Set | Loungewear | Heather Navy,Sweatshirt,0,0,0,2023-08-01 00:00:00
p_pqxd5rn6d9,Short Sleeve Tee And Pant Set | Loungewear | Heather Navy,Lounge Sweatpants & Joggers,0,0,0,2023-08-01 00:00:00
p_pznn6yemfk,Heather Navy Quarter Zip Performance Shirt,Athletic Tops,0,0,0,2023-08-01 00:00:00
p_f8nexh4476,Heather Navy Short Sleeve Tall Active Crew Neck,T-Shirts,0,0,0,2023-08-01 00:00:00
p_v4vw7cyjx6,White Short Sleeve Tall Active Crew Neck,T-Shirts,0,0,0,2023-08-01 00:00:00
p_fbcq86jv23,Heather Dusty Pink Short Sleeve V-Neck T-Shirt,T-Shirts,0,0,0,2023-08-01 00:00:00
p_d47n8u8fab,Black Long Sleeve Henley,Shirt,0,0,0,2023-08-01 00:00:00
p_7ekanr458k,Heather Burgundy Active Crew Neck T-Shirt,Shirt,0,0,0,2023-08-01 00:00:00
p_adhb2jnwk7,Military Green Tall Straight Hem Crew Neck T-Shirt,T-Shirts,0,0,0,2023-08-01 00:00:00
p_4xegh3d2dq,White Short Sleeve Active Polo Shirt,Polos,0,0,0,2023-08-01 00:00:00
p_jgj485u9gx,Heather Gray Hooded Long Sleeve T-Shirt,Hoodie,0,0,0,2023-08-01 00:00:00
p_5uvd4uv28m,Mahogany Waffle Hoodie,Hoodie,0,0,0,2023-08-01 00:00:00
p_qh5ucmcku5,Military Green Waffle Hoodie,Hoodie,0,0,0,2023-08-01 00:00:00
p_wrcbv4f2uu,Navy Hooded Long Sleeve T-Shirt,Sweatshirt,0,0,0,2023-08-01 00:00:00
p_3rcm54jqbs,Navy Waffle Hoodie,Hoodie,0,0,0,2023-08-01 00:00:00
p_vjd833ph3z,White Waffle Hoodie,Hoodie,0,0,0,2023-08-01 00:00:00
p_5uapency29,Navy Waffle Long Sleeve Crew Neck,Sweatshirt,0,0,0,2023-08-01 00:00:00
p_4ssfur9upr,Pale Blue Button Up Shirt,Button Down Shirts,0,0,0,2023-08-01 00:00:00
p_u9t2zm725p,Short Sleeve Active Polo Shirt | Black,Polos,0,0,0,2023-08-01 00:00:00
p_mnk33hmpwg,White Short Sleeve Active Polo,Polos,0,0,0,2023-08-01 00:00:00
p_ch7bwuavhv,Heather Gray Sweater Scarf,Scarf,0,0,0,2023-08-01 00:00:00
p_5crt48k7v7,Navy Short Sleeve Button Up Shirt,Shirt,0,0,0,2023-08-01 00:00:00
p_r6t642amsw,White Short Sleeve Button Up Shirt,Shirt,0,0,0,2023-08-01 00:00:00
p_pzx9wvv4qb,Heather Mauve Short Sleeve Crew Neck T-Shirt,T-Shirts,0,0,0,2023-08-01 00:00:00
p_tvdv27amhe,Heather Navy Active Comfort Straight Leg Pant,Sweatpants & Joggers,0,0,0,2023-08-01 00:00:00
p_2rhbv3znrg,Heather Navy Active Shell Jacket,Jacket,0,0,0,2023-08-01 00:00:00
p_ne28r8hbv2,Heather Seafarer Short Sleeve Crew Neck T-Shirt,T-Shirts,0,0,0,2023-08-01 00:00:00
p_yxq99tj7cv,Heather Slate Green Short Sleeve Crew Neck T-Shirt,Shirt,0,0,0,2023-08-01 00:00:00
p_2mwcc7hpkx,Light Heather Gray Sleeveless Active Muscle Tee,Tank Top,0,0,0,2023-08-01 00:00:00
p_cyyubbh7u4,Mahogany Fleece French Terry Jogger,Sweatpants & Joggers,0,0,0,2023-08-01 00:00:00
p_fqsqmarq3k,Mahogany Long Sleeve T-Shirt,Shirt,0,0,0,2023-08-01 00:00:00
p_r6f5ekuzmt,Mahogany V-Neck T-Shirt,Shirt,0,0,0,2023-08-01 00:00:00
p_zm7a3rkwma,Navy Tall Straight Hem Crew Neck T-Shirt,T-Shirts,0,0,0,2023-08-01 00:00:00
p_qktubda8xw,Heather Sapphire Short Sleeve V-Neck T-Shirt,T-Shirts,0,0,0,2023-08-01 00:00:00
p_bpux6v6hy3,Moss Short Sleeve Sweater Polo Shirt,T-Shirts,0,0,0,2023-08-01 00:00:00
p_x53atty9z2,Steel Short Sleeve V-Neck T-Shirt,T-Shirts,0,0,0,2023-08-01 00:00:00
p_55tcz9qg6f,Black Boxer Briefs 3-Pack,Underwear,0,0,0,2023-08-01 00:00:00
p_3t9x6drd9q,Never Show Socks | 3-Pack | Black,Socks,0,0,0,2023-08-01 00:00:00
p_9u87cuwg9k,Carbon Boxer Briefs 3-Pack,Underwear,0,0,0,2023-08-01 00:00:00
p_wuqcj8q3tb,Heather Gray Never Show Socks 3-Pack,Socks,0,0,0,2023-08-01 00:00:00
p_hj4kerceu3,Heather Gray Sweater Beanie,Beanie,0,0,0,2023-08-01 00:00:00
p_zkfhub8juv,Indigo Boxer Briefs 3-Pack,Underwear,0,0,0,2023-08-01 00:00:00
p_gky7ujn5kk,Military Green Boxer Briefs 3-Pack,Underwear,0,0,0,2023-08-01 00:00:00
p_hcstkqf7xs,Navy Boxer Briefs 3-Pack,Underwear,0,0,0,2023-08-01 00:00:00
p_vvxrx4e62u,Navy Boxer Trunks 3-Pack,Underwear,0,0,0,2023-08-01 00:00:00
p_ebtxk5mjkc,Teal Boxer Briefs 3-Pack,Underwear,0,0,0,2023-08-01 00:00:00
p_n52bwwvypc,White Active Crew Socks 3-Pack,Socks,0,0,0,2023-08-01 00:00:00
p_ngty2gftav,White Active Never Show Socks 3-Pack,Socks,0,0,0,2023-08-01 00:00:00
p_kdjpvxj7fs,White Half Crew Sock 3-Pack,Socks,0,0,0,2023-08-01 00:00:00
p_yefeaupknw,White Never Show Socks 3-Pack,Socks,0,0,0,2023-08-01 00:00:00
p_39acmqrp48,White Never Show Socks 3-Pack,Socks,0,0,0,2023-08-01 00:00:00
p_ntuxn2s2c5,Yellow Polo,Polos,0,0,0,2023-08-01 00:00:00
p_d53wqyy6nw,Oatmeal Sweater Hoodie,Hoodie,0,0,0,2023-08-01 00:00:00
p_xqd85rvpxs,Black Puffer Jacket,Puffer Jackets,0,0,0,2023-08-01 00:00:00
p_cad333s5q5,Heather Burgundy Active Long Sleeve Crew Neck,Sweatshirt,0,0,0,2023-08-01 00:00:00
p_heevyaqhce,"9"" Sandstone Classic Twill Shorts",Shorts,0,0,0,2023-08-01 00:00:00
p_yptjy3dzdz,"Shorts | Classic Twill | 7"" | Navy",Shorts,0,0,0,2023-08-01 00:00:00
p_v7wa7rn4tb,"Shorts | Classic Twill | 9"" | Khaki",Shorts,0,0,0,2023-08-01 00:00:00
p_x53vukk5e9,"Shorts | Classic Twill | 9"" | Meadow",Shorts,0,0,0,2023-08-01 00:00:00
p_yacuttmhrh,"9"" Navy Classic Twill Shorts",Shorts,0,0,0,2023-08-01 00:00:00
p_2432p8f6a5,"Shorts | Active Training | 7"" | Navy",Shorts,0,0,0,2023-08-01 00:00:00
p_64vbv6tpdm,Heather Gray Fleece French Terry Shorts,Shorts,0,0,0,2023-08-01 00:00:00
p_bmga62pefz,"9"" Sandstone Comfort Chino Shorts",Shorts,0,0,0,2023-08-01 00:00:00
p_b9pagk3ugb,Shorts | Active Comfort | Black,Shorts,0,0,0,2023-08-01 00:00:00
p_yn26dfj46r,Dark Heather Burgundy Active Comfort Short,Swim Shorts,0,0,0,2023-08-01 00:00:00
p_pe2azubxe8,Dark Heather Indigo Active Comfort Short,Shorts,0,0,0,2023-08-01 00:00:00
p_p58c6d9vvb,Dark Heather Military Green Active Comfort Short,Shorts,0,0,0,2023-08-01 00:00:00
p_6uh7rmkygu,Black Active Quick Dry Short with Liner,Swim Shorts,0,0,0,2023-08-01 00:00:00
p_wdbckwxtef,Carbon Active Quick Dry Short with Liner,Swim Shorts,0,0,0,2023-08-01 00:00:00
p_use9g4kaed,Black Active Never Show Socks 3-Pack,Socks,0,0,0,2023-08-01 00:00:00
p_85umjtnpsy,Sweater Scarf | Black,Scarf,0,0,0,2023-08-01 00:00:00
p_atrr9sdp25,Charcoal Heather Gray Short Sleeve Tall Polo Shirt,Polos,0,0,0,2023-08-01 00:00:00
p_9h2qsu97ew,Dark Heather Navy Active Comfort Short,Shorts,0,0,0,2023-08-01 00:00:00
p_znadcksnfx,Reversible Casual Belt,Belt,0,0,0,2023-08-01 00:00:00
p_rbz7y8npg6,Indigo Wash Slim Fit Comfort Jeans,Jeans,0,0,0,2023-08-01 00:00:00
p_p54vvkv29d,Light Heather Gray Quarter Zip Performance Shirt,Athletic Tops,0,0,0,2023-08-01 00:00:00
p_rujp4wvbzv,Mahogany Long Sleeve Waffle Crew,Sweatshirt,0,0,0,2023-08-01 00:00:00
p_vsyjxxtp4a,Navy Short Sleeve Active Polo Shirt,Polos,0,0,0,2023-08-01 00:00:00
p_tfhcx4fbf5,Heather Gray Never Show Socks 3-Pack,Socks,0,0,0,2023-08-01 00:00:00
p_ggkq2n25rk,Carbon Waffle Hoodie,Hoodie,0,0,0,2023-08-01 00:00:00
p_fsar8whm4b,Dark Oak Waffle Hoodie,Hoodie,0,0,0,2023-08-01 00:00:00
p_nqbh5bzsfh,Heather Gray Long Sleeve Polo,Polos,0,0,0,2023-08-01 00:00:00
p_ter2rcscz6,Heather Gray Waffle Hoodie,Hoodie,0,0,0,2023-08-01 00:00:00
p_5z9rynrdat,Dark Oak Long Sleeve Waffle Crew,Sweatshirt,0,0,0,2023-08-01 00:00:00
p_ap2c64hjnc,Dark Olive Long Sleeve Waffle Crew,Shirt,0,0,0,2023-08-01 00:00:00
p_zwzpj7gynb,Deep Sea Blue Long Sleeve Waffle Crew,T-Shirts,0,0,0,2023-08-01 00:00:00
p_ejzn2bhevc,Evergreen Heather Long Sleeve Waffle Crew,Sweatshirt,0,0,0,2023-08-01 00:00:00
p_456rdfdknv,Navy Long Sleeve Button Up Shirt,Shirt,0,0,0,2023-08-01 00:00:00
p_9ueremsrcn,Heather Navy Short Sleeve Loungewear Tee,T-Shirts,0,0,0,2023-08-01 00:00:00
p_pxj9zkmurj,Charcoal Heather Active Comfort Pullover Hoodie,Hoodie,0,0,0,2023-08-01 00:00:00
p_ab6dzqm4qc,Charcoal Heather Gray Fleece French Terry Jogger,Sweatpants & Joggers,0,0,0,2023-08-01 00:00:00
p_r7g7s9ued2,Dark Olive Fleece Shacket,Jacket,0,0,0,2023-08-01 00:00:00
p_pevetyjchy,Heather Dark Oak V-Neck T-Shirt,Screen Printed T-Shirts,0,0,0,2023-08-01 00:00:00
p_7bmm7jjbng,Heather Gray Long Sleeve Lightweight Flannel Shirt,Button Down Shirts,0,0,0,2023-08-01 00:00:00
p_jdy7juawjw,Heather Gray Pique Crew Sweater,Knit Sweaters,0,0,0,2023-08-01 00:00:00
p_hdbwf4s669,Heather Gray Tall Straight Hem Crew Neck T-Shirt,T-Shirts,0,0,0,2023-08-01 00:00:00
p_zsnvka2svc,Heather Mist Short Sleeve Crew Neck T-Shirt,T-Shirts,0,0,0,2023-08-01 00:00:00
p_h4edseg6hf,Heather Navy Active Comfort Pullover Hoodie,Hoodie,0,0,0,2023-08-01 00:00:00
p_n6kve3ddkw,Heather Navy Long Sleeve Ripstop Commuter Shirt,Shirt,0,0,0,2023-08-01 00:00:00
p_h8jucbuvcu,Heather Navy Pique Crew Sweater,Knit Sweaters,0,0,0,2023-08-01 00:00:00
p_sxcevd7ww2,Heather Oatmeal Crew Neck Sweater,Knit Sweaters,0,0,0,2023-08-01 00:00:00
p_ex8zw8z5dh,Heather Sapphire Short Sleeve Crew Neck T-Shirt,T-Shirts,0,0,0,2023-08-01 00:00:00
p_fdgw8vn8mw,Indigo Wash Straight Fit Comfort Jeans,Jeans,0,0,0,2023-08-01 00:00:00
p_gkhuhrbvc5,Light Indigo Wash Long Sleeve Chambray Shirt,Shirt,0,0,0,2023-08-01 00:00:00
p_5ez35speq8,Medium Indigo Wash Long Sleeve Chambray Shirt,Shirt,0,0,0,2023-08-01 00:00:00
p_36tbyhq9p3,Navy Fleece Shacket,Shirt Jackets,0,0,0,2023-08-01 00:00:00
p_grdphsazq4,Reversible Dress Belt,Belt,0,0,0,2023-08-01 00:00:00
p_qj9xh26ctj,Sapphire Short Sleeve Crew Neck T-Shirt,Screen Printed T-Shirts,0,0,0,2023-08-01 00:00:00
p_7nraatq97j,Steel Short Sleeve Crew Neck T-Shirt,T-Shirts,0,0,0,2023-08-01 00:00:00
p_37z5p8b2wz,Heather Dark Orchid Short Sleeve Vee Neck T-Shirt,Shirt,0,0,0,2023-08-01 00:00:00
p_rr9yu69cdx,Heather Mist Short Sleeve Vee Neck T-Shirt,T-Shirts,0,0,0,2023-08-01 00:00:00
p_7fgbszq45t,Heather Voyager Short Sleeve Vee Neck T-Shirt,T-Shirts,0,0,0,2023-08-01 00:00:00
p_aj728cj6p2,Reversible Casual Belt,Belt,0,0,0,2023-08-01 00:00:00
p_wkggwhgxue,Navy Long Sleeve Lightweight Flannel Shirt,Shirt,0,0,0,2023-08-01 00:00:00
p_8fx2h79sez,Black Slippers,Slippers,0,0,0,2023-08-01 00:00:00
p_cguvv472kt,Heather Navy Loungewear Pant,Pants,0,0,0,2023-08-01 00:00:00
p_e6aypq2yyn,Charcoal Heather Active Comfort Full Zip Hoodie,Hoodie,0,0,0,2023-08-01 00:00:00
p_zg2kz56sep,Khaki Coaches Jacket,Jacket,0,0,0,2023-08-01 00:00:00
p_v6xzqb4euh,Electric Blue Polo,Polos,0,0,0,2023-08-01 00:00:00
p_kyjxexravk,Heather Gray Active Crew Socks 3-Pack,Socks,0,0,0,2023-08-01 00:00:00
p_v4pawc4ufa,Heather Gray Ankle Socks 3-Pack,Socks,0,0,0,2023-08-01 00:00:00
p_r3b5cqykd8,Heather Gray Never Show Socks 3-Pack,Socks,0,0,0,2023-08-01 00:00:00
p_xsa4epqty5,Mahogany Polo,Polos,0,0,0,2023-08-01 00:00:00
p_perj37fvaa,Periwinkle Blue Polo,Polos,0,0,0,2023-08-01 00:00:00
p_ump27mtkuq,Raspberry Polo,Polos,0,0,0,2023-08-01 00:00:00
p_szsv98dxsn,White Active Ankle Socks 3-Pack,Socks,0,0,0,2023-08-01 00:00:00
p_yvahsdbd7s,Heather Seafarer Short Sleeve Polo,Polos,0,0,0,2023-08-01 00:00:00
p_njb9h744v3,Indigo Rinse Straight Authentic Stretch Jeans,Jeans,0,0,0,2023-08-01 00:00:00
p_nyn3pcwdu8,Light Indigo Wash Slim Authentic Stretch Jeans,Jeans,0,0,0,2023-08-01 00:00:00
p_9f3wn27yj9,Indigo Rinse Slim Authentic Stretch Jeans,Jeans,0,0,0,2023-08-01 00:00:00
p_3dxryrdx2k,Medium Indigo Wash Slim Authentic Stretch Jeans,Jeans,0,0,0,2023-08-01 00:00:00
p_75westm75x,Light Indigo Wash Straight Authentic Stretch Jeans,Jeans,0,0,0,2023-08-01 00:00:00
p_7sfgw9sa4n,Medium Indigo Wash Straight Authentic Stretch Jeans,Jeans,0,0,0,2023-08-01 00:00:00
p_sy5ta2zsks,Heather Cayenne Short Sleeve Crew Neck T-Shirt,Shirt,0,0,0,2023-08-01 00:00:00
p_qcke957864,"Chino Shorts | Comfort | 7"" | Military Green",Shorts,0,0,0,2023-08-01 00:00:00
p_uy62gqzk94,"Shorts | Comfort Chino | 7"" | Sapphire",Shorts,0,0,0,2023-08-01 00:00:00
p_svgga79dfc,"Chino Shorts | Comfort | 7"" | Slate Green",Shorts,0,0,0,2023-08-01 00:00:00
p_n2cq64ucyu,"9"" Sapphire Comfort Chino Short",Shorts,0,0,0,2023-08-01 00:00:00
p_hubt8gp9tb,"9"" Slate Green Comfort Chino Short",Shorts,0,0,0,2023-08-01 00:00:00
p_vahhav9rn7,"Shorts | Classic Twill | 9"" | Black",Shorts,0,0,0,2023-08-01 00:00:00
p_jxeh4td3j3,"Shorts | 9"" | Classic Twill | Centurion",Shorts,0,0,0,2023-08-01 00:00:00
p_3mav9fu9q9,"Shorts | Active Training 7"" | Black",Shorts,0,0,0,2023-08-01 00:00:00
p_3he4jy8f99,"Shorts | Active Training | 7"" | Carbon",Shorts,0,0,0,2023-08-01 00:00:00
p_sdkp4ngqy8,"Shorts | Active Training | 7"" | Sandstone",Shorts,0,0,0,2023-08-01 00:00:00
p_n5vm5c3nb9,"Chino Shorts | Comfort | 7"" | Black",Shorts,0,0,0,2023-08-01 00:00:00
p_t3995sdwge,"Shorts | Comfort Chino | 7"" | Carbon",Shorts,0,0,0,2023-08-01 00:00:00
p_ys9u6f3mbt,"Chino Shorts | Comfort | 7"" | Khaki",Shorts,0,0,0,2023-08-01 00:00:00
p_2vpu7ymaay,Black Commuter Short,Shorts,0,0,0,2023-08-01 00:00:00
p_jnvzcqrwxp,Khaki Commuter Short,Shorts,0,0,0,2023-08-01 00:00:00
p_pgq6zgcvgq,Black Fleece French Terry Short,Shorts,0,0,0,2023-08-01 00:00:00
p_8hbywkfrwc,Military Green Fleece French Terry Short,Shorts,0,0,0,2023-08-01 00:00:00
p_v7655zp7an,"Chino Shorts | Comfort | 9"" | Black",Shorts,0,0,0,2023-08-01 00:00:00
p_29aky289rv,Navy Fleece French Terry Short,Shorts,0,0,0,2023-08-01 00:00:00
p_juczmrnmtc,"Shorts | Comfort Chino | 9"" | Carbon",Shorts,0,0,0,2023-08-01 00:00:00
p_jw2fyemxq7,"9"" Khaki Comfort Chino Short",Shorts,0,0,0,2023-08-01 00:00:00
p_uqn6yzvkpa,"9"" Navy Comfort Chino Short",Shorts,0,0,0,2023-08-01 00:00:00
p_8an2wybh3y,Charcoal Heather Gray Active Comfort Short,Athletic Shorts,0,0,0,2023-08-01 00:00:00
p_aw48ckctp9,Burgundy Active Quick Dry Short with Liner,Swim Shorts,0,0,0,2023-08-01 00:00:00
p_vey4w66jst,Military Green Active Quick Dry Short with Liner,Shorts,0,0,0,2023-08-01 00:00:00
p_nuk7mzc8jt,Navy Active Quick Dry Short with Liner,Swim Shorts,0,0,0,2023-08-01 00:00:00
p_r2e57cmagz,Joggers | Active | Black,Sweatpants & Joggers,0,0,0,2023-08-01 00:00:00
p_csr594d6ws,Heather Navy Loungewear Jogger,Sweatpants & Joggers,0,0,0,2023-08-01 00:00:00
p_2krzrc4m74,Carbon Fleece French Terry Jogger,Sweatpants & Joggers,0,0,0,2023-08-01 00:00:00
p_phdjj3n8yh,Heather Gray Fleece French Terry Joggers,Sweatpants & Joggers,0,0,0,2023-08-01 00:00:00
p_eaxfgdw35q,Medium Gray Wash Slim Fit Comfort Jeans,Jeans,0,0,0,2023-08-01 00:00:00
p_wcjsyc8zup,Medium Gray Wash Straight Fit Comfort Jeans,Jeans,0,0,0,2023-08-01 00:00:00
p_qjxt4q7gff,Military Green Coaches Jacket,Jacket,0,0,0,2023-08-01 00:00:00
p_fm6edfx4ep,Military Green Fleece French Terry Jogger,Sweatpants & Joggers,0,0,0,2023-08-01 00:00:00
p_28tc85jmdq,Military Green Waffle Long Sleeve Crew Neck,Sweatshirt,0,0,0,2023-08-01 00:00:00
p_mxsupz7eaq,Navy Coaches Jacket,Jacket,0,0,0,2023-08-01 00:00:00
p_qqk283mjjn,Navy Fleece French Terry Jogger,Sweatpants & Joggers,0,0,0,2023-08-01 00:00:00
p_xanpax5dbd,True Red Polo,Polos,0,0,0,2023-08-01 00:00:00
p_mrvwze8wph,White Ankle Socks 3-Pack,Socks,0,0,0,2023-08-01 00:00:00
p_ga52js5nmp,White Never Show Socks 3-Pack,Socks,0,0,0,2023-08-01 00:00:00
p_yhe8c62x9c,Heather Navy Quarter Zip Performance Shirt,Athletic Tops,0,0,0,2023-08-01 00:00:00
p_a7p3mw83t9,Heather Military Green Active Long Sleeve Crew Neck,T-Shirts,0,0,0,2023-08-01 00:00:00
p_rwwrukwyz9,Charcoal Heather Gray Short Sleeve Tall Active Crew Neck,T-Shirts,0,0,0,2023-08-01 00:00:00
p_qy223hzmfv,White Short Sleeve Tall Active Crew Neck,T-Shirts,0,0,0,2023-08-01 00:00:00
p_hfj965wa8c,Charcoal Heather Gray Loungewear Long Sleeve Tee And Jogger Set,Sweatshirt,0,0,0,2023-08-01 00:00:00
p_f3v8s3b963,Charcoal Heather Gray Loungewear Short Sleeve Tee And Pant Set,Sweatpants & Joggers,0,0,0,2023-08-01 00:00:00
p_3vtx7z4d8y,Heather Dusty Pink V-Neck T-Shirt,Screen Printed T-Shirts,0,0,0,2023-08-01 00:00:00
p_3kckyj2khu,Heather Navy Loungewear Short Sleeve Tee And Pant Set,Lounge Sweatpants & Joggers,0,0,0,2023-08-01 00:00:00
p_wj3u3m87yx,Short Sleeve T-Shirt | Active | Crew Neck | Black,T-Shirts,0,0,0,2023-09-01 00:00:00
p_svsvrfrcb6,Black Active Long Sleeve Crew Neck T-Shirt,T-Shirts,0,0,0,2023-09-01 00:00:00
p_vjfh4zw9pd,Short Sleeve Active Polo Shirt | Black,Polos,0,0,0,2023-09-01 00:00:00
p_2gwdmudpww,Long Sleeve Shirt | Crew Neck | Black,Shirt,0,0,0,2023-09-01 00:00:00
p_p6zw3xeg4v,Short Sleeve T-Shirt | Crew Neck | Black,T-Shirts,0,0,0,2023-09-01 00:00:00
p_8jmz33scf8,Sweatshirt | Pullover Crew Neck | Fleece French Terry | Black,Sweatshirt,0,0,0,2023-09-01 00:00:00
p_26twzeayzk,Pullover Hoodie | Fleece French Terry | Black,Hoodie,0,0,0,2023-09-01 00:00:00
p_xnzebcgf9j,Zip Hoodie | Fleece French Terry | Black,Hoodie,0,0,0,2023-09-01 00:00:00
p_v9vmgr3m4t,Polo Shirt | Black,Polos,0,0,0,2023-09-01 00:00:00
p_uwm4psyppk,Black Tall Straight Hem Crew Neck T-Shirt,T-Shirts,0,0,0,2023-09-01 00:00:00
p_s7yfamyjwt,Black V-Neck T-Shirt,T-Shirts,0,0,0,2023-09-01 00:00:00
p_htnnbrvvmk,Carbon Active Crew Neck,T-Shirts,0,0,0,2023-09-01 00:00:00
p_rgamhxuwjz,Carbon Crew Neck Long Sleeve,Shirt,0,0,0,2023-09-01 00:00:00
p_szpx92nwke,Carbon Fleece French Terry Zip Hoodie,Hoodie,0,0,0,2023-09-01 00:00:00
p_prm2runmas,Carbon Long Sleeve Henley,T-Shirts,0,0,0,2023-09-01 00:00:00
p_gf9pckvcm8,Carbon Short Sleeve Polo Shirt,Polos,0,0,0,2023-09-01 00:00:00
p_ujs2rxbwwy,Charcoal Heather Gray Active Long Sleeve Crew Neck,T-Shirts,0,0,0,2023-09-01 00:00:00
p_73vqwcfbpf,Charcoal Heather Gray Short Sleeve Active Polo Shirt,Polos,0,0,0,2023-09-01 00:00:00
p_9744mpdv5n,Charcoal Heather Gray Long Sleeve,Shirt,0,0,0,2023-09-01 00:00:00
p_3dh3myqfyq,Charcoal Heather Gray Polo,Polos,0,0,0,2023-09-01 00:00:00
p_yjazyejt4q,Charcoal Heather Gray V-Neck,Shirt,0,0,0,2023-09-01 00:00:00
p_xhhgk2nnba,Heather Burgundy Crew Neck T-Shirt,Shirt,0,0,0,2023-09-01 00:00:00
p_gbd3qsz25s,Heather Charcoal Gray Crew Neck T-Shirt,Shirt,0,0,0,2023-09-01 00:00:00
p_ea2gekbzfm,Heather Gray Crew Neck Long Sleeve,T-Shirts,0,0,0,2023-09-01 00:00:00
p_bdybxrzhhw,Heather Gray Fleece French Terry Pullover Hoodie,Hoodie,0,0,0,2023-09-01 00:00:00
p_cz4mtzemgt,Heather Gray Fleece French Terry Zip Hoodie,Hoodie,0,0,0,2023-09-01 00:00:00
p_ddgsdeyzu9,Heather Gray Long Sleeve Henley,T-Shirts,0,0,0,2023-09-01 00:00:00
p_5rc5ezqwny,Heather Gray Short Sleeve Polo Shirt,Polos,0,0,0,2023-09-01 00:00:00
p_shhxbvvxxp,Heather Indigo Active Crew Neck T-Shirt,T-Shirts,0,0,0,2023-09-01 00:00:00
p_4fs9u74y4x,Heather Indigo Crew Neck Long Sleeve,T-Shirts,0,0,0,2023-09-01 00:00:00
p_hmkhv4g497,Heather Indigo Crew Neck T-Shirt,Shirt,0,0,0,2023-09-01 00:00:00
p_s6hq3cbp99,Heather Indigo Short Sleeve Polo Shirt,Polos,0,0,0,2023-09-01 00:00:00
p_5q6tnqwruf,Heather Light Gray Active Long Sleeve Crew Neck,T-Shirts,0,0,0,2023-09-01 00:00:00
p_ggx5q9x8xm,Heather Military Green Active Crew Neck T-Shirt,Shirt,0,0,0,2023-09-01 00:00:00
p_xngupz8qg8,Heather Military Green Active Long Sleeve Crew Neck,T-Shirts,0,0,0,2023-09-01 00:00:00
p_pzg4uy9ru4,Heather Military Green Short Sleeve Active Polo Shirt,Polos,0,0,0,2023-09-01 00:00:00
p_kajnxmygka,Heather Military Green Crew Neck T-Shirt,Shirt,0,0,0,2023-09-01 00:00:00
p_95axe6dfn6,Heather Navy Active Crew Neck T-Shirt,T-Shirts,0,0,0,2023-09-01 00:00:00
p_5kpddtqty2,Heather Navy Active Long Sleeve Crew Neck,T-Shirts,0,0,0,2023-09-01 00:00:00
p_ccse4psnan,Heather Navy Crew Neck Long Sleeve,T-Shirts,0,0,0,2023-09-01 00:00:00
p_ug6duq4hvt,Heather Navy Crew Neck T-Shirt,Shirt,0,0,0,2023-09-01 00:00:00
p_vrmxbznmh9,Indigo Long Sleeve Henley,Shirt,0,0,0,2023-09-01 00:00:00
p_bhfd33ejhy,Indigo Short Sleeve Polo Shirt,Polos,0,0,0,2023-09-01 00:00:00
p_955cnseek9,Light Heather Gray Crew Neck Long Sleeve,T-Shirts,0,0,0,2023-09-01 00:00:00
p_6zjn28jf23,Military Green Crew Neck Long Sleeve,Shirt,0,0,0,2023-09-01 00:00:00
p_shcbhfeqaq,Military Green Fleece French Terry Pullover Crew Neck Sweatshirt,Sweatshirt,0,0,0,2023-09-01 00:00:00
p_3wz546brng,Military Green Fleece French Terry Pullover Hoodie,Hoodie,0,0,0,2023-09-01 00:00:00
p_8q6kvd32nc,Military Green Fleece French Terry Zip Hoodie,Hoodie,0,0,0,2023-09-01 00:00:00
p_brwwn6xkwh,Military Green Long Sleeve Henley,T-Shirts,0,0,0,2023-09-01 00:00:00
p_mwv4sjthwt,Military Green Short Sleeve Polo Shirt,Polos,0,0,0,2023-09-01 00:00:00
p_vtkmnr87v2,Navy Active Crew Neck T-Shirt,T-Shirts,0,0,0,2023-09-01 00:00:00
p_tpzfdnukzs,Navy Active Long Sleeve Crew Neck,T-Shirts,0,0,0,2023-09-01 00:00:00
p_bptwztkuks,Navy Short Sleeve Active Polo Shirt,Polos,0,0,0,2023-09-01 00:00:00
p_tjh5t8a6tw,Navy Crew Neck Long Sleeve,Shirt,0,0,0,2023-09-01 00:00:00
p_rezzg23bjy,Navy Fleece French Terry Pullover Crew Neck Sweatshirt,Sweatshirt,0,0,0,2023-09-01 00:00:00
p_k6s6hftqfe,Navy Fleece French Terry Pullover Hoodie,Hoodie,0,0,0,2023-09-01 00:00:00
p_h9z43a8zde,Navy Fleece French Terry Zip Hoodie,Hoodie,0,0,0,2023-09-01 00:00:00
p_ngbbqfwzd5,Navy Long Sleeve Henley,Shirt,0,0,0,2023-09-01 00:00:00
p_rhexhysfzs,Navy Short Sleeve Polo Shirt,Polos,0,0,0,2023-09-01 00:00:00
p_xa4dn5yc22,Navy Tall Short Sleeve Polo Shirt,Polos,0,0,0,2023-09-01 00:00:00
p_2wu3jtehp2,Navy Short Sleeve V-Neck T-Shirt,Shirt,0,0,0,2023-09-01 00:00:00
p_8rbvhb5tdc,White Active Crew Neck T-Shirt,Shirt,0,0,0,2023-09-01 00:00:00
p_r5gttk27sm,White Active Long Sleeve Crew Neck,Shirt,0,0,0,2023-09-01 00:00:00
p_2cus7843n6,White Crew Neck Long Sleeve,Shirt,0,0,0,2023-09-01 00:00:00
p_twpefb4vpq,White Long Sleeve Henley,T-Shirts,0,0,0,2023-09-01 00:00:00
p_6hvvy94kq4,White Short Sleeve Polo Shirt,Polos,0,0,0,2023-09-01 00:00:00
p_m6x758mjvq,White Short Sleeve Tall Polo Shirt,Polos,0,0,0,2023-09-01 00:00:00
p_s49r5jxnqq,White Short Sleeve V-Neck T-Shirt,T-Shirts,0,0,0,2023-09-01 00:00:00
p_fx25mpavbf,Long Sleeve T-Shirt | Hooded | Black,T-Shirts,0,0,0,2023-09-01 00:00:00
p_gawdf2gbfa,Long Sleeve Polo Shirt | Black,Polos,0,0,0,2023-09-01 00:00:00
p_yev838e3bk,Dark Olive Waffle Hoodie,Hoodie,0,0,0,2023-09-01 00:00:00
p_3h5wxbdgfn,White Long Sleeve Polo Shirt,Polos,0,0,0,2023-09-01 00:00:00
p_g5xjgypbqs,Long Sleeve Button Up Shirt | Black,Button Down Shirts,0,0,0,2023-09-01 00:00:00
p_pqjyybc86f,Black Waffle Long Sleeve Crew Neck T-Shirt,T-Shirts,0,0,0,2023-09-01 00:00:00
p_5pqpzmazbr,Carbon Long Sleeve Button Up Shirt,Button Down Shirts,0,0,0,2023-09-01 00:00:00
p_anqd83cjye,Military Green Waffle Long Sleeve Crew Neck,Sweatshirt,0,0,0,2023-09-01 00:00:00
p_vp3anzz9s3,White Button Up Shirt,Button Down Shirts,0,0,0,2023-09-01 00:00:00
p_92vf4hpdrt,White Commuter Short Sleeve Button Up,Button Down Shirts,0,0,0,2023-09-01 00:00:00
p_85skykpy7r,Short Sleeve Button Up Shirt | Commuter | Black,Button Down Shirts,0,0,0,2023-09-01 00:00:00
p_v5bwyyhget,Carbon Commuter Short Sleeve Button Up,Button Down Shirts,0,0,0,2023-09-01 00:00:00
p_5kr9enrf6j,Short Sleeve Tee | Loungewear | Charcoal Heather Gray,T-Shirts,0,0,0,2023-09-01 00:00:00
p_rpwqburrmc,Dark Heather Cadet Active Polo,Polos,0,0,0,2023-09-01 00:00:00
p_8tryb2ahrp,Dark Heather Cocoa Active Polo,Polos,0,0,0,2023-09-01 00:00:00
p_vnexp6dh3m,Heather Centurion Short Sleeve Active Polo Shirt,Polos,0,0,0,2023-09-01 00:00:00
p_8pczdfc69m,Heather Cocoa Short Sleeve Active Polo Shirt,Polos,0,0,0,2023-09-01 00:00:00
p_xdyq8mewrc,Short Sleeve Button Up Shirt | Black,Button Down Shirts,0,0,0,2023-09-01 00:00:00
p_56qjzafa6s,Carbon Short Sleeve Button Up Shirt,Button Down Shirts,0,0,0,2023-09-01 00:00:00
p_7dyz93zegj,"Shorts | Active Training | 7"" | Sapphire",Athletic Shorts,0,0,0,2023-09-01 00:00:00
p_3pkg63ym5k,"Shorts | Active Training | 7"" | Steel",Shorts,0,0,0,2023-09-01 00:00:00
p_k5hymg84ez,"Shorts | Training | 7"" | 2-in-1 Black",Athletic Shorts,0,0,0,2023-09-01 00:00:00
p_mm5tbn6qza,Sweatshirt | Comfort Crew | Black,Sweatshirt,0,0,0,2023-09-01 00:00:00
p_2uptnqrxy2,Hoodie | Active Comfort | Pullover | Black,Hoodie,0,0,0,2023-09-01 00:00:00
p_ys335pw23m,Pants | Active Comfort | Straight Leg | Black,Sweatpants & Joggers,0,0,0,2023-09-01 00:00:00
p_9attt36kqt,Blazer | Black,Blazer,0,0,0,2023-09-01 00:00:00
p_84w66d79b8,Pants | Comfort Chino | Black,Pants,0,0,0,2023-09-01 00:00:00
p_349fd5fte5,Sweater | Crew Neck | Black,Knit Sweaters,0,0,0,2023-09-01 00:00:00
p_zzvxdda285,Fleece Shacket | Black,Jacket,0,0,0,2023-09-01 00:00:00
p_z7kat66jsb,Puffer Vest | Black,Outerwear Vests,0,0,0,2023-09-01 00:00:00
p_w99wqwtmd8,Performance Shirt | Quarter Zip | Black,Athletic Tops,0,0,0,2023-09-01 00:00:00
p_vkp29t8hpk,Sleeveless Muscle Tee | Active | Black,Athletic Tops,0,0,0,2023-09-01 00:00:00
p_bxpjzp3q34,Sweater Hoodie | Black,Hoodie,0,0,0,2023-09-01 00:00:00
p_j23j35syzx,Black Wash Long Sleeve Chambray Shirt,Shirt,0,0,0,2023-09-01 00:00:00
p_aaa5u2senn,Black Wash Slim Fit Comfort Jeans,Jeans,0,0,0,2023-09-01 00:00:00
p_mu7q5qx67m,Black Wash Straight Fit Comfort Jeans,Jeans,0,0,0,2023-09-01 00:00:00
p_kv4qxkyavb,Chino Pants | Comfort | Carbon,Pants,0,0,0,2023-09-01 00:00:00
p_av6ja2w28x,Charcoal Heather Active Comfort Crew Sweatshirt,Athletic Tops,0,0,0,2023-09-01 00:00:00
p_jqxjnq8mc8,Charcoal Heather Active Comfort Straight Leg Pant,Sweatpants & Joggers,0,0,0,2023-09-01 00:00:00
p_hzkzcd9ag9,Charcoal Heather Gray Long Sleeve Ripstop Commuter Shirt,Shirt,0,0,0,2023-09-01 00:00:00
p_zc74ftx9hy,Charcoal Heather Gray Pique Crew Sweater,Knit Sweaters,0,0,0,2023-09-01 00:00:00
p_4krqrmhc8s, Sleeveless Muscle Tee | Active | Charcoal Heather Gray,Athletic Tops,0,0,0,2023-09-01 00:00:00
p_qvscv7wqa7,Dark Oak Fleece French Terry Jogger,Sweatpants & Joggers,0,0,0,2023-09-01 00:00:00
p_yw7vvn467f,Dark Olive Long Sleeve Crew Neck T-Shirt,T-Shirts,0,0,0,2023-09-01 00:00:00
p_hc97kv4jxf,Deep Sea Blue Short Sleeve Crew Neck T-Shirt,T-Shirts,0,0,0,2023-09-01 00:00:00
p_zp4vn3rtz4,Deep Sea Blue Long Sleeve Crew Neck T-Shirt,T-Shirts,0,0,0,2023-09-01 00:00:00
p_8d5cs572ku,Evergreen Heather Short Sleeve Crew Neck T-Shirt,T-Shirts,0,0,0,2023-09-01 00:00:00
p_2qn4rb76qt,Evergreen Heather Long Sleeve Crew Neck T-Shirt,T-Shirts,0,0,0,2023-09-01 00:00:00
p_hun6quaf8f,Gray Wash Slim Fit Comfort Jeans,Jeans,0,0,0,2023-09-01 00:00:00
p_bn49najk97,Gray Wash Straight Fit Comfort Jeans,Jeans,0,0,0,2023-09-01 00:00:00
p_a66qgjtv8u, Sleeveless Muscle Tee | Active | Heather Cadet,Athletic Tops,0,0,0,2023-09-01 00:00:00
p_76w9v5r9gp,Heather Camel Pique Crew Sweater,Knit Sweaters,0,0,0,2023-09-01 00:00:00
p_m26nune3tt,Sleeveless Muscle Tee | Active | Heather Cocoa,Tank Top,0,0,0,2023-09-01 00:00:00
p_wtfwp7uyps,Heather Dark Oak Long Sleeve Crew Neck T-Shirt,T-Shirts,0,0,0,2023-09-01 00:00:00
p_guzmuvmxwg,Heather Dark Orchid Short Sleeve Crew Neck T-Shirt,T-Shirts,0,0,0,2023-09-01 00:00:00
p_auux7guqn5,Sleeveless Muscle Tee | Active| Heather Forest,Athletic Tops,0,0,0,2023-09-01 00:00:00
p_wvdzacyaq8,Heather Garnet Short Sleeve Crew Neck T-Shirt,T-Shirts,0,0,0,2023-09-01 00:00:00
p_59st4ejx9g,Heather Graphite Short Sleeve Crew Neck T-Shirt,T-Shirts,0,0,0,2023-09-01 00:00:00
p_mkhh2ymk98,Heather Navy Active Comfort Crew Sweatshirt,Sweatshirt,0,0,0,2023-09-01 00:00:00
p_4tw7w4865y,Medium Gray Wash Slim Fit Comfort Jeans,Jeans,0,0,0,2023-09-01 00:00:00
p_u25kmysesj,Medium Gray Wash Straight Fit Comfort Jeans,Jeans,0,0,0,2023-09-01 00:00:00
p_yrp9cazs3k,Olive Long Sleeve Ripstop Commuter Shirt,Shirt,0,0,0,2023-09-01 00:00:00
p_vjj8djm98g,"Voyager 7"" 2-in-1 Training Short",Athletic Shorts,0,0,0,2023-09-01 00:00:00
p_ens5k22dee,Coaches Jacket | Black,Jacket,0,0,0,2023-09-01 00:00:00
p_krqrvpb5nk,Short Sleeve Sweater Polo Shirt | Black,Polos,0,0,0,2023-09-01 00:00:00
p_ezjsg82fk7,Garnet Short Sleeve Sweater Polo Shirt,Polos,0,0,0,2023-09-01 00:00:00
p_zfqbnz8zdc,Heather Gray Short Sleeve Sweater Polo,Polos,0,0,0,2023-09-01 00:00:00
p_rdac8nxqpc,Navy Short Sleeve Sweater Polo,Polos,0,0,0,2023-09-01 00:00:00
p_tdz6dj3k93,Charcoal Heather Gray Active Shell Jacket,Jacket,0,0,0,2023-09-01 00:00:00
p_ef9p26sqwv,Navy Coaches Jacket,Jacket,0,0,0,2023-09-01 00:00:00
p_gvy838kdy9,Long Sleeve Button Up Sweater Shirt | Black + Carbon,Button Down Shirts,0,0,0,2023-09-01 00:00:00
p_cpfjz5js6m,Light Heather Gray Quarter Zip Performance Shirt,Athletic Tops,0,0,0,2023-09-01 00:00:00
p_encznv79zd,Charcoal Heather Gray Loungewear Jogger,Sweatpants & Joggers,0,0,0,2023-09-01 00:00:00
p_uqg73gd526,Dark Olive Short Sleeve V-Neck T-Shirt,T-Shirts,0,0,0,2023-09-01 00:00:00
p_dd7ynwa46b,Military Green Coaches Jacket,Jacket,0,0,0,2023-09-01 00:00:00
p_pds624ht98,Ankle Socks | Active | 3-Pack | Black,Socks,0,0,0,2023-09-01 00:00:00
p_h9thpv33ux,Crew Socks | Active | 3-Pack | Black,Socks,0,0,0,2023-09-01 00:00:00
p_vm4udwbmec,Ankle Socks | 3-Pack | Black,Socks,0,0,0,2023-09-01 00:00:00
p_hv5d9t5gb4,Black Boxer Trunks 3-Pack,Underwear,0,0,0,2023-09-01 00:00:00
p_eg72spursx,Half Crew Sock | 3-Pack | Black,Socks,0,0,0,2023-09-01 00:00:00
p_m5nrytn7g3,Boxer Briefs | Logo | 3-Pack | Black,Underwear,0,0,0,2023-09-01 00:00:00
p_7rzxq9sd8n,Never Show Socks | 3-Pack | Black,Socks,0,0,0,2023-09-01 00:00:00
p_h644hfsgj7,Sweater Beanie | Black,Beanie,0,0,0,2023-09-01 00:00:00
p_k8j2vzha5p,Burgundy Boxer Briefs 3-Pack,Underwear,0,0,0,2023-09-01 00:00:00
p_rd96dkwsx6,Carbon Boxer Trunks 3-Pack,Underwear,0,0,0,2023-09-01 00:00:00
p_3zf2yh34hr,Dark Olive Short Sleeve Polo Shirt,Polos,0,0,0,2023-09-01 00:00:00
p_fcgghnz6fh,Evergreen Sweater Beanie,Beanie,0,0,0,2023-09-01 00:00:00
p_vxfj55w6ma,Heather Burgundy Short Sleeve Polo Shirt,Polos,0,0,0,2023-09-01 00:00:00
p_tpv8fcqeja,Heather Gray Active Ankle Socks 3-Pack,Socks,0,0,0,2023-09-01 00:00:00
p_y6cg76w8k6,Heather Gray Half Crew Sock 3-Pack,Socks,0,0,0,2023-09-01 00:00:00
p_sgut9a5tns,Light Heather Gray Polo,Polos,0,0,0,2023-09-01 00:00:00
p_r5xrp6kuxu,True Red Short Sleeve Polo Shirt,Polos,0,0,0,2023-09-01 00:00:00
p_x285vx432e,White Ankle Socks 3-Pack,Socks,0,0,0,2023-09-01 00:00:00
p_3aup7bbqg3,Carbon Tall Long Sleeve T-Shirt,Shirt,0,0,0,2023-09-01 00:00:00
p_mxpb4sqvry,Charcoal Heather Gray Short Sleeve Tall Crew,T-Shirts,0,0,0,2023-09-01 00:00:00
p_92fw37ajex,Heather Seafarer Short Sleeve Tall Crew,Shirt,0,0,0,2023-09-01 00:00:00
p_rhk5rdjr7y,Heather Voyager Short Sleeve Tall Crew,T-Shirts,0,0,0,2023-09-01 00:00:00
p_hz3svpszdm,Military Green Tall Long Sleeve T-Shirt,T-Shirts,0,0,0,2023-09-01 00:00:00
p_3xnj548f3x,Sapphire Short Sleeve Tall Crew,T-Shirts,0,0,0,2023-09-01 00:00:00
p_j9huduq2g2,White Tall Straight Hem Crew Neck T-Shirt,T-Shirts,0,0,0,2023-09-01 00:00:00
p_ct8bqyz5rd,Bomber Jacket | Black,Bomber Jackets,0,0,0,2023-09-01 00:00:00
p_26x46r3gh3,Carbon Short Sleeve Tall Polo Shirt,Polos,0,0,0,2023-09-01 00:00:00
p_uwgqdnnawm,Charcoal Heather Gray Short Sleeve Tall Polo Shirt,Polos,0,0,0,2023-09-01 00:00:00
p_awt8ehv6fc,Heather Gray Short Sleeve Tall Polo Shirt,Polos,0,0,0,2023-09-01 00:00:00
p_ug78456eub,Mahogany Fleece French Terry Pullover Hoodie,Hoodie,0,0,0,2023-09-01 00:00:00
p_3hycs4vyy4,Mahogany Fleece French Terry Zip Hoodie,Hoodie,0,0,0,2023-09-01 00:00:00
p_487dnzupxz,Military Green Short Sleeve Tall Polo Shirt,Polos,0,0,0,2023-09-01 00:00:00
p_haens7aj79,Sapphire Short Sleeve Tall Polo Shirt,Polos,0,0,0,2023-09-01 00:00:00
p_n7npmmnfq3,Bomber Jacket | Army Green,Bomber Jackets,0,0,0,2023-09-01 00:00:00
p_vhct7fnamt,Sweater Fleece Jacket | Black,Jacket,0,0,0,2023-09-01 00:00:00
p_qvxdc36tay,Carbon Bomber Jacket,Bomber Jackets,0,0,0,2023-09-01 00:00:00
p_ubarpzrdvd,Gray Sweater Fleece Jacket,Knit Sweaters,0,0,0,2023-09-01 00:00:00
p_25m5nqdhtq,Gunmetal Puffer Jacket,Puffer Jackets,0,0,0,2023-09-01 00:00:00
p_9nq4jjbkbr,Military Green Puffer Jacket,Puffer Jackets,0,0,0,2023-09-01 00:00:00
p_6svhrtmsn3,Navy Bomber Jacket,Bomber Jackets,0,0,0,2023-09-01 00:00:00
p_dwbw45rvge,Navy Hooded Puffer Jacket,Puffer Jackets,0,0,0,2023-09-01 00:00:00
p_4yh4m8q3v7,Navy Puffer Jacket,Puffer Jackets,0,0,0,2023-09-01 00:00:00
p_e6pz5d7uh9,Navy Sweater Fleece Jacket,Hoodie,0,0,0,2023-09-01 00:00:00
p_4xmfcxsvq4,Puffer Jacket | Hooded | Black,Puffer Jackets,0,0,0,2023-09-01 00:00:00
p_zrt8e4hahp,Chino Pants | Straight | Twill | Black,Pants,0,0,0,2023-09-01 00:00:00
p_6bppe3h2jj,Centurion Slim Twill Chino,Pants,0,0,0,2023-09-01 00:00:00
p_zd6gtes7qp,Centurion Straight Twill Chino,Pants,0,0,0,2023-09-01 00:00:00
p_ja9tudbs9q,Dark Oak Straight Twill Chino,Pants,0,0,0,2023-09-01 00:00:00
p_yqusyfjxtf,Gunmetal Hooded Puffer Jacket,Puffer Jackets,0,0,0,2023-09-01 00:00:00
p_kkdff6r47e,Meadow Slim Twill Chino,Pants,0,0,0,2023-09-01 00:00:00
p_rnmhwn9kcu,Navy Slim Twill Chino,Pants,0,0,0,2023-09-01 00:00:00
p_y5u5gs4evr,Navy Straight Twill Chino,Pants,0,0,0,2023-09-01 00:00:00
p_vqc6jejd69,Long Sleeve Button Up Shirt | Do-It-All Comfort | Black,Button Down Shirts,0,0,0,2023-09-01 00:00:00
p_p8ep2jre98,Hoodie | Active | Black,Hoodie,0,0,0,2023-09-01 00:00:00
p_vubwwnzvnt,Dark Heather Cadet Long Sleeve Active Crew Neck,T-Shirts,0,0,0,2023-09-01 00:00:00
p_e2426ac79u,Dark Heather Tempest Long Sleeve Active Crew Neck,Sweatshirt,0,0,0,2023-09-01 00:00:00
p_cjzvdmswjf,White Active Hoodie,Hoodie,0,0,0,2023-09-01 00:00:00
p_ncwnq5usm5,"Shorts | Active Training | 7"" | Slate Green",Athletic Shorts,0,0,0,2023-09-01 00:00:00
p_x443echvnq,"Chino Shorts | Comfort | 7"" | Military Green",Shorts,0,0,0,2023-09-01 00:00:00
p_qhjjf5kjgd,"Chino Shorts | Comfort | 7"" | Rosewood",Shorts,0,0,0,2023-09-01 00:00:00
p_f8rywmvjsy,"Chino Shorts | Comfort | 7"" | Sapphire",Shorts,0,0,0,2023-09-01 00:00:00
p_6kxr6rztwd,"Chino Shorts | Comfort | 7"" | Slate Green",Shorts,0,0,0,2023-09-01 00:00:00
p_56zbdasvhd,"Chino Shorts | Comfort | 9"" | Sapphire",Shorts,0,0,0,2023-09-01 00:00:00
p_xpmubyp2yg,"Chino Shorts | Comfort | 9"" | Slate Green",Shorts,0,0,0,2023-09-01 00:00:00
p_saytmbtmak,"Shorts | Classic Twill | 9"" | Black",Shorts,0,0,0,2023-09-01 00:00:00
p_aytxzkck8x,"Shorts | Classic Twill | 7"" | Black",Shorts,0,0,0,2023-09-01 00:00:00
p_fhdff8x3jt,"Shorts | Classic Twill | 7"" | Harbor",Shorts,0,0,0,2023-09-01 00:00:00
p_q2935cukf5,"Shorts | Classic Twill | 7"" | Khaki",Shorts,0,0,0,2023-09-01 00:00:00
p_qr5wafyaq4,"Shorts | Classic Twill | 7"" | Moss",Shorts,0,0,0,2023-09-01 00:00:00
p_j48puxsej5,"Shorts | Classic Twill | 7"" | Sandstone",Shorts,0,0,0,2023-09-01 00:00:00
p_b2wv3hqta7,"Shorts | Classic Twill | 9"" | Centurion",Shorts,0,0,0,2023-09-01 00:00:00
p_wungd9j4dh,"Shorts | Active Training | 7"" | Black",Shorts,0,0,0,2023-09-01 00:00:00
p_r9rn7a2dy5,"Shorts | Active Training | 7"" | Carbon",Shorts,0,0,0,2023-09-01 00:00:00
p_n9qtgjygdv,"Shorts | Active Training | 7"" | Sandstone",Athletic Shorts,0,0,0,2023-09-01 00:00:00
p_nu9kcajw2z,"Chino Shorts | Comfort | 7"" | Black",Shorts,0,0,0,2023-09-01 00:00:00
p_hmp7dkjce9,"Chino Shorts | Comfort | 7"" | Carbon",Shorts,0,0,0,2023-09-01 00:00:00
p_25upswaptj,"Chino Shorts | Comfort | 7"" | Khaki",Shorts,0,0,0,2023-09-01 00:00:00
p_kaq2j39v2p,"Chino Shorts | Comfort | 7"" | Navy",Shorts,0,0,0,2023-09-01 00:00:00
p_utfqrxy94f,Shorts | Commuter | Black,Shorts,0,0,0,2023-09-01 00:00:00
p_prrc5xwre5,Khaki Commuter Short,Shorts,0,0,0,2023-09-01 00:00:00
p_bj4epra3sv,Shorts | Fleece French Terry | Black,Shorts,0,0,0,2023-09-01 00:00:00
p_fvgyjfheyt,Sandstone Commuter Short,Shorts,0,0,0,2023-09-01 00:00:00
p_epuubwwz7s,Military Green Fleece French Terry Short,Shorts,0,0,0,2023-09-01 00:00:00
p_j4bf77xx5v,"Chino Shorts | Comfort | 9"" | Black",Shorts,0,0,0,2023-09-01 00:00:00
p_74gmgsy6yv,Navy Fleece French Terry Short,Shorts,0,0,0,2023-09-01 00:00:00
p_m5f29n89jy,"Chino Shorts | Comfort | 9"" | Carbon",Shorts,0,0,0,2023-09-01 00:00:00
p_47meu4bybx,"Chino Shorts | Comfort |  9"" | Ivory",Shorts,0,0,0,2023-09-01 00:00:00
p_5za8gj7unh,"Chino Shorts | Comfort | 9"" | Khaki",Shorts,0,0,0,2023-09-01 00:00:00
p_arxdch5qcv,"Chino Shorts | Comfort | 9"" | Military Green",Shorts,0,0,0,2023-09-01 00:00:00
p_en8vndps74,"Chino Shorts | Comfort | 9"" | Navy",Shorts,0,0,0,2023-09-01 00:00:00
p_rquj6mrdex,Dark Heather Navy Active Comfort Short,Shorts,0,0,0,2023-09-01 00:00:00
p_6ra9g27e7u,Burgundy Active Quick Dry Short with Liner,Swim Shorts,0,0,0,2023-09-01 00:00:00
p_5ek32kjgzp,Navy Active Quick Dry Short with Liner,Swim Shorts,0,0,0,2023-09-01 00:00:00
p_bp7w9cp3k9,Pants | Commuter | Black,Pants,0,0,0,2023-09-01 00:00:00
p_5p5sgcwp5f,"Shorts | Active Training | 7"" | Navy",Shorts,0,0,0,2023-09-01 00:00:00
p_47uf2puagk,"Shorts | Classic Twill | 7"" | Navy",Shorts,0,0,0,2023-09-01 00:00:00
p_9a5tjqerw5,"Shorts | Classic Twill | 9"" | Meadow",Shorts,0,0,0,2023-09-01 00:00:00
p_a69bzurkgs,Joggers | Active | Black,Sweatpants & Joggers,0,0,0,2023-09-01 00:00:00
p_2bkrkbfbk9,Classic Polarized Sunglasses | Black,Sunglasses,0,0,0,2023-09-01 00:00:00
p_vvkaza7v48,Long Sleeve Button Up Shirt | Commuter | Black,Button Down Shirts,0,0,0,2023-09-01 00:00:00
p_egq2tewvm7,Long Sleeve Henley | Black,T-Shirts,0,0,0,2023-09-01 00:00:00
p_yp2v99qxbf,Classic Polarized Sunglasses | Black Mirror,Sunglasses,0,0,0,2023-09-01 00:00:00
p_mef5fue56y,Dress Shirt | Lightweight Performance | Black,Button Down Shirts,0,0,0,2023-09-01 00:00:00
p_fpmkw85rke,Short Sleeve Polo Shirt | Black,Polos,0,0,0,2023-09-01 00:00:00
p_s7c853uk5c,Puffer Jacket | Black,Puffer Jackets,0,0,0,2023-09-01 00:00:00
p_8nhyuguh4z,Chino Pants | Slim | Twill | Black,Pants,0,0,0,2023-09-01 00:00:00
p_ka5fa3ne6y,Slippers | Black,Slippers,0,0,0,2023-09-01 00:00:00
p_6wnwzma24v,Long Sleeve Button Up Shirt | Stretch Oxford | Black,Button Down Shirts,0,0,0,2023-09-01 00:00:00
p_u3ffx96ehp,Short Sleeve T-Shirt | Tall | Active Crew Neck | Black,T-Shirts,0,0,0,2023-09-01 00:00:00
p_ufjg6nn927,Long Sleeve T-Shirt | Tall | Black,T-Shirts,0,0,0,2023-09-01 00:00:00
p_enhxmmv3xa,Polo Shirt | Tall | Black,Polos,0,0,0,2023-09-01 00:00:00
p_gqfhmx28rz,Blue Quartz Short Sleeve Crew Neck T-Shirt,T-Shirts,0,0,0,2023-09-01 00:00:00
p_6ccw4zmdj6,Bluestone Tall Round Hem Crew Neck T-Shirt,T-Shirts,0,0,0,2023-09-01 00:00:00
p_ryght7etrs,Bluestone V-Neck Short Sleeve T-Shirt,T-Shirts,0,0,0,2023-09-01 00:00:00
p_5q95b4bjyg,Burgundy Short Sleeve Crew Neck T-Shirt,T-Shirts,0,0,0,2023-09-01 00:00:00
p_2sxe2kvxmc,Burgundy Long Sleeve Crew Neck T-Shirt,T-Shirts,0,0,0,2023-09-01 00:00:00
p_srwzc2wwq6,Burgundy Long Sleeve Henley,T-Shirts,0,0,0,2023-09-01 00:00:00
p_8p9z2j6eqt,Burgundy Short Sleeve V-Neck T-Shirt,T-Shirts,0,0,0,2023-09-01 00:00:00
p_dnq23rfcgu,"Carbon 7"" 2-in-1 Training Short",Athletic Shorts,0,0,0,2023-09-01 00:00:00
p_9tz4xs4maw,Carbon Commuter Long Sleeve Button Up Shirt,Button Down Shirts,0,0,0,2023-09-01 00:00:00
p_82erf6xepz,Carbon Commuter Pant,Pants,0,0,0,2023-09-01 00:00:00
p_gxqdqumwae,Carbon Short Sleeve Crew Neck T-Shirt,T-Shirts,0,0,0,2023-09-01 00:00:00
p_nmb6y3r32b,Carbon Fleece French Terry Jogger,Sweatpants & Joggers,0,0,0,2023-09-01 00:00:00
p_mqhey6peq9,Carbon Fleece French Terry Pullover Crew Neck Sweatshirt,Sweatshirt,0,0,0,2023-09-01 00:00:00
p_pgvy4mwya6,Carbon Fleece French Terry Pullover Hoodie,Hoodie,0,0,0,2023-09-01 00:00:00
p_dcfsb4qj5s,Carbon Performance Lightweight Dress Shirt,Button Down Shirts,0,0,0,2023-09-01 00:00:00
p_q9e4tw2vgn,Carbon Tall Active Crew Neck T-Shirt,T-Shirts,0,0,0,2023-09-01 00:00:00
p_3mznzzvw2f,Carbon Tall Round Hem Crew Neck T-Shirt,T-Shirts,0,0,0,2023-09-01 00:00:00
p_fcv57d39m8,Carbon Short Sleeve V-Neck T-Shirt,T-Shirts,0,0,0,2023-09-01 00:00:00
p_n6hvkgussy,Carbon Waffle Hoodie,Hoodie,0,0,0,2023-09-01 00:00:00
p_yg5234hu8z,Centurion Short Sleeve Sweater Polo Shirt,Polos,0,0,0,2023-09-01 00:00:00
p_qcw7eb8td6,Charcoal Heather Active Comfort Full Zip Hoodie,Hoodie,0,0,0,2023-09-01 00:00:00
p_agkp4c43e4,Charcoal Heather Active Comfort Pullover Hoodie,Hoodie,0,0,0,2023-09-01 00:00:00
p_cn8axvjmp9,Charcoal Heather Gray Active Comfort Short,Athletic Shorts,0,0,0,2023-09-01 00:00:00
p_6c6nrcr2c3, Short Sleeve T-Shirt | Active Crew Neck | Charcoal Heather Gray,T-Shirts,0,0,0,2023-09-01 00:00:00
p_znfcswnte7,Charcoal Heather Gray Active Hoodie,Hoodie,0,0,0,2023-09-01 00:00:00
p_bdbtrvs35c,Charcoal Heather Gray Active Joggers,Sweatpants & Joggers,0,0,0,2023-09-01 00:00:00
p_pxnmvcumyj,Charcoal Heather Gray Do-It-All Comfort Long Sleeve Button Up Shirt,Button Down Shirts,0,0,0,2023-09-01 00:00:00
p_yra4pxjn2n,Charcoal Heather Gray Fleece French Terry Full Zip,Hoodie,0,0,0,2023-09-01 00:00:00
p_k727r3s7q8,Charcoal Heather Gray Fleece French Terry Jogger,Sweatpants & Joggers,0,0,0,2023-09-01 00:00:00
p_qsxubmrtfw,Long Sleeve Tee | Loungewear | Charcoal Heather Gray,T-Shirts,0,0,0,2023-09-01 00:00:00
p_hrqsaa2u6g,Charcoal Heather Gray Loungewear Pant,Pants,0,0,0,2023-09-01 00:00:00
p_z9gg92dcqx,Charcoal Heather Gray Short Sleeve Polo Shirt,Polos,0,0,0,2023-09-01 00:00:00
p_3shyn5zkky,Charcoal Heather Gray Tall Crew T-Shirt,T-Shirts,0,0,0,2023-09-01 00:00:00
p_mvqwbcmhah,Charcoal Heather Gray Tall Round Hem Crew Neck T-Shirt,T-Shirts,0,0,0,2023-09-01 00:00:00
p_yupfqc6yfm,Charcoal Heather Gray Short Sleeve V-Neck T-Shirt,T-Shirts,0,0,0,2023-09-01 00:00:00
p_6k245nh69q,Crimson Long Sleeve Crew Neck T-Shirt,T-Shirts,0,0,0,2023-09-01 00:00:00
p_rhxjthz5x8,Dark Heather Burgundy Active Comfort Short,Swim Shorts,0,0,0,2023-09-01 00:00:00
p_ucy8r4cqe3,Dark Heather Burgundy Active Joggers,Sweatpants & Joggers,0,0,0,2023-09-01 00:00:00
p_2eh6mejec7,Dark Heather Cadet Active Crew Neck T-Shirt,T-Shirts,0,0,0,2023-09-01 00:00:00
p_sfn5q4bv26,Dark Heather Cadet Short Sleeve Active Polo Shirt,Polos,0,0,0,2023-09-01 00:00:00
p_ncvpa3z4h7,Dark Heather Cadet Long Sleeve Active Crew Neck T-Shirt,T-Shirts,0,0,0,2023-09-01 00:00:00
p_6njreat3aq,Dark Heather Cocoa Active Crew Neck T-Shirt,T-Shirts,0,0,0,2023-09-01 00:00:00
p_mjrxd2wgtf,Dark Heather Cocoa Short Sleeve Active Polo Shirt,Polos,0,0,0,2023-09-01 00:00:00
p_zf9muhc3as,Dark Heather Indigo Active Comfort Short,Shorts,0,0,0,2023-09-01 00:00:00
p_x5p88uuzy5,Dark Heather Indigo Active Joggers,Sweatpants & Joggers,0,0,0,2023-09-01 00:00:00
p_npx42jpcmt,Dark Heather Military Green Active Comfort Short,Shorts,0,0,0,2023-09-01 00:00:00
p_9m3e7uj62s,Dark Heather Military Green Active Joggers,Sweatpants & Joggers,0,0,0,2023-09-01 00:00:00
p_t2tpzxuynp,Dark Heather Navy Active Joggers,Sweatpants & Joggers,0,0,0,2023-09-01 00:00:00
p_vybqnpjdfb,Dark Heather Tempest Active Crew Neck T-Shirt,T-Shirts,0,0,0,2023-09-01 00:00:00
p_gzgm33n9cz,Dark Heather Tempest Short Sleeve Active Polo Shirt,Polos,0,0,0,2023-09-01 00:00:00
p_sph8dsebwy,Dark Oak Fleece French Terry Pullover Crew Neck Sweatshirt,Sweatshirt,0,0,0,2023-09-01 00:00:00
p_zpj5m6rzbh,Dark Oak Fleece French Terry Pullover Hoodie,Hoodie,0,0,0,2023-09-01 00:00:00
p_bvsv82u2jt,Dark Oak Fleece French Terry Zip Hoodie,Hoodie,0,0,0,2023-09-01 00:00:00
p_xdyn8gxhhe,Dark Oak Long Sleeve Waffle Crew,Sweatshirt,0,0,0,2023-09-01 00:00:00
p_hvyht2dd2v,Dark Oak Slim Twill Chino Pant,Pants,0,0,0,2023-09-01 00:00:00
p_9mtccasba9,Dark Oak Waffle Hoodie,Hoodie,0,0,0,2023-09-01 00:00:00
p_2wxxfw7mca,Dark Olive Fleece Shacket,Shirt Jackets,0,0,0,2023-09-01 00:00:00
p_b3ppfm2vay,Dark Olive Long Sleeve Waffle Crew,Shirt,0,0,0,2023-09-01 00:00:00
p_a6yxedr8jx,Dark Purple Short Sleeve V-Neck T-Shirt ,T-Shirts,0,0,0,2023-09-01 00:00:00
p_zwwudtzed5,Deep Sea Blue Heather Active Hoodie,Hoodie,0,0,0,2023-09-01 00:00:00
p_9y7p8njxta,Deep Sea Blue Heather Active Long Sleeve Crew T-Shirt,T-Shirts,0,0,0,2023-09-01 00:00:00
p_wht3v5efkm,Deep Sea Blue Long Sleeve Waffle Crew,T-Shirts,0,0,0,2023-09-01 00:00:00
p_z7xekuufwm,Ecru Do-It-All Comfort Long Sleeve Button Up Shirt,Button Down Shirts,0,0,0,2023-09-01 00:00:00
p_kvuhf7884a,Electric Blue Short Sleeve Polo Shirt,Polos,0,0,0,2023-09-01 00:00:00
p_ysyjzgmtu6,Evergreen Heather Active Hoodie,Hoodie,0,0,0,2023-09-01 00:00:00
p_shc7xvk932,Evergreen Heather Active Long Sleeve Crew Neck T-Shirt,T-Shirts,0,0,0,2023-09-01 00:00:00
p_2d43kb3hj3,Evergreen Heather Long Sleeve Waffle Crew,Sweatshirt,0,0,0,2023-09-01 00:00:00
p_yszdpmgyju,Evergreen Sweater Scarf,Scarf,0,0,0,2023-09-01 00:00:00
p_ydptv6rbpw,Gradient Classic Polarized Sunglasses,Sunglasses,0,0,0,2023-09-01 00:00:00
p_3wdph5p4a5,Gunmetal Puffer Vest,Outerwear Vests,0,0,0,2023-09-01 00:00:00
p_2c7s8a7bmw,Heather Black Active Jogger,Sweatpants & Joggers,0,0,0,2023-09-01 00:00:00
p_dny6u2yy3n,Heather Burgundy Active Crew Neck T-Shirt,T-Shirts,0,0,0,2023-09-01 00:00:00
p_5a5sfcgqkq,Heather Burgundy Active Long Sleeve Crew Neck T-Shirt,T-Shirts,0,0,0,2023-09-01 00:00:00
p_ctw749pxad,Heather Burgundy Long Sleeve Crew Neck T-Shirt,T-Shirts,0,0,0,2023-09-01 00:00:00
p_pqwkc9p2hu,Heather Burgundy Short Sleeve Crew Neck T-Shirt,T-Shirts,0,0,0,2023-09-01 00:00:00
p_a2wcem7cms,Heather Burgundy Short Sleeve V-Neck T-Shirt,T-Shirts,0,0,0,2023-09-01 00:00:00
p_25hy766nzk,Heather Cayenne Short Sleeve Crew Neck T-Shirt,T-Shirts,0,0,0,2023-09-01 00:00:00
p_x7cgdhmyp3,Heather Navy Short Sleeve Polo Shirt,Polos,0,0,0,2023-09-01 00:00:00
p_2hkre8aznc,Military Green Tall Straight Hem Crew Neck T-Shirt,T-Shirts,0,0,0,2023-09-01 00:00:00
p_73kjt62een,Heather Cayenne Short Sleeve Polo Shirt,Polos,0,0,0,2023-09-01 00:00:00
p_dpgtwv5dut,Heather Cayenne Short Sleeve Tall Polo,Polos,0,0,0,2023-09-01 00:00:00
p_rpenkmstmg,Heather Centurion Active Crew Neck T-Shirt,T-Shirts,0,0,0,2023-09-01 00:00:00
p_kzqm93unyy,Heather Cocoa Active Crew Neck T-Shirt,T-Shirts,0,0,0,2023-09-01 00:00:00
p_rua2yj3jmt,Heather Dark Oak Crew Short Sleeve Neck T-Shirt,T-Shirts,0,0,0,2023-09-01 00:00:00
p_cve5gy56m8,Heather Dark Oak Short Sleeve V-Neck T-Shirt,T-Shirts,0,0,0,2023-09-01 00:00:00
p_cvrhss99ts,Heather Dark Orchid Short Sleeve V-Neck T-Shirt,Shirt,0,0,0,2023-09-01 00:00:00
p_y3r2ug2mpu,Heather Forest Active Crew Neck T-Shirt,T-Shirts,0,0,0,2023-09-01 00:00:00
p_h75hjs7973,Heather Forest Short Sleeve Active Polo Shirt,Polos,0,0,0,2023-09-01 00:00:00
p_x5pshyk4q9,Heather Graphite Short Sleeve Polo Shirt,Polos,0,0,0,2023-09-01 00:00:00
p_g4xkdswn5e,Heather Gray Active Comfort Short,Shorts,0,0,0,2023-09-01 00:00:00
p_9p8bns7rmp,Heather Gray Active Crew Socks 3-Pack,Socks,0,0,0,2023-09-01 00:00:00
p_bjecaeres5,Heather Gray Active Never Show Socks 3-Pack,Socks,0,0,0,2023-09-01 00:00:00
p_nw97q8x9x2,Heather Gray Ankle Socks 3-Pack,Socks,0,0,0,2023-09-01 00:00:00
p_n3jnq4u8q7,Heather Gray Crew Neck Sweater,Knit Sweaters,0,0,0,2023-09-01 00:00:00
p_gbh9ypmsjv,Heather Gray Do-It-All Comfort Long Sleeve Button Up Shirt,Button Down Shirts,0,0,0,2023-09-01 00:00:00
p_bz2jmxhgzb,Heather Gray Fleece French Terry Joggers,Sweatpants & Joggers,0,0,0,2023-09-01 00:00:00
p_dvj7aj4rxq,Heather Gray Fleece French Terry Pullover Crew Neck Sweatshirt,Sweatshirt,0,0,0,2023-09-01 00:00:00
p_ttdapkruav,Heather Gray Fleece French Terry Pullover Hoodie,Hoodie,0,0,0,2023-09-01 00:00:00
p_e3w27784ez,Heather Gray Long Sleeve Lightweight Flannel Shirt,Button Down Shirts,0,0,0,2023-09-01 00:00:00
p_7cvqeq727k,Heather Gray Long Sleeve Polo Shirt,Polos,0,0,0,2023-09-01 00:00:00
p_36tjt6cs8z,Heather Gray Pique Crew Sweater,Knit Sweaters,0,0,0,2023-09-01 00:00:00
p_mbdbf8ya5d,Heather Gray Sweater Long Sleeve Button Up Shirt,Button Down Shirts,0,0,0,2023-09-01 00:00:00
p_gzymf76rmw,Heather Navy Loungewear Jogger,Sweatpants & Joggers,0,0,0,2023-09-01 00:00:00
p_8nxyvmkrbc,Heather Navy Loungewear Pant,Pants,0,0,0,2023-09-01 00:00:00
p_yb98yp2sqv,Indigo Rinse Slim Authentic Stretch Jeans,Jeans,0,0,0,2023-09-01 00:00:00
p_juu2rq3qu8,Indigo Rinse Straight Authentic Stretch Jeans,Jeans,0,0,0,2023-09-01 00:00:00
p_jwjqtb338j,Khaki Comfort Chino Pants,Pants,0,0,0,2023-09-01 00:00:00
p_t83m3bqcj4,Khaki Commuter Pant,Pants,0,0,0,2023-09-01 00:00:00
p_spf5g5jf32,Khaki Slim Twill Chino,Pants,0,0,0,2023-09-01 00:00:00
p_jx3q5n329x,Khaki Straight Twill Chino,Pants,0,0,0,2023-09-01 00:00:00
p_rhugz6jch8,Light Indigo Wash Slim Authentic Stretch Jeans,Jeans,0,0,0,2023-09-01 00:00:00
p_katetzgtwe,Light Indigo Wash Straight Authentic Stretch Jeans,Jeans,0,0,0,2023-09-01 00:00:00
p_s57sjtnm4q,Meadow Straight Twill Chino,Pants,0,0,0,2023-09-01 00:00:00
p_d3c8r9bpvv,Medium Indigo Wash Slim Authentic Stretch Jeans,Jeans,0,0,0,2023-09-01 00:00:00
p_xgzt58skmg,Medium Indigo Wash Straight Authentic Stretch Jeans,Jeans,0,0,0,2023-09-01 00:00:00
p_egd9fym6xg,Navy Commuter Pant,Pants,0,0,0,2023-09-01 00:00:00
p_ymb5bq3vdv,Navy Fleece Shacket,Shirt Jackets,0,0,0,2023-09-01 00:00:00
p_accagka8uw,Reversible Dress Belt,Belt,0,0,0,2023-09-01 00:00:00
p_pjpnhtycns,Sandstone Commuter Pant,Pants,0,0,0,2023-09-01 00:00:00
p_dks9q92uqc,Heather Gray Tall Round Hem Crew Neck T-Shirt,T-Shirts,0,0,0,2023-09-01 00:00:00
p_udqn8s72v2,Navy Tall Round Hem Crew Neck T-Shirt,T-Shirts,0,0,0,2023-09-01 00:00:00
p_8y5vsf82td,Heather Emerald Short Sleeve Crew Neck T-Shirt,T-Shirts,0,0,0,2023-09-01 00:00:00
p_xqh3f9cwus,Heather Emerald Short Sleeve V-Neck T-Shirt,T-Shirts,0,0,0,2023-09-01 00:00:00
p_vst6extntp,Heather Gray Active Jogger,Sweatpants & Joggers,0,0,0,2023-09-01 00:00:00
p_75cz36rfz9,Heather Gray Sweater Hoodie,Hoodie,0,0,0,2023-09-01 00:00:00
p_6cj8gtxf2x,Heather Gray Tall Long Sleeve T-Shirt,Shirt,0,0,0,2023-09-01 00:00:00
p_34upddt2cp,Heather Gray Tall Straight Hem Crew Neck T-Shirt,T-Shirts,0,0,0,2023-09-01 00:00:00
p_behk4g2psv,Heather Gray Short Sleeve V-Neck T-Shirt,T-Shirts,0,0,0,2023-09-01 00:00:00
p_kgcgy98rwb,Heather Gray Waffle Hoodie,Hoodie,0,0,0,2023-09-01 00:00:00
p_6suxvjsvfc,Heather Indigo Tall Round Hem Crew Neck T-Shirt,T-Shirts,0,0,0,2023-09-01 00:00:00
p_jpmpa7s5yw,Heather Indigo Short Sleeve V-Neck T-Shirt,T-Shirts,0,0,0,2023-09-01 00:00:00
p_4pdddcg9t6,Heather Military Green Long Sleeve Crew T-Shirt,T-Shirts,0,0,0,2023-09-01 00:00:00
p_284qkebjr8,Heather Military Green Short Sleeve Polo Shirt,Polos,0,0,0,2023-09-01 00:00:00
p_tbp6wvu828,Heather Military Green Short Sleeve V-Neck T-Shirt,T-Shirts,0,0,0,2023-09-01 00:00:00
p_x8z28nbvwg,Heather Mist Short Sleeve Crew Neck T-Shirt,T-Shirts,0,0,0,2023-09-01 00:00:00
p_rejmm7td92,Heather Mist Short Sleeve V-Neck T-Shirt,T-Shirts,0,0,0,2023-09-01 00:00:00
p_6wj7x98tcn,Heather Navy Active Comfort Crew Sweatshirt,Sweatshirt,0,0,0,2023-09-01 00:00:00
p_mtqhyqahab,Heather Navy Active Comfort Pullover Hoodie,Hoodie,0,0,0,2023-09-01 00:00:00
p_bxnehsqcdv,Heather Navy Short Sleeve Active Polo Shirt,Polos,0,0,0,2023-09-01 00:00:00
p_7bmuq9q6qw,Heather Navy Long Sleeve Ripstop Commuter Shirt,Shirt,0,0,0,2023-09-01 00:00:00
p_g6dg3x3nta,Heather Navy Pique Crew Sweater,Knit Sweaters,0,0,0,2023-09-01 00:00:00
p_5gc6jyy4vw,Heather Navy Tall Round Hem Crew Neck T-Shirt,T-Shirts,0,0,0,2023-09-01 00:00:00
p_u4zzshtv4s,Heather Navy Short Sleeve V-Neck T-Shirt,Shirt,0,0,0,2023-09-01 00:00:00
p_7tce4kfut5,Heather Oatmeal Crew Neck Sweater,Knit Sweaters,0,0,0,2023-09-01 00:00:00
p_eyc8fnh7za,Heather Purple Short Sleeve Crew Neck T-Shirt,T-Shirts,0,0,0,2023-09-01 00:00:00
p_fzwwcz6x6s,Heather Sage Short Sleeve Crew Neck T-Shirt,T-Shirts,0,0,0,2023-09-01 00:00:00
p_xvg4py479t,Heather Sage V-Neck Short Sleeve T-Shirt,T-Shirts,0,0,0,2023-09-01 00:00:00
p_up97jdnnsw,Heather Sapphire Short Sleeve Crew Neck T-Shirt,T-Shirts,0,0,0,2023-09-01 00:00:00
p_84xru5kzx9,Heather Dusty Pink Short Sleeve Crew Neck T-Shirt,T-Shirts,0,0,0,2023-09-01 00:00:00
p_xrvchd55bc,Heather Military Green Short Sleeve Tall Crew,Screen Printed T-Shirts,0,0,0,2023-09-01 00:00:00
p_xqcme6qpqk,Heather Navy Active Comfort Full Zip Hoodie,Hoodie,0,0,0,2023-09-01 00:00:00
p_5f676x59tf,Long Sleeve Tee | Loungewear | Heather Navy,T-Shirts,0,0,0,2023-09-01 00:00:00
p_ztgcvk5gkn,Short Sleeve Tee | Loungewear | Heather Navy,T-Shirts,0,0,0,2023-09-01 00:00:00
p_spgwfvgehe,Heather Navy Sweater Long Sleeve Button Up Shirt,Button Down Shirts,0,0,0,2023-09-01 00:00:00
p_6mr5zpx479,Indigo Wash Straight Fit Comfort Jeans,Jeans,0,0,0,2023-09-01 00:00:00
p_5bvpjy99x9,Ivory Active Jacket,Jacket,0,0,0,2023-09-01 00:00:00
p_23ej4qec4x,Khaki Coaches Jacket,Jacket,0,0,0,2023-09-01 00:00:00
p_ukpa96wyhm,Light Gray Stretch Oxford Long Sleeve Button Up Shirt,Button Down Shirts,0,0,0,2023-09-01 00:00:00
p_mzcrkdhuvj,Light Heather Gray Tall Round Hem Crew Neck T-Shirt,T-Shirts,0,0,0,2023-09-01 00:00:00
p_f7jft6kfqg,Light Indigo Wash Long Sleeve Chambray Shirt,Shirt,0,0,0,2023-09-01 00:00:00
p_ae6rxxhgmc,Medium Indigo Wash Long Sleeve Chambray Shirt,Shirt,0,0,0,2023-09-01 00:00:00
p_4axmubbqfb,Medium Indigo Wash Slim Fit Comfort Jeans,Jeans,0,0,0,2023-09-01 00:00:00
p_6b6wk8uxa6,Military Green Comfort Chino Pants,Pants,0,0,0,2023-09-01 00:00:00
p_ewa8pkqm8u,Military Green Fleece French Terry Jogger,Sweatpants & Joggers,0,0,0,2023-09-01 00:00:00
p_9fu3j9tbue,Military Green Tall Round Hem Crew Neck T-Shirt,T-Shirts,0,0,0,2023-09-01 00:00:00
p_26dpvscejy,Navy Comfort Chino Pants,Pants,0,0,0,2023-09-01 00:00:00
p_gqs2hwpkjy,Navy Commuter Long Sleeve Button Up Shirt,Shirt,0,0,0,2023-09-01 00:00:00
p_e58dmnpc9e,Navy Fleece French Terry Jogger,Sweatpants & Joggers,0,0,0,2023-09-01 00:00:00
p_r3gbt3j2kw,Navy Long Sleeve Button Up Shirt,Shirt,0,0,0,2023-09-01 00:00:00
p_byy2kmxasx,Navy Long Sleeve Lightweight Flannel Shirt,Shirt,0,0,0,2023-09-01 00:00:00
p_dr2dsqwwjd,Navy Performance Lightweight Dress Shirt,Button Down Shirts,0,0,0,2023-09-01 00:00:00
p_2d9wqf9yrd,Navy Puffer Vest,Outerwear Vests,0,0,0,2023-09-01 00:00:00
p_m753ak35t9,Navy Stretch Oxford Long Sleeve Button Up Shirt,Shirt,0,0,0,2023-09-01 00:00:00
p_wzprzguypw,Sandstone Comfort Chino Pants,Pants,0,0,0,2023-09-01 00:00:00
p_fyejvaduhb,Stone Blue Active Jogger,Sweatpants & Joggers,0,0,0,2023-09-01 00:00:00
p_gv8hh5kma3,Stone Stretch Oxford Long Sleeve Button Up Shirt,Button Down Shirts,0,0,0,2023-09-01 00:00:00
p_9absn9mpzt,Suede Brown Comfort Chino Pant,Pants,0,0,0,2023-09-01 00:00:00
p_f3zjdpjr6y,White Active Ankle Socks 3-Pack,Socks,0,0,0,2023-09-01 00:00:00
p_vdzeqmc9rs,White Active Crew Socks 3-Pack,Socks,0,0,0,2023-09-01 00:00:00
p_u9kx69bqms,White Active Never Show Socks 3-Pack,Socks,0,0,0,2023-09-01 00:00:00
p_jybua995rp,White Long Sleeve Button Up Shirt,Button Down Shirts,0,0,0,2023-09-01 00:00:00
p_yabrk8yt6y,White Commuter Long Sleeve Button Up Shirt,Button Down Shirts,0,0,0,2023-09-01 00:00:00
p_jc3jqkdafw,White Commuter Short Sleeve Button Up,Button Down Shirts,0,0,0,2023-09-01 00:00:00
p_hvfwhakq9c,White Performance Lightweight Dress Shirt,Button Down Shirts,0,0,0,2023-09-01 00:00:00
p_btfq53bzn6,White Short Sleeve Active Polo Shirt,Polos,0,0,0,2023-09-01 00:00:00
p_p42j2ebh8r,White Short Sleeve Button Up Shirt,Shirt,0,0,0,2023-09-01 00:00:00
p_xug2xuwpqn,White Stretch Oxford Long Sleeve Button Up Shirt,Shirt,0,0,0,2023-09-01 00:00:00
p_2xrckgaktx,White Tall Round Hem Crew Neck T-Shirt,T-Shirts,0,0,0,2023-09-01 00:00:00
p_p29249kscd,White Waffle Hoodie,Hoodie,0,0,0,2023-09-01 00:00:00
p_395td7np9f,Heather Military Green Short Sleeve Tall Polo Shirt,Polos,0,0,0,2023-09-01 00:00:00
p_tmjb73g498,Heather Navy Short Sleeve Tall Polo Shirt,Polos,0,0,0,2023-09-01 00:00:00
p_p7dtyf9kd8,Heather Pale Blue Short Sleeve V-Neck T-Shirt,T-Shirts,0,0,0,2023-09-01 00:00:00
p_3fgxkpaxye,Heather Seafarer Short Sleeve Polo Shirt,Polos,0,0,0,2023-09-01 00:00:00
p_jre675wesy,Heather Seafarer Short Sleeve Tall Polo Shirt,Polos,0,0,0,2023-09-01 00:00:00
p_mqgpa9st88,Heather Sapphire Short Sleeve V-Neck T-Shirt,T-Shirts,0,0,0,2023-09-01 00:00:00
p_vaexg8brvb,Heather Navy Short Sleeve Tall Crew,T-Shirts,0,0,0,2023-09-01 00:00:00
p_dqknx7njuf,Heather Slate Green Short Sleeve Polo Shirt,Polos,0,0,0,2023-09-01 00:00:00
p_zscv6ea69y,Heather Voyager Short Sleeve Crew Neck T-Shirt,T-Shirts,0,0,0,2023-09-01 00:00:00
p_jzwpw7njj6,Heather Voyager Short Sleeve Polo Shirt,Polos,0,0,0,2023-09-01 00:00:00
p_6e9uas44v6,Heather Voyager Short Sleeve V-Neck T-Shirt,T-Shirts,0,0,0,2023-09-01 00:00:00
p_28xdw49sqx,Indigo Short Sleeve Crew Neck T-Shirt,T-Shirts,0,0,0,2023-09-01 00:00:00
p_79pyfxzssb,Indigo Short Sleeve V-Neck T-Shirt,T-Shirts,0,0,0,2023-09-01 00:00:00
p_cje82wcjgv,Iron Gray Active Crew Neck T-Shirt,T-Shirts,0,0,0,2023-09-01 00:00:00
p_42exp9424a,Light Heather Gray Active Crew Neck T-Shirt,T-Shirts,0,0,0,2023-09-01 00:00:00
p_8v2uvftad7,Light Heather Gray Short Sleeve Crew Neck T-Shirt,T-Shirts,0,0,0,2023-09-01 00:00:00
p_39k28x38p7,Light Heather Gray Short Sleeve Polo Shirt,Polos,0,0,0,2023-09-01 00:00:00
p_cgxstjpjhj,Light Khaki Short Sleeve Crew Neck T-Shirt,T-Shirts,0,0,0,2023-09-01 00:00:00
p_4rudftw6u6,Lilac Gray Short Sleeve V-Neck T-Shirt,T-Shirts,0,0,0,2023-09-01 00:00:00
p_zymrwj8fj9,Mahogany Short Sleeve Crew Neck T-Shirt,T-Shirts,0,0,0,2023-09-01 00:00:00
p_6b99p4bqsk,Mahogany Short Sleeve Polo Shirt,Polos,0,0,0,2023-09-01 00:00:00
p_tgudk6vxpb,Military Beige Short Sleeve V-Neck T-Shirt,T-Shirts,0,0,0,2023-09-01 00:00:00
p_cbxu2v3ntm,Military Green Short Sleeve Active Crew Neck T-Shirt,T-Shirts,0,0,0,2023-09-01 00:00:00
p_j9ak85wp57,Military Green Active Quick Dry Short with Liner,Shorts,0,0,0,2023-09-01 00:00:00
p_tfc9aqbuz4,Military Green Short Sleeve Crew Neck T-Shirt,T-Shirts,0,0,0,2023-09-01 00:00:00
p_ch6qn6a8en,Military Green Short Sleeve V-Neck T-Shirt,T-Shirts,0,0,0,2023-09-01 00:00:00
p_t4px9w63de,Navy Short Sleeve Crew Neck T-Shirt,T-Shirts,0,0,0,2023-09-01 00:00:00
p_cty4s4ehz9,Orange Short Sleeve V-Neck T-Shirt,T-Shirts,0,0,0,2023-09-01 00:00:00
p_wc3k5eupk3,Oxford Blue Short Sleeve V-Neck T-Shirt,T-Shirts,0,0,0,2023-09-01 00:00:00
p_zc2fube8nb,Periwinkle Blue Short Sleeve Polo Shirt,Polos,0,0,0,2023-09-01 00:00:00
p_hed6qt6arh,Raspberry Short Sleeve Polo Shirt,Polos,0,0,0,2023-09-01 00:00:00
p_uwx92gahmk,Mahogany Long Sleeve Henley,T-Shirts,0,0,0,2023-09-01 00:00:00
p_mdphbu2y54,Indigo Long Sleeve T-Shirt,T-Shirts,0,0,0,2023-09-01 00:00:00
p_vhh2e6dge7,Mellow Yellow Short Sleeve Crew Neck T-Shirt,T-Shirts,0,0,0,2023-09-01 00:00:00
p_w24fe8f3xz,Mellow Yellow Short Sleeve V-Neck T-Shirt,T-Shirts,0,0,0,2023-09-01 00:00:00
p_77barf9kfn,Mahogany Long Sleeve Waffle Crew,Sweatshirt,0,0,0,2023-09-01 00:00:00
p_624s29xq4x,Sweater Scarf | Black,Scarf,0,0,0,2023-09-01 00:00:00
p_c4xj5zhjn2,Heather Navy Sweater Button Up Shirt,Button Down Shirts,0,0,0,2023-09-01 00:00:00
p_qek9etj5vj,Heather Voyager Short Sleeve Crew Neck T-Shirt,Shirt,0,0,0,2023-09-01 00:00:00
p_u9qz9yabud,Indigo Wash Slim Fit Comfort Jeans,Jeans,0,0,0,2023-09-01 00:00:00
p_h5b94d3deu,Centurion Short Sleeve Sweater Polo,Polos,0,0,0,2023-09-01 00:00:00
p_erspmns4ce,Heather Seafarer Short Sleeve V-Neck Neck T-Shirt,Shirt,0,0,0,2023-09-01 00:00:00
p_q4h28hmd8q,Never Show Socks | Active | 3-Pack | Black,Socks,0,0,0,2023-09-01 00:00:00
p_aj2ry7xdv9,"Chino Shorts | Comfort | 7"" | Rosewood",Shorts,0,0,0,2023-09-01 00:00:00
p_9y7cp9jumm,"Shorts | Classic Twill | 9"" | Sandstone",Shorts,0,0,0,2023-09-01 00:00:00
p_3pskc4cwbp,"Shorts | Classic Twill | 9"" Khaki",Shorts,0,0,0,2023-09-01 00:00:00
p_6bn53rdnz2,"Shorts | Classic Twill | 9"" | Navy",Shorts,0,0,0,2023-09-01 00:00:00
p_h4877neu4n,Sandstone Commuter Short,Shorts,0,0,0,2023-09-01 00:00:00
p_xsbj94sm6q,Heather Gray Fleece French Terry Short,Shorts,0,0,0,2023-09-01 00:00:00
p_jqam2z9s7w,"Chino Shorts | Comfort | 9"" | Ivory",Shorts,0,0,0,2023-09-01 00:00:00
p_kvcynwabcy,"Chino Shorts | Comfort | 9"" | Sandstone",Shorts,0,0,0,2023-09-01 00:00:00
p_7y7ms9wtr4,Shorts | Active Comfort | Black,Shorts,0,0,0,2023-09-01 00:00:00
p_r5du83g9df,Shorts | Active | Quick Dry with Liner | Black,Swim Shorts,0,0,0,2023-09-01 00:00:00
p_7pvp4dcq5n,Carbon Active Quick Dry Short with Liner,Swim Shorts,0,0,0,2023-09-01 00:00:00
p_gmhetj6qvj,Long Sleeve Button Up Shirt | Stretch Oxford | Banker Blue,Button Down Shirts,0,0,0,2023-09-01 00:00:00
p_8q3s9r6qwu,Hoodie | Active Comfort | Full Zip | Black,Hoodie,0,0,0,2023-09-01 00:00:00
p_fc9era585c,Jacket | Active | Black,Athletic Jackets,0,0,0,2023-09-01 00:00:00
p_m26ckp2n6s,Black Tall Round Hem Crew Neck T-Shirt,T-Shirts,0,0,0,2023-09-01 00:00:00
p_cfg5xu3gvw,Dark Olive Short Sleeve Crew Neck T-Shirt,T-Shirts,0,0,0,2023-09-01 00:00:00
p_yhput7au44,Dark Olive Long Sleeve Henley,T-Shirts,0,0,0,2023-09-01 00:00:00
p_ez9ax3esv6,Emerald Long Sleeve Crew Neck T-Shirt,T-Shirts,0,0,0,2023-09-01 00:00:00
p_8vx6ygsmsd,Heather Gray Hooded Long Sleeve T-Shirt,Hoodie,0,0,0,2023-09-01 00:00:00
p_23ubcbvz89,Heather Gray Never Show Socks 3-Pack,Socks,0,0,0,2023-09-01 00:00:00
p_pz6x448p9t,Heather Gray Short Sleeve Sweater Polo Shirt,Knit Tops,0,0,0,2023-09-01 00:00:00
p_jg78h55jmw,Heather Gray Sweater Beanie,Beanie,0,0,0,2023-09-01 00:00:00
p_w7ysprckp8,Heather Navy Active Comfort Straight Leg Pant,Sweatpants & Joggers,0,0,0,2023-09-01 00:00:00
p_8nnyqj3ewe,Heather Emerald Tall Round Hem Crew Neck T-Shirt,T-Shirts,0,0,0,2023-09-01 00:00:00
p_ttezb89gxf,Heather Mauve Short Sleeve Crew Neck T-Shirt,T-Shirts,0,0,0,2023-09-01 00:00:00
p_qtjb9pcnn3,Heather Navy Active Shell Jacket,Jacket,0,0,0,2023-09-01 00:00:00
p_f92h3kv2cv,Heather Pale Blue Short Sleeve Crew Neck T-Shirt,T-Shirts,0,0,0,2023-09-01 00:00:00
p_vjgaj8nyrd,Heather Gray Sweater Scarf,Scarf,0,0,0,2023-09-01 00:00:00
p_dy7mjs4bpm,Sleeveless Muscle Tee | Active | Light Heather Gray,Tank Top,0,0,0,2023-09-01 00:00:00
p_6sdgsje2m3,Mahogany Fleece French Terry Jogger,Sweatpants & Joggers,0,0,0,2023-09-01 00:00:00
p_xfct3t2vkk,Mahogany Waffle Hoodie,Hoodie,0,0,0,2023-09-01 00:00:00
p_wtnvenruq9,Medium indigo Wash Straight Fit Comfort Jeans,Jeans,0,0,0,2023-09-01 00:00:00
p_v8pfb5wryd,Military Green Waffle Hoodie,Hoodie,0,0,0,2023-09-01 00:00:00
p_x525p5gyt4,Moss Short Sleeve Sweater Polo Shirt,T-Shirts,0,0,0,2023-09-01 00:00:00
p_t58yx24wsb,Navy Hooded Long Sleeve T-Shirt,Sweatshirt,0,0,0,2023-09-01 00:00:00
p_msfd479sz8,Navy Short Sleeve Button Up Shirt,Shirt,0,0,0,2023-09-01 00:00:00
p_mau5qbhasg,Navy Short Sleeve Sweater Polo Shirt,Knit Sweaters,0,0,0,2023-09-01 00:00:00
p_kccxqadagn,Navy Waffle Hoodie,Hoodie,0,0,0,2023-09-01 00:00:00
p_dbg2vhd8gn,Navy Waffle Long Sleeve Crew Neck,Sweatshirt,0,0,0,2023-09-01 00:00:00
p_7kzk6kwsxk,Oatmeal Sweater Hoodie,Hoodie,0,0,0,2023-09-01 00:00:00
p_xhubfpt2bh,Olive Long Sleeve Ripstop Commuter Shirt,Shirt,0,0,0,2023-09-01 00:00:00
p_29wrd4wkfa,Pale Blue Button Up Shirt,Button Down Shirts,0,0,0,2023-09-01 00:00:00
p_u2rhgedcvp,White Long Sleeve Polo Shirt,Polos,0,0,0,2023-09-01 00:00:00
p_5e7t6v6gv8,Heather Sapphire Short Sleeve V-Neck T-Shirt,T-Shirts,0,0,0,2023-09-01 00:00:00
p_wctjf5cy38,Heather Seafarer Short Sleeve Crew Neck T-Shirt,T-Shirts,0,0,0,2023-09-01 00:00:00
p_dxzcer2fk8,Heather Slate Green Short Sleeve Crew Neck T-Shirt,T-Shirts,0,0,0,2023-09-01 00:00:00
p_dbcpnaxxzz,Navy Boxer Briefs 3-Pack,Underwear,0,0,0,2023-09-01 00:00:00
p_4juc2hdg85,Navy Tall Straight Hem Crew Neck T-Shirt,T-Shirts,0,0,0,2023-09-01 00:00:00
p_drc7rrjfsv,Mahogany Long Sleeve T-Shirt,Shirt,0,0,0,2023-09-01 00:00:00
p_rpcku7uhxu,Mahogany Short Sleeve V-Neck T-Shirt,T-Shirts,0,0,0,2023-09-01 00:00:00
p_jj6vbqjbcj,Navy Boxer Trunks 3-Pack,Underwear,0,0,0,2023-09-01 00:00:00
p_zm5cpgbxrk,Sapphire Short Sleeve Crew Neck T-Shirt,T-Shirts,0,0,0,2023-09-01 00:00:00
p_npv4nzv5x2,Sapphire Short Sleeve Polo Shirt,Polos,0,0,0,2023-09-01 00:00:00
p_ps2ys9u9da,Short Sleeve T-Shirt | Crew Neck | Steel,T-Shirts,0,0,0,2023-09-01 00:00:00
p_wue6hk6hmr,Short Sleeve T-Shirt | V-Neck | Steel,T-Shirts,0,0,0,2023-09-01 00:00:00
p_avsdr3kjaw,Military Green Boxer Briefs 3-Pack,Underwear,0,0,0,2023-09-01 00:00:00
p_9xxg4dd5wv,Navy Tall Long Sleeve T-Shirt,Shirt,0,0,0,2023-09-01 00:00:00
p_4qvba3a9f7,Off White Short Sleeve Crew Neck T-Shirt,T-Shirts,0,0,0,2023-09-01 00:00:00
p_rh632vzkvf,Raspberry Short Sleeve Crew Neck T-Shirt,T-Shirts,0,0,0,2023-09-01 00:00:00
p_jgnjyyepyv,White Short Sleeve Crew Neck T-Shirt,T-Shirts,0,0,0,2023-09-01 00:00:00
p_2nzpxxx9qd,White Tall Long Sleeve T-Shirt,T-Shirts,0,0,0,2023-09-01 00:00:00
p_fsr8s5rfne,Navy Tall Active Crew Neck,T-Shirts,0,0,0,2023-09-01 00:00:00
p_xzhwz3h8uh,Heather Light Khaki Crew Neck,Sweatshirt,0,0,0,2023-09-01 00:00:00
p_g2f7b4qvq8,Kelly Green Short Sleeve Crew Neck T-Shirt,T-Shirts,0,0,0,2023-09-01 00:00:00
p_jdmt24d7hn,Pale Blue Short Sleeve Crew Neck T-Shirt,T-Shirts,0,0,0,2023-09-01 00:00:00
p_xx645fy2er,Pink Opal Short Sleeve Crew Neck T-Shirt,T-Shirts,0,0,0,2023-09-01 00:00:00
p_m9zcd62yqy,Sandstone Short Sleeve Crew Neck T-Shirt,T-Shirts,0,0,0,2023-09-01 00:00:00
p_4m97kku3wq,Tan 499 Short Sleeve Crew Neck T-Shirt,T-Shirts,0,0,0,2023-09-01 00:00:00
p_6q2v79acx5,Light Blue Short Sleeve V-Neck T-Shirt,T-Shirts,0,0,0,2023-09-01 00:00:00
p_ce7amvu2k2,Light Heather Short Sleeve Gray V-Neck T-Shirt,T-Shirts,0,0,0,2023-09-01 00:00:00
p_ar4zzgjk5p,Periwinkle Blue Short Sleeve Crew Neck T-Shirt,T-Shirts,0,0,0,2023-09-01 00:00:00
p_e34ttzx6kf,True Red Short Sleeve Crew Neck T-Shirt,T-Shirts,0,0,0,2023-09-01 00:00:00
p_qsrzg2ce35,Turquoise Short Sleeve Crew Neck T-Shirt,T-Shirts,0,0,0,2023-09-01 00:00:00
p_bg7f7edphc,Stone Blue Active Comfort Short,Shorts,0,0,0,2023-09-01 00:00:00
p_ka34xhhhr8,Indigo Boxer Briefs 3-Pack,Underwear,0,0,0,2023-09-01 00:00:00
p_axzk47pvme,Teal Boxer Briefs 3-Pack,Underwear,0,0,0,2023-09-01 00:00:00
p_cnrb9yncvy,White Half Crew Sock 3-Pack,Socks,0,0,0,2023-09-01 00:00:00
p_pkqtyg3hqm,White Never Show Socks 3-Pack,Socks,0,0,0,2023-09-01 00:00:00
p_8q6fwp8wgq,Yellow Short Sleeve Polo Shirt,Polos,0,0,0,2023-09-01 00:00:00
p_8497zwuxp3,Mahogany Fleece French Terry Pullover Crew Sweatshirt,Sweatshirt,0,0,0,2023-09-01 00:00:00
p_dcqnnrpypu,Long Sleeve Tee And Jogger Set | Loungewear | Charcoal Heather Gray,Sweatshirt,0,0,0,2023-09-01 00:00:00
p_cc9s42vn4x,Short Sleeve Tee And Pant Set | Loungewear | Charcoal Heather Gray,Sweatpants & Joggers,0,0,0,2023-09-01 00:00:00
p_zwuqmdbfnt,Charcoal Heather Gray Short Sleeve Tall Active Crew Neck,T-Shirts,0,0,0,2023-09-01 00:00:00
p_un65wg283k,Long Sleeve Tee And Jogger Set | Loungewear | Heather Navy,Sweatshirt,0,0,0,2023-09-01 00:00:00
p_pqxd5rn6d9,Short Sleeve Tee And Pant Set | Loungewear | Heather Navy,Lounge Sweatpants & Joggers,0,0,0,2023-09-01 00:00:00
p_pznn6yemfk,Heather Navy Quarter Zip Performance Shirt,Athletic Tops,0,0,0,2023-09-01 00:00:00
p_f8nexh4476,Heather Navy Short Sleeve Tall Active Crew Neck,T-Shirts,0,0,0,2023-09-01 00:00:00
p_v4vw7cyjx6,White Short Sleeve Tall Active Crew Neck,T-Shirts,0,0,0,2023-09-01 00:00:00
p_fbcq86jv23,Heather Dusty Pink Short Sleeve V-Neck T-Shirt,T-Shirts,0,0,0,2023-09-01 00:00:00
p_d47n8u8fab,Black Long Sleeve Henley,Shirt,0,0,0,2023-09-01 00:00:00
p_7ekanr458k,Heather Burgundy Active Crew Neck T-Shirt,Shirt,0,0,0,2023-09-01 00:00:00
p_adhb2jnwk7,Military Green Tall Straight Hem Crew Neck T-Shirt,T-Shirts,0,0,0,2023-09-01 00:00:00
p_4xegh3d2dq,White Short Sleeve Active Polo Shirt,Polos,0,0,0,2023-09-01 00:00:00
p_jgj485u9gx,Heather Gray Hooded Long Sleeve T-Shirt,Hoodie,0,0,0,2023-09-01 00:00:00
p_5uvd4uv28m,Mahogany Waffle Hoodie,Hoodie,0,0,0,2023-09-01 00:00:00
p_qh5ucmcku5,Military Green Waffle Hoodie,Hoodie,0,0,0,2023-09-01 00:00:00
p_wrcbv4f2uu,Navy Hooded Long Sleeve T-Shirt,Sweatshirt,0,0,0,2023-09-01 00:00:00
p_3rcm54jqbs,Navy Waffle Hoodie,Hoodie,0,0,0,2023-09-01 00:00:00
p_vjd833ph3z,White Waffle Hoodie,Hoodie,0,0,0,2023-09-01 00:00:00
p_5uapency29,Navy Waffle Long Sleeve Crew Neck,Sweatshirt,0,0,0,2023-09-01 00:00:00
p_4ssfur9upr,Pale Blue Button Up Shirt,Button Down Shirts,0,0,0,2023-09-01 00:00:00
p_u9t2zm725p,Short Sleeve Active Polo Shirt | Black,Polos,0,0,0,2023-09-01 00:00:00
p_mnk33hmpwg,White Short Sleeve Active Polo,Polos,0,0,0,2023-09-01 00:00:00
p_ch7bwuavhv,Heather Gray Sweater Scarf,Scarf,0,0,0,2023-09-01 00:00:00
p_5crt48k7v7,Navy Short Sleeve Button Up Shirt,Shirt,0,0,0,2023-09-01 00:00:00
p_r6t642amsw,White Short Sleeve Button Up Shirt,Shirt,0,0,0,2023-09-01 00:00:00
p_pzx9wvv4qb,Heather Mauve Short Sleeve Crew Neck T-Shirt,T-Shirts,0,0,0,2023-09-01 00:00:00
p_tvdv27amhe,Heather Navy Active Comfort Straight Leg Pant,Sweatpants & Joggers,0,0,0,2023-09-01 00:00:00
p_2rhbv3znrg,Heather Navy Active Shell Jacket,Jacket,0,0,0,2023-09-01 00:00:00
p_ne28r8hbv2,Heather Seafarer Short Sleeve Crew Neck T-Shirt,T-Shirts,0,0,0,2023-09-01 00:00:00
p_yxq99tj7cv,Heather Slate Green Short Sleeve Crew Neck T-Shirt,Shirt,0,0,0,2023-09-01 00:00:00
p_2mwcc7hpkx,Light Heather Gray Sleeveless Active Muscle Tee,Tank Top,0,0,0,2023-09-01 00:00:00
p_cyyubbh7u4,Mahogany Fleece French Terry Jogger,Sweatpants & Joggers,0,0,0,2023-09-01 00:00:00
p_fqsqmarq3k,Mahogany Long Sleeve T-Shirt,Shirt,0,0,0,2023-09-01 00:00:00
p_r6f5ekuzmt,Mahogany V-Neck T-Shirt,Shirt,0,0,0,2023-09-01 00:00:00
p_zm7a3rkwma,Navy Tall Straight Hem Crew Neck T-Shirt,T-Shirts,0,0,0,2023-09-01 00:00:00
p_qktubda8xw,Heather Sapphire Short Sleeve V-Neck T-Shirt,T-Shirts,0,0,0,2023-09-01 00:00:00
p_bpux6v6hy3,Moss Short Sleeve Sweater Polo Shirt,T-Shirts,0,0,0,2023-09-01 00:00:00
p_x53atty9z2,Steel Short Sleeve V-Neck T-Shirt,T-Shirts,0,0,0,2023-09-01 00:00:00
p_55tcz9qg6f,Black Boxer Briefs 3-Pack,Underwear,0,0,0,2023-09-01 00:00:00
p_3t9x6drd9q,Never Show Socks | 3-Pack | Black,Socks,0,0,0,2023-09-01 00:00:00
p_9u87cuwg9k,Carbon Boxer Briefs 3-Pack,Underwear,0,0,0,2023-09-01 00:00:00
p_wuqcj8q3tb,Heather Gray Never Show Socks 3-Pack,Socks,0,0,0,2023-09-01 00:00:00
p_hj4kerceu3,Heather Gray Sweater Beanie,Beanie,0,0,0,2023-09-01 00:00:00
p_zkfhub8juv,Indigo Boxer Briefs 3-Pack,Underwear,0,0,0,2023-09-01 00:00:00
p_gky7ujn5kk,Military Green Boxer Briefs 3-Pack,Underwear,0,0,0,2023-09-01 00:00:00
p_hcstkqf7xs,Navy Boxer Briefs 3-Pack,Underwear,0,0,0,2023-09-01 00:00:00
p_vvxrx4e62u,Navy Boxer Trunks 3-Pack,Underwear,0,0,0,2023-09-01 00:00:00
p_ebtxk5mjkc,Teal Boxer Briefs 3-Pack,Underwear,0,0,0,2023-09-01 00:00:00
p_n52bwwvypc,White Active Crew Socks 3-Pack,Socks,0,0,0,2023-09-01 00:00:00
p_ngty2gftav,White Active Never Show Socks 3-Pack,Socks,0,0,0,2023-09-01 00:00:00
p_kdjpvxj7fs,White Half Crew Sock 3-Pack,Socks,0,0,0,2023-09-01 00:00:00
p_yefeaupknw,White Never Show Socks 3-Pack,Socks,0,0,0,2023-09-01 00:00:00
p_39acmqrp48,White Never Show Socks 3-Pack,Socks,0,0,0,2023-09-01 00:00:00
p_ntuxn2s2c5,Yellow Polo,Polos,0,0,0,2023-09-01 00:00:00
p_d53wqyy6nw,Oatmeal Sweater Hoodie,Hoodie,0,0,0,2023-09-01 00:00:00
p_xqd85rvpxs,Black Puffer Jacket,Puffer Jackets,0,0,0,2023-09-01 00:00:00
p_cad333s5q5,Heather Burgundy Active Long Sleeve Crew Neck,Sweatshirt,0,0,0,2023-09-01 00:00:00
p_heevyaqhce,"9"" Sandstone Classic Twill Shorts",Shorts,0,0,0,2023-09-01 00:00:00
p_yptjy3dzdz,"Shorts | Classic Twill | 7"" | Navy",Shorts,0,0,0,2023-09-01 00:00:00
p_v7wa7rn4tb,"Shorts | Classic Twill | 9"" | Khaki",Shorts,0,0,0,2023-09-01 00:00:00
p_x53vukk5e9,"Shorts | Classic Twill | 9"" | Meadow",Shorts,0,0,0,2023-09-01 00:00:00
p_yacuttmhrh,"9"" Navy Classic Twill Shorts",Shorts,0,0,0,2023-09-01 00:00:00
p_2432p8f6a5,"Shorts | Active Training | 7"" | Navy",Shorts,0,0,0,2023-09-01 00:00:00
p_64vbv6tpdm,Heather Gray Fleece French Terry Shorts,Shorts,0,0,0,2023-09-01 00:00:00
p_bmga62pefz,"9"" Sandstone Comfort Chino Shorts",Shorts,0,0,0,2023-09-01 00:00:00
p_b9pagk3ugb,Shorts | Active Comfort | Black,Shorts,0,0,0,2023-09-01 00:00:00
p_yn26dfj46r,Dark Heather Burgundy Active Comfort Short,Swim Shorts,0,0,0,2023-09-01 00:00:00
p_pe2azubxe8,Dark Heather Indigo Active Comfort Short,Shorts,0,0,0,2023-09-01 00:00:00
p_p58c6d9vvb,Dark Heather Military Green Active Comfort Short,Shorts,0,0,0,2023-09-01 00:00:00
p_6uh7rmkygu,Black Active Quick Dry Short with Liner,Swim Shorts,0,0,0,2023-09-01 00:00:00
p_wdbckwxtef,Carbon Active Quick Dry Short with Liner,Swim Shorts,0,0,0,2023-09-01 00:00:00
p_use9g4kaed,Black Active Never Show Socks 3-Pack,Socks,0,0,0,2023-09-01 00:00:00
p_85umjtnpsy,Sweater Scarf | Black,Scarf,0,0,0,2023-09-01 00:00:00
p_atrr9sdp25,Charcoal Heather Gray Short Sleeve Tall Polo Shirt,Polos,0,0,0,2023-09-01 00:00:00
p_9h2qsu97ew,Dark Heather Navy Active Comfort Short,Shorts,0,0,0,2023-09-01 00:00:00
p_znadcksnfx,Reversible Casual Belt,Belt,0,0,0,2023-09-01 00:00:00
p_rbz7y8npg6,Indigo Wash Slim Fit Comfort Jeans,Jeans,0,0,0,2023-09-01 00:00:00
p_p54vvkv29d,Light Heather Gray Quarter Zip Performance Shirt,Athletic Tops,0,0,0,2023-09-01 00:00:00
p_rujp4wvbzv,Mahogany Long Sleeve Waffle Crew,Sweatshirt,0,0,0,2023-09-01 00:00:00
p_vsyjxxtp4a,Navy Short Sleeve Active Polo Shirt,Polos,0,0,0,2023-09-01 00:00:00
p_tfhcx4fbf5,Heather Gray Never Show Socks 3-Pack,Socks,0,0,0,2023-09-01 00:00:00
p_ggkq2n25rk,Carbon Waffle Hoodie,Hoodie,0,0,0,2023-09-01 00:00:00
p_fsar8whm4b,Dark Oak Waffle Hoodie,Hoodie,0,0,0,2023-09-01 00:00:00
p_nqbh5bzsfh,Heather Gray Long Sleeve Polo,Polos,0,0,0,2023-09-01 00:00:00
p_ter2rcscz6,Heather Gray Waffle Hoodie,Hoodie,0,0,0,2023-09-01 00:00:00
p_5z9rynrdat,Dark Oak Long Sleeve Waffle Crew,Sweatshirt,0,0,0,2023-09-01 00:00:00
p_ap2c64hjnc,Dark Olive Long Sleeve Waffle Crew,Shirt,0,0,0,2023-09-01 00:00:00
p_zwzpj7gynb,Deep Sea Blue Long Sleeve Waffle Crew,T-Shirts,0,0,0,2023-09-01 00:00:00
p_ejzn2bhevc,Evergreen Heather Long Sleeve Waffle Crew,Sweatshirt,0,0,0,2023-09-01 00:00:00
p_456rdfdknv,Navy Long Sleeve Button Up Shirt,Shirt,0,0,0,2023-09-01 00:00:00
p_9ueremsrcn,Heather Navy Short Sleeve Loungewear Tee,T-Shirts,0,0,0,2023-09-01 00:00:00
p_pxj9zkmurj,Charcoal Heather Active Comfort Pullover Hoodie,Hoodie,0,0,0,2023-09-01 00:00:00
p_ab6dzqm4qc,Charcoal Heather Gray Fleece French Terry Jogger,Sweatpants & Joggers,0,0,0,2023-09-01 00:00:00
p_r7g7s9ued2,Dark Olive Fleece Shacket,Jacket,0,0,0,2023-09-01 00:00:00
p_pevetyjchy,Heather Dark Oak V-Neck T-Shirt,Screen Printed T-Shirts,0,0,0,2023-09-01 00:00:00
p_7bmm7jjbng,Heather Gray Long Sleeve Lightweight Flannel Shirt,Button Down Shirts,0,0,0,2023-09-01 00:00:00
p_jdy7juawjw,Heather Gray Pique Crew Sweater,Knit Sweaters,0,0,0,2023-09-01 00:00:00
p_hdbwf4s669,Heather Gray Tall Straight Hem Crew Neck T-Shirt,T-Shirts,0,0,0,2023-09-01 00:00:00
p_zsnvka2svc,Heather Mist Short Sleeve Crew Neck T-Shirt,T-Shirts,0,0,0,2023-09-01 00:00:00
p_h4edseg6hf,Heather Navy Active Comfort Pullover Hoodie,Hoodie,0,0,0,2023-09-01 00:00:00
p_n6kve3ddkw,Heather Navy Long Sleeve Ripstop Commuter Shirt,Shirt,0,0,0,2023-09-01 00:00:00
p_h8jucbuvcu,Heather Navy Pique Crew Sweater,Knit Sweaters,0,0,0,2023-09-01 00:00:00
p_sxcevd7ww2,Heather Oatmeal Crew Neck Sweater,Knit Sweaters,0,0,0,2023-09-01 00:00:00
p_ex8zw8z5dh,Heather Sapphire Short Sleeve Crew Neck T-Shirt,T-Shirts,0,0,0,2023-09-01 00:00:00
p_fdgw8vn8mw,Indigo Wash Straight Fit Comfort Jeans,Jeans,0,0,0,2023-09-01 00:00:00
p_gkhuhrbvc5,Light Indigo Wash Long Sleeve Chambray Shirt,Shirt,0,0,0,2023-09-01 00:00:00
p_5ez35speq8,Medium Indigo Wash Long Sleeve Chambray Shirt,Shirt,0,0,0,2023-09-01 00:00:00
p_36tbyhq9p3,Navy Fleece Shacket,Shirt Jackets,0,0,0,2023-09-01 00:00:00
p_grdphsazq4,Reversible Dress Belt,Belt,0,0,0,2023-09-01 00:00:00
p_qj9xh26ctj,Sapphire Short Sleeve Crew Neck T-Shirt,Screen Printed T-Shirts,0,0,0,2023-09-01 00:00:00
p_7nraatq97j,Steel Short Sleeve Crew Neck T-Shirt,T-Shirts,0,0,0,2023-09-01 00:00:00
p_37z5p8b2wz,Heather Dark Orchid Short Sleeve Vee Neck T-Shirt,Shirt,0,0,0,2023-09-01 00:00:00
p_rr9yu69cdx,Heather Mist Short Sleeve Vee Neck T-Shirt,T-Shirts,0,0,0,2023-09-01 00:00:00
p_7fgbszq45t,Heather Voyager Short Sleeve Vee Neck T-Shirt,T-Shirts,0,0,0,2023-09-01 00:00:00
p_aj728cj6p2,Reversible Casual Belt,Belt,0,0,0,2023-09-01 00:00:00
p_wkggwhgxue,Navy Long Sleeve Lightweight Flannel Shirt,Shirt,0,0,0,2023-09-01 00:00:00
p_8fx2h79sez,Black Slippers,Slippers,0,0,0,2023-09-01 00:00:00
p_cguvv472kt,Heather Navy Loungewear Pant,Pants,0,0,0,2023-09-01 00:00:00
p_e6aypq2yyn,Charcoal Heather Active Comfort Full Zip Hoodie,Hoodie,0,0,0,2023-09-01 00:00:00
p_zg2kz56sep,Khaki Coaches Jacket,Jacket,0,0,0,2023-09-01 00:00:00
p_v6xzqb4euh,Electric Blue Polo,Polos,0,0,0,2023-09-01 00:00:00
p_kyjxexravk,Heather Gray Active Crew Socks 3-Pack,Socks,0,0,0,2023-09-01 00:00:00
p_v4pawc4ufa,Heather Gray Ankle Socks 3-Pack,Socks,0,0,0,2023-09-01 00:00:00
p_r3b5cqykd8,Heather Gray Never Show Socks 3-Pack,Socks,0,0,0,2023-09-01 00:00:00
p_xsa4epqty5,Mahogany Polo,Polos,0,0,0,2023-09-01 00:00:00
p_perj37fvaa,Periwinkle Blue Polo,Polos,0,0,0,2023-09-01 00:00:00
p_ump27mtkuq,Raspberry Polo,Polos,0,0,0,2023-09-01 00:00:00
p_szsv98dxsn,White Active Ankle Socks 3-Pack,Socks,0,0,0,2023-09-01 00:00:00
p_yvahsdbd7s,Heather Seafarer Short Sleeve Polo,Polos,0,0,0,2023-09-01 00:00:00
p_njb9h744v3,Indigo Rinse Straight Authentic Stretch Jeans,Jeans,0,0,0,2023-09-01 00:00:00
p_nyn3pcwdu8,Light Indigo Wash Slim Authentic Stretch Jeans,Jeans,0,0,0,2023-09-01 00:00:00
p_9f3wn27yj9,Indigo Rinse Slim Authentic Stretch Jeans,Jeans,0,0,0,2023-09-01 00:00:00
p_3dxryrdx2k,Medium Indigo Wash Slim Authentic Stretch Jeans,Jeans,0,0,0,2023-09-01 00:00:00
p_75westm75x,Light Indigo Wash Straight Authentic Stretch Jeans,Jeans,0,0,0,2023-09-01 00:00:00
p_7sfgw9sa4n,Medium Indigo Wash Straight Authentic Stretch Jeans,Jeans,0,0,0,2023-09-01 00:00:00
p_sy5ta2zsks,Heather Cayenne Short Sleeve Crew Neck T-Shirt,Shirt,0,0,0,2023-09-01 00:00:00
p_qcke957864,"Chino Shorts | Comfort | 7"" | Military Green",Shorts,0,0,0,2023-09-01 00:00:00
p_uy62gqzk94,"Shorts | Comfort Chino | 7"" | Sapphire",Shorts,0,0,0,2023-09-01 00:00:00
p_svgga79dfc,"Chino Shorts | Comfort | 7"" | Slate Green",Shorts,0,0,0,2023-09-01 00:00:00
p_n2cq64ucyu,"9"" Sapphire Comfort Chino Short",Shorts,0,0,0,2023-09-01 00:00:00
p_hubt8gp9tb,"9"" Slate Green Comfort Chino Short",Shorts,0,0,0,2023-09-01 00:00:00
p_vahhav9rn7,"Shorts | Classic Twill | 9"" | Black",Shorts,0,0,0,2023-09-01 00:00:00
p_jxeh4td3j3,"Shorts | 9"" | Classic Twill | Centurion",Shorts,0,0,0,2023-09-01 00:00:00
p_3mav9fu9q9,"Shorts | Active Training 7"" | Black",Shorts,0,0,0,2023-09-01 00:00:00
p_3he4jy8f99,"Shorts | Active Training | 7"" | Carbon",Shorts,0,0,0,2023-09-01 00:00:00
p_sdkp4ngqy8,"Shorts | Active Training | 7"" | Sandstone",Shorts,0,0,0,2023-09-01 00:00:00
p_n5vm5c3nb9,"Chino Shorts | Comfort | 7"" | Black",Shorts,0,0,0,2023-09-01 00:00:00
p_t3995sdwge,"Shorts | Comfort Chino | 7"" | Carbon",Shorts,0,0,0,2023-09-01 00:00:00
p_ys9u6f3mbt,"Chino Shorts | Comfort | 7"" | Khaki",Shorts,0,0,0,2023-09-01 00:00:00
p_2vpu7ymaay,Black Commuter Short,Shorts,0,0,0,2023-09-01 00:00:00
p_jnvzcqrwxp,Khaki Commuter Short,Shorts,0,0,0,2023-09-01 00:00:00
p_pgq6zgcvgq,Black Fleece French Terry Short,Shorts,0,0,0,2023-09-01 00:00:00
p_8hbywkfrwc,Military Green Fleece French Terry Short,Shorts,0,0,0,2023-09-01 00:00:00
p_v7655zp7an,"Chino Shorts | Comfort | 9"" | Black",Shorts,0,0,0,2023-09-01 00:00:00
p_29aky289rv,Navy Fleece French Terry Short,Shorts,0,0,0,2023-09-01 00:00:00
p_juczmrnmtc,"Shorts | Comfort Chino | 9"" | Carbon",Shorts,0,0,0,2023-09-01 00:00:00
p_jw2fyemxq7,"9"" Khaki Comfort Chino Short",Shorts,0,0,0,2023-09-01 00:00:00
p_uqn6yzvkpa,"9"" Navy Comfort Chino Short",Shorts,0,0,0,2023-09-01 00:00:00
p_8an2wybh3y,Charcoal Heather Gray Active Comfort Short,Athletic Shorts,0,0,0,2023-09-01 00:00:00
p_aw48ckctp9,Burgundy Active Quick Dry Short with Liner,Swim Shorts,0,0,0,2023-09-01 00:00:00
p_vey4w66jst,Military Green Active Quick Dry Short with Liner,Shorts,0,0,0,2023-09-01 00:00:00
p_nuk7mzc8jt,Navy Active Quick Dry Short with Liner,Swim Shorts,0,0,0,2023-09-01 00:00:00
p_r2e57cmagz,Joggers | Active | Black,Sweatpants & Joggers,0,0,0,2023-09-01 00:00:00
p_csr594d6ws,Heather Navy Loungewear Jogger,Sweatpants & Joggers,0,0,0,2023-09-01 00:00:00
p_2krzrc4m74,Carbon Fleece French Terry Jogger,Sweatpants & Joggers,0,0,0,2023-09-01 00:00:00
p_phdjj3n8yh,Heather Gray Fleece French Terry Joggers,Sweatpants & Joggers,0,0,0,2023-09-01 00:00:00
p_eaxfgdw35q,Medium Gray Wash Slim Fit Comfort Jeans,Jeans,0,0,0,2023-09-01 00:00:00
p_wcjsyc8zup,Medium Gray Wash Straight Fit Comfort Jeans,Jeans,0,0,0,2023-09-01 00:00:00
p_qjxt4q7gff,Military Green Coaches Jacket,Jacket,0,0,0,2023-09-01 00:00:00
p_fm6edfx4ep,Military Green Fleece French Terry Jogger,Sweatpants & Joggers,0,0,0,2023-09-01 00:00:00
p_28tc85jmdq,Military Green Waffle Long Sleeve Crew Neck,Sweatshirt,0,0,0,2023-09-01 00:00:00
p_mxsupz7eaq,Navy Coaches Jacket,Jacket,0,0,0,2023-09-01 00:00:00
p_qqk283mjjn,Navy Fleece French Terry Jogger,Sweatpants & Joggers,0,0,0,2023-09-01 00:00:00
p_xanpax5dbd,True Red Polo,Polos,0,0,0,2023-09-01 00:00:00
p_mrvwze8wph,White Ankle Socks 3-Pack,Socks,0,0,0,2023-09-01 00:00:00
p_ga52js5nmp,White Never Show Socks 3-Pack,Socks,0,0,0,2023-09-01 00:00:00
p_yhe8c62x9c,Heather Navy Quarter Zip Performance Shirt,Athletic Tops,0,0,0,2023-09-01 00:00:00
p_a7p3mw83t9,Heather Military Green Active Long Sleeve Crew Neck,T-Shirts,0,0,0,2023-09-01 00:00:00
p_rwwrukwyz9,Charcoal Heather Gray Short Sleeve Tall Active Crew Neck,T-Shirts,0,0,0,2023-09-01 00:00:00
p_qy223hzmfv,White Short Sleeve Tall Active Crew Neck,T-Shirts,0,0,0,2023-09-01 00:00:00
p_hfj965wa8c,Charcoal Heather Gray Loungewear Long Sleeve Tee And Jogger Set,Sweatshirt,0,0,0,2023-09-01 00:00:00
p_f3v8s3b963,Charcoal Heather Gray Loungewear Short Sleeve Tee And Pant Set,Sweatpants & Joggers,0,0,0,2023-09-01 00:00:00
p_3vtx7z4d8y,Heather Dusty Pink V-Neck T-Shirt,Screen Printed T-Shirts,0,0,0,2023-09-01 00:00:00
p_3kckyj2khu,Heather Navy Loungewear Short Sleeve Tee And Pant Set,Lounge Sweatpants & Joggers,0,0,0,2023-09-01 00:00:00
p_xafkdxwnvm,Black Waffle Hoodie,Hoodie,0,0,0,2023-09-01 00:00:00
p_wj3u3m87yx,Short Sleeve T-Shirt | Active | Crew Neck | Black,T-Shirts,0,0,0,2023-10-01 00:00:00
p_svsvrfrcb6,Black Active Long Sleeve Crew Neck T-Shirt,T-Shirts,0,0,0,2023-10-01 00:00:00
p_vjfh4zw9pd,Short Sleeve Active Polo Shirt | Black,Polos,0,0,0,2023-10-01 00:00:00
p_2gwdmudpww,Long Sleeve Shirt | Crew Neck | Black,Shirt,0,0,0,2023-10-01 00:00:00
p_p6zw3xeg4v,Short Sleeve T-Shirt | Crew Neck | Black,T-Shirts,0,0,0,2023-10-01 00:00:00
p_8jmz33scf8,Sweatshirt | Pullover Crew Neck | Fleece French Terry | Black,Sweatshirt,0,0,0,2023-10-01 00:00:00
p_26twzeayzk,Pullover Hoodie | Fleece French Terry | Black,Hoodie,0,0,0,2023-10-01 00:00:00
p_xnzebcgf9j,Zip Hoodie | Fleece French Terry | Black,Hoodie,0,0,0,2023-10-01 00:00:00
p_v9vmgr3m4t,Polo Shirt | Black,Polos,0,0,0,2023-10-01 00:00:00
p_uwm4psyppk,Black Tall Straight Hem Crew Neck T-Shirt,T-Shirts,0,0,0,2023-10-01 00:00:00
p_s7yfamyjwt,Black V-Neck T-Shirt,T-Shirts,0,0,0,2023-10-01 00:00:00
p_htnnbrvvmk,Carbon Active Crew Neck,T-Shirts,0,0,0,2023-10-01 00:00:00
p_rgamhxuwjz,Carbon Crew Neck Long Sleeve,Shirt,0,0,0,2023-10-01 00:00:00
p_szpx92nwke,Carbon Fleece French Terry Zip Hoodie,Hoodie,0,0,0,2023-10-01 00:00:00
p_prm2runmas,Carbon Long Sleeve Henley,T-Shirts,0,0,0,2023-10-01 00:00:00
p_gf9pckvcm8,Carbon Short Sleeve Polo Shirt,Polos,0,0,0,2023-10-01 00:00:00
p_ujs2rxbwwy,Charcoal Heather Gray Active Long Sleeve Crew Neck,T-Shirts,0,0,0,2023-10-01 00:00:00
p_73vqwcfbpf,Charcoal Heather Gray Short Sleeve Active Polo Shirt,Polos,0,0,0,2023-10-01 00:00:00
p_9744mpdv5n,Charcoal Heather Gray Long Sleeve,Shirt,0,0,0,2023-10-01 00:00:00
p_3dh3myqfyq,Charcoal Heather Gray Polo,Polos,0,0,0,2023-10-01 00:00:00
p_yjazyejt4q,Charcoal Heather Gray V-Neck,Shirt,0,0,0,2023-10-01 00:00:00
p_xhhgk2nnba,Heather Burgundy Crew Neck T-Shirt,Shirt,0,0,0,2023-10-01 00:00:00
p_gbd3qsz25s,Heather Charcoal Gray Crew Neck T-Shirt,Shirt,0,0,0,2023-10-01 00:00:00
p_ea2gekbzfm,Heather Gray Crew Neck Long Sleeve,T-Shirts,0,0,0,2023-10-01 00:00:00
p_bdybxrzhhw,Heather Gray Fleece French Terry Pullover Hoodie,Hoodie,0,0,0,2023-10-01 00:00:00
p_cz4mtzemgt,Heather Gray Fleece French Terry Zip Hoodie,Hoodie,0,0,0,2023-10-01 00:00:00
p_ddgsdeyzu9,Heather Gray Long Sleeve Henley,T-Shirts,0,0,0,2023-10-01 00:00:00
p_5rc5ezqwny,Heather Gray Short Sleeve Polo Shirt,Polos,0,0,0,2023-10-01 00:00:00
p_shhxbvvxxp,Heather Indigo Active Crew Neck T-Shirt,T-Shirts,0,0,0,2023-10-01 00:00:00
p_4fs9u74y4x,Heather Indigo Crew Neck Long Sleeve,T-Shirts,0,0,0,2023-10-01 00:00:00
p_hmkhv4g497,Heather Indigo Crew Neck T-Shirt,Shirt,0,0,0,2023-10-01 00:00:00
p_s6hq3cbp99,Heather Indigo Short Sleeve Polo Shirt,Polos,0,0,0,2023-10-01 00:00:00
p_5q6tnqwruf,Heather Light Gray Active Long Sleeve Crew Neck,T-Shirts,0,0,0,2023-10-01 00:00:00
p_ggx5q9x8xm,Heather Military Green Active Crew Neck T-Shirt,Shirt,0,0,0,2023-10-01 00:00:00
p_xngupz8qg8,Heather Military Green Active Long Sleeve Crew Neck,T-Shirts,0,0,0,2023-10-01 00:00:00
p_pzg4uy9ru4,Heather Military Green Short Sleeve Active Polo Shirt,Polos,0,0,0,2023-10-01 00:00:00
p_kajnxmygka,Heather Military Green Crew Neck T-Shirt,Shirt,0,0,0,2023-10-01 00:00:00
p_95axe6dfn6,Heather Navy Active Crew Neck T-Shirt,T-Shirts,0,0,0,2023-10-01 00:00:00
p_5kpddtqty2,Heather Navy Active Long Sleeve Crew Neck,T-Shirts,0,0,0,2023-10-01 00:00:00
p_ccse4psnan,Heather Navy Crew Neck Long Sleeve,T-Shirts,0,0,0,2023-10-01 00:00:00
p_ug6duq4hvt,Heather Navy Crew Neck T-Shirt,Shirt,0,0,0,2023-10-01 00:00:00
p_vrmxbznmh9,Indigo Long Sleeve Henley,Shirt,0,0,0,2023-10-01 00:00:00
p_bhfd33ejhy,Indigo Short Sleeve Polo Shirt,Polos,0,0,0,2023-10-01 00:00:00
p_955cnseek9,Light Heather Gray Crew Neck Long Sleeve,T-Shirts,0,0,0,2023-10-01 00:00:00
p_6zjn28jf23,Military Green Crew Neck Long Sleeve,Shirt,0,0,0,2023-10-01 00:00:00
p_shcbhfeqaq,Military Green Fleece French Terry Pullover Crew Neck Sweatshirt,Sweatshirt,0,0,0,2023-10-01 00:00:00
p_3wz546brng,Military Green Fleece French Terry Pullover Hoodie,Hoodie,0,0,0,2023-10-01 00:00:00
p_8q6kvd32nc,Military Green Fleece French Terry Zip Hoodie,Hoodie,0,0,0,2023-10-01 00:00:00
p_brwwn6xkwh,Military Green Long Sleeve Henley,T-Shirts,0,0,0,2023-10-01 00:00:00
p_mwv4sjthwt,Military Green Short Sleeve Polo Shirt,Polos,0,0,0,2023-10-01 00:00:00
p_vtkmnr87v2,Navy Active Crew Neck T-Shirt,T-Shirts,0,0,0,2023-10-01 00:00:00
p_tpzfdnukzs,Navy Active Long Sleeve Crew Neck,T-Shirts,0,0,0,2023-10-01 00:00:00
p_bptwztkuks,Navy Short Sleeve Active Polo Shirt,Polos,0,0,0,2023-10-01 00:00:00
p_tjh5t8a6tw,Navy Crew Neck Long Sleeve,Shirt,0,0,0,2023-10-01 00:00:00
p_rezzg23bjy,Navy Fleece French Terry Pullover Crew Neck Sweatshirt,Sweatshirt,0,0,0,2023-10-01 00:00:00
p_k6s6hftqfe,Navy Fleece French Terry Pullover Hoodie,Hoodie,0,0,0,2023-10-01 00:00:00
p_h9z43a8zde,Navy Fleece French Terry Zip Hoodie,Hoodie,0,0,0,2023-10-01 00:00:00
p_ngbbqfwzd5,Navy Long Sleeve Henley,Shirt,0,0,0,2023-10-01 00:00:00
p_rhexhysfzs,Navy Short Sleeve Polo Shirt,Polos,0,0,0,2023-10-01 00:00:00
p_xa4dn5yc22,Navy Tall Short Sleeve Polo Shirt,Polos,0,0,0,2023-10-01 00:00:00
p_2wu3jtehp2,Navy Short Sleeve V-Neck T-Shirt,Shirt,0,0,0,2023-10-01 00:00:00
p_8rbvhb5tdc,White Active Crew Neck T-Shirt,Shirt,0,0,0,2023-10-01 00:00:00
p_r5gttk27sm,White Active Long Sleeve Crew Neck,Shirt,0,0,0,2023-10-01 00:00:00
p_2cus7843n6,White Crew Neck Long Sleeve,Shirt,0,0,0,2023-10-01 00:00:00
p_twpefb4vpq,White Long Sleeve Henley,T-Shirts,0,0,0,2023-10-01 00:00:00
p_6hvvy94kq4,White Short Sleeve Polo Shirt,Polos,0,0,0,2023-10-01 00:00:00
p_m6x758mjvq,White Short Sleeve Tall Polo Shirt,Polos,0,0,0,2023-10-01 00:00:00
p_s49r5jxnqq,White Short Sleeve V-Neck T-Shirt,T-Shirts,0,0,0,2023-10-01 00:00:00
p_fx25mpavbf,Long Sleeve T-Shirt | Hooded | Black,T-Shirts,0,0,0,2023-10-01 00:00:00
p_gawdf2gbfa,Long Sleeve Polo Shirt | Black,Polos,0,0,0,2023-10-01 00:00:00
p_xafkdxwnvm,Black Waffle Hoodie,Hoodie,0,0,0,2023-10-01 00:00:00
p_yev838e3bk,Dark Olive Waffle Hoodie,Hoodie,0,0,0,2023-10-01 00:00:00
p_3h5wxbdgfn,White Long Sleeve Polo Shirt,Polos,0,0,0,2023-10-01 00:00:00
p_g5xjgypbqs,Long Sleeve Button Up Shirt | Black,Button Down Shirts,0,0,0,2023-10-01 00:00:00
p_pqjyybc86f,Black Waffle Long Sleeve Crew Neck T-Shirt,T-Shirts,0,0,0,2023-10-01 00:00:00
p_5pqpzmazbr,Carbon Long Sleeve Button Up Shirt,Button Down Shirts,0,0,0,2023-10-01 00:00:00
p_anqd83cjye,Military Green Waffle Long Sleeve Crew Neck,Sweatshirt,0,0,0,2023-10-01 00:00:00
p_vp3anzz9s3,White Button Up Shirt,Button Down Shirts,0,0,0,2023-10-01 00:00:00
p_92vf4hpdrt,White Commuter Short Sleeve Button Up,Button Down Shirts,0,0,0,2023-10-01 00:00:00
p_85skykpy7r,Short Sleeve Button Up Shirt | Commuter | Black,Button Down Shirts,0,0,0,2023-10-01 00:00:00
p_v5bwyyhget,Carbon Commuter Short Sleeve Button Up,Button Down Shirts,0,0,0,2023-10-01 00:00:00
p_5kr9enrf6j,Short Sleeve Tee | Loungewear | Charcoal Heather Gray,T-Shirts,0,0,0,2023-10-01 00:00:00
p_rpwqburrmc,Dark Heather Cadet Active Polo,Polos,0,0,0,2023-10-01 00:00:00
p_8tryb2ahrp,Dark Heather Cocoa Active Polo,Polos,0,0,0,2023-10-01 00:00:00
p_vnexp6dh3m,Heather Centurion Short Sleeve Active Polo Shirt,Polos,0,0,0,2023-10-01 00:00:00
p_8pczdfc69m,Heather Cocoa Short Sleeve Active Polo Shirt,Polos,0,0,0,2023-10-01 00:00:00
p_xdyq8mewrc,Short Sleeve Button Up Shirt | Black,Button Down Shirts,0,0,0,2023-10-01 00:00:00
p_56qjzafa6s,Carbon Short Sleeve Button Up Shirt,Button Down Shirts,0,0,0,2023-10-01 00:00:00
p_7dyz93zegj,"Shorts | Active Training | 7"" | Sapphire",Athletic Shorts,0,0,0,2023-10-01 00:00:00
p_3pkg63ym5k,"Shorts | Active Training | 7"" | Steel",Shorts,0,0,0,2023-10-01 00:00:00
p_k5hymg84ez,"Shorts | Training | 7"" | 2-in-1 Black",Athletic Shorts,0,0,0,2023-10-01 00:00:00
p_mm5tbn6qza,Sweatshirt | Comfort Crew | Black,Sweatshirt,0,0,0,2023-10-01 00:00:00
p_2uptnqrxy2,Hoodie | Active Comfort | Pullover | Black,Hoodie,0,0,0,2023-10-01 00:00:00
p_ys335pw23m,Pants | Active Comfort | Straight Leg | Black,Sweatpants & Joggers,0,0,0,2023-10-01 00:00:00
p_9attt36kqt,Blazer | Black,Blazer,0,0,0,2023-10-01 00:00:00
p_84w66d79b8,Pants | Comfort Chino | Black,Pants,0,0,0,2023-10-01 00:00:00
p_349fd5fte5,Sweater | Crew Neck | Black,Knit Sweaters,0,0,0,2023-10-01 00:00:00
p_zzvxdda285,Fleece Shacket | Black,Jacket,0,0,0,2023-10-01 00:00:00
p_z7kat66jsb,Puffer Vest | Black,Outerwear Vests,0,0,0,2023-10-01 00:00:00
p_w99wqwtmd8,Performance Shirt | Quarter Zip | Black,Athletic Tops,0,0,0,2023-10-01 00:00:00
p_vkp29t8hpk,Sleeveless Muscle Tee | Active | Black,Athletic Tops,0,0,0,2023-10-01 00:00:00
p_bxpjzp3q34,Sweater Hoodie | Black,Hoodie,0,0,0,2023-10-01 00:00:00
p_j23j35syzx,Black Wash Long Sleeve Chambray Shirt,Shirt,0,0,0,2023-10-01 00:00:00
p_aaa5u2senn,Black Wash Slim Fit Comfort Jeans,Jeans,0,0,0,2023-10-01 00:00:00
p_mu7q5qx67m,Black Wash Straight Fit Comfort Jeans,Jeans,0,0,0,2023-10-01 00:00:00
p_kv4qxkyavb,Chino Pants | Comfort | Carbon,Pants,0,0,0,2023-10-01 00:00:00
p_av6ja2w28x,Charcoal Heather Active Comfort Crew Sweatshirt,Athletic Tops,0,0,0,2023-10-01 00:00:00
p_jqxjnq8mc8,Charcoal Heather Active Comfort Straight Leg Pant,Sweatpants & Joggers,0,0,0,2023-10-01 00:00:00
p_hzkzcd9ag9,Charcoal Heather Gray Long Sleeve Ripstop Commuter Shirt,Shirt,0,0,0,2023-10-01 00:00:00
p_zc74ftx9hy,Charcoal Heather Gray Pique Crew Sweater,Knit Sweaters,0,0,0,2023-10-01 00:00:00
p_4krqrmhc8s, Sleeveless Muscle Tee | Active | Charcoal Heather Gray,Athletic Tops,0,0,0,2023-10-01 00:00:00
p_qvscv7wqa7,Dark Oak Fleece French Terry Jogger,Sweatpants & Joggers,0,0,0,2023-10-01 00:00:00
p_yw7vvn467f,Dark Olive Long Sleeve Crew Neck T-Shirt,T-Shirts,0,0,0,2023-10-01 00:00:00
p_hc97kv4jxf,Deep Sea Blue Short Sleeve Crew Neck T-Shirt,T-Shirts,0,0,0,2023-10-01 00:00:00
p_zp4vn3rtz4,Deep Sea Blue Long Sleeve Crew Neck T-Shirt,T-Shirts,0,0,0,2023-10-01 00:00:00
p_8d5cs572ku,Evergreen Heather Short Sleeve Crew Neck T-Shirt,T-Shirts,0,0,0,2023-10-01 00:00:00
p_2qn4rb76qt,Evergreen Heather Long Sleeve Crew Neck T-Shirt,T-Shirts,0,0,0,2023-10-01 00:00:00
p_hun6quaf8f,Gray Wash Slim Fit Comfort Jeans,Jeans,0,0,0,2023-10-01 00:00:00
p_bn49najk97,Gray Wash Straight Fit Comfort Jeans,Jeans,0,0,0,2023-10-01 00:00:00
p_a66qgjtv8u, Sleeveless Muscle Tee | Active | Heather Cadet,Athletic Tops,0,0,0,2023-10-01 00:00:00
p_76w9v5r9gp,Heather Camel Pique Crew Sweater,Knit Sweaters,0,0,0,2023-10-01 00:00:00
p_m26nune3tt,Sleeveless Muscle Tee | Active | Heather Cocoa,Tank Top,0,0,0,2023-10-01 00:00:00
p_wtfwp7uyps,Heather Dark Oak Long Sleeve Crew Neck T-Shirt,T-Shirts,0,0,0,2023-10-01 00:00:00
p_guzmuvmxwg,Heather Dark Orchid Short Sleeve Crew Neck T-Shirt,T-Shirts,0,0,0,2023-10-01 00:00:00
p_auux7guqn5,Sleeveless Muscle Tee | Active| Heather Forest,Athletic Tops,0,0,0,2023-10-01 00:00:00
p_wvdzacyaq8,Heather Garnet Short Sleeve Crew Neck T-Shirt,T-Shirts,0,0,0,2023-10-01 00:00:00
p_59st4ejx9g,Heather Graphite Short Sleeve Crew Neck T-Shirt,T-Shirts,0,0,0,2023-10-01 00:00:00
p_mkhh2ymk98,Heather Navy Active Comfort Crew Sweatshirt,Sweatshirt,0,0,0,2023-10-01 00:00:00
p_4tw7w4865y,Medium Gray Wash Slim Fit Comfort Jeans,Jeans,0,0,0,2023-10-01 00:00:00
p_u25kmysesj,Medium Gray Wash Straight Fit Comfort Jeans,Jeans,0,0,0,2023-10-01 00:00:00
p_yrp9cazs3k,Olive Long Sleeve Ripstop Commuter Shirt,Shirt,0,0,0,2023-10-01 00:00:00
p_vjj8djm98g,"Voyager 7"" 2-in-1 Training Short",Athletic Shorts,0,0,0,2023-10-01 00:00:00
p_ens5k22dee,Coaches Jacket | Black,Jacket,0,0,0,2023-10-01 00:00:00
p_krqrvpb5nk,Short Sleeve Sweater Polo Shirt | Black,Polos,0,0,0,2023-10-01 00:00:00
p_ezjsg82fk7,Garnet Short Sleeve Sweater Polo Shirt,Polos,0,0,0,2023-10-01 00:00:00
p_zfqbnz8zdc,Heather Gray Short Sleeve Sweater Polo,Polos,0,0,0,2023-10-01 00:00:00
p_rdac8nxqpc,Navy Short Sleeve Sweater Polo,Polos,0,0,0,2023-10-01 00:00:00
p_tdz6dj3k93,Charcoal Heather Gray Active Shell Jacket,Jacket,0,0,0,2023-10-01 00:00:00
p_ef9p26sqwv,Navy Coaches Jacket,Jacket,0,0,0,2023-10-01 00:00:00
p_gvy838kdy9,Long Sleeve Button Up Sweater Shirt | Black + Carbon,Button Down Shirts,0,0,0,2023-10-01 00:00:00
p_cpfjz5js6m,Light Heather Gray Quarter Zip Performance Shirt,Athletic Tops,0,0,0,2023-10-01 00:00:00
p_encznv79zd,Charcoal Heather Gray Loungewear Jogger,Sweatpants & Joggers,0,0,0,2023-10-01 00:00:00
p_uqg73gd526,Dark Olive Short Sleeve V-Neck T-Shirt,T-Shirts,0,0,0,2023-10-01 00:00:00
p_dd7ynwa46b,Military Green Coaches Jacket,Jacket,0,0,0,2023-10-01 00:00:00
p_pds624ht98,Ankle Socks | Active | 3-Pack | Black,Socks,0,0,0,2023-10-01 00:00:00
p_h9thpv33ux,Crew Socks | Active | 3-Pack | Black,Socks,0,0,0,2023-10-01 00:00:00
p_vm4udwbmec,Ankle Socks | 3-Pack | Black,Socks,0,0,0,2023-10-01 00:00:00
p_hv5d9t5gb4,Black Boxer Trunks 3-Pack,Underwear,0,0,0,2023-10-01 00:00:00
p_eg72spursx,Half Crew Sock | 3-Pack | Black,Socks,0,0,0,2023-10-01 00:00:00
p_m5nrytn7g3,Boxer Briefs | Logo | 3-Pack | Black,Underwear,0,0,0,2023-10-01 00:00:00
p_7rzxq9sd8n,Never Show Socks | 3-Pack | Black,Socks,0,0,0,2023-10-01 00:00:00
p_h644hfsgj7,Sweater Beanie | Black,Beanie,0,0,0,2023-10-01 00:00:00
p_k8j2vzha5p,Burgundy Boxer Briefs 3-Pack,Underwear,0,0,0,2023-10-01 00:00:00
p_rd96dkwsx6,Carbon Boxer Trunks 3-Pack,Underwear,0,0,0,2023-10-01 00:00:00
p_3zf2yh34hr,Dark Olive Short Sleeve Polo Shirt,Polos,0,0,0,2023-10-01 00:00:00
p_fcgghnz6fh,Evergreen Sweater Beanie,Beanie,0,0,0,2023-10-01 00:00:00
p_vxfj55w6ma,Heather Burgundy Short Sleeve Polo Shirt,Polos,0,0,0,2023-10-01 00:00:00
p_tpv8fcqeja,Heather Gray Active Ankle Socks 3-Pack,Socks,0,0,0,2023-10-01 00:00:00
p_y6cg76w8k6,Heather Gray Half Crew Sock 3-Pack,Socks,0,0,0,2023-10-01 00:00:00
p_sgut9a5tns,Light Heather Gray Polo,Polos,0,0,0,2023-10-01 00:00:00
p_r5xrp6kuxu,True Red Short Sleeve Polo Shirt,Polos,0,0,0,2023-10-01 00:00:00
p_x285vx432e,White Ankle Socks 3-Pack,Socks,0,0,0,2023-10-01 00:00:00
p_3aup7bbqg3,Carbon Tall Long Sleeve T-Shirt,Shirt,0,0,0,2023-10-01 00:00:00
p_mxpb4sqvry,Charcoal Heather Gray Short Sleeve Tall Crew,T-Shirts,0,0,0,2023-10-01 00:00:00
p_92fw37ajex,Heather Seafarer Short Sleeve Tall Crew,Shirt,0,0,0,2023-10-01 00:00:00
p_rhk5rdjr7y,Heather Voyager Short Sleeve Tall Crew,T-Shirts,0,0,0,2023-10-01 00:00:00
p_hz3svpszdm,Military Green Tall Long Sleeve T-Shirt,T-Shirts,0,0,0,2023-10-01 00:00:00
p_3xnj548f3x,Sapphire Short Sleeve Tall Crew,T-Shirts,0,0,0,2023-10-01 00:00:00
p_j9huduq2g2,White Tall Straight Hem Crew Neck T-Shirt,T-Shirts,0,0,0,2023-10-01 00:00:00
p_ct8bqyz5rd,Bomber Jacket | Black,Bomber Jackets,0,0,0,2023-10-01 00:00:00
p_26x46r3gh3,Carbon Short Sleeve Tall Polo Shirt,Polos,0,0,0,2023-10-01 00:00:00
p_uwgqdnnawm,Charcoal Heather Gray Short Sleeve Tall Polo Shirt,Polos,0,0,0,2023-10-01 00:00:00
p_awt8ehv6fc,Heather Gray Short Sleeve Tall Polo Shirt,Polos,0,0,0,2023-10-01 00:00:00
p_ug78456eub,Mahogany Fleece French Terry Pullover Hoodie,Hoodie,0,0,0,2023-10-01 00:00:00
p_3hycs4vyy4,Mahogany Fleece French Terry Zip Hoodie,Hoodie,0,0,0,2023-10-01 00:00:00
p_487dnzupxz,Military Green Short Sleeve Tall Polo Shirt,Polos,0,0,0,2023-10-01 00:00:00
p_haens7aj79,Sapphire Short Sleeve Tall Polo Shirt,Polos,0,0,0,2023-10-01 00:00:00
p_n7npmmnfq3,Bomber Jacket | Army Green,Bomber Jackets,0,0,0,2023-10-01 00:00:00
p_vhct7fnamt,Sweater Fleece Jacket | Black,Jacket,0,0,0,2023-10-01 00:00:00
p_qvxdc36tay,Carbon Bomber Jacket,Bomber Jackets,0,0,0,2023-10-01 00:00:00
p_ubarpzrdvd,Gray Sweater Fleece Jacket,Knit Sweaters,0,0,0,2023-10-01 00:00:00
p_25m5nqdhtq,Gunmetal Puffer Jacket,Puffer Jackets,0,0,0,2023-10-01 00:00:00
p_9nq4jjbkbr,Military Green Puffer Jacket,Puffer Jackets,0,0,0,2023-10-01 00:00:00
p_6svhrtmsn3,Navy Bomber Jacket,Bomber Jackets,0,0,0,2023-10-01 00:00:00
p_dwbw45rvge,Navy Hooded Puffer Jacket,Puffer Jackets,0,0,0,2023-10-01 00:00:00
p_4yh4m8q3v7,Navy Puffer Jacket,Puffer Jackets,0,0,0,2023-10-01 00:00:00
p_e6pz5d7uh9,Navy Sweater Fleece Jacket,Hoodie,0,0,0,2023-10-01 00:00:00
p_4xmfcxsvq4,Puffer Jacket | Hooded | Black,Puffer Jackets,0,0,0,2023-10-01 00:00:00
p_zrt8e4hahp,Chino Pants | Straight | Twill | Black,Pants,0,0,0,2023-10-01 00:00:00
p_6bppe3h2jj,Centurion Slim Twill Chino,Pants,0,0,0,2023-10-01 00:00:00
p_zd6gtes7qp,Centurion Straight Twill Chino,Pants,0,0,0,2023-10-01 00:00:00
p_ja9tudbs9q,Dark Oak Straight Twill Chino,Pants,0,0,0,2023-10-01 00:00:00
p_yqusyfjxtf,Gunmetal Hooded Puffer Jacket,Puffer Jackets,0,0,0,2023-10-01 00:00:00
p_kkdff6r47e,Meadow Slim Twill Chino,Pants,0,0,0,2023-10-01 00:00:00
p_rnmhwn9kcu,Navy Slim Twill Chino,Pants,0,0,0,2023-10-01 00:00:00
p_y5u5gs4evr,Navy Straight Twill Chino,Pants,0,0,0,2023-10-01 00:00:00
p_vqc6jejd69,Long Sleeve Button Up Shirt | Do-It-All Comfort | Black,Button Down Shirts,0,0,0,2023-10-01 00:00:00
p_p8ep2jre98,Hoodie | Active | Black,Hoodie,0,0,0,2023-10-01 00:00:00
p_vubwwnzvnt,Dark Heather Cadet Long Sleeve Active Crew Neck,T-Shirts,0,0,0,2023-10-01 00:00:00
p_e2426ac79u,Dark Heather Tempest Long Sleeve Active Crew Neck,Sweatshirt,0,0,0,2023-10-01 00:00:00
p_cjzvdmswjf,White Active Hoodie,Hoodie,0,0,0,2023-10-01 00:00:00
p_ncwnq5usm5,"Shorts | Active Training | 7"" | Slate Green",Athletic Shorts,0,0,0,2023-10-01 00:00:00
p_x443echvnq,"Chino Shorts | Comfort | 7"" | Military Green",Shorts,0,0,0,2023-10-01 00:00:00
p_qhjjf5kjgd,"Chino Shorts | Comfort | 7"" | Rosewood",Shorts,0,0,0,2023-10-01 00:00:00
p_f8rywmvjsy,"Chino Shorts | Comfort | 7"" | Sapphire",Shorts,0,0,0,2023-10-01 00:00:00
p_6kxr6rztwd,"Chino Shorts | Comfort | 7"" | Slate Green",Shorts,0,0,0,2023-10-01 00:00:00
p_56zbdasvhd,"Chino Shorts | Comfort | 9"" | Sapphire",Shorts,0,0,0,2023-10-01 00:00:00
p_xpmubyp2yg,"Chino Shorts | Comfort | 9"" | Slate Green",Shorts,0,0,0,2023-10-01 00:00:00
p_saytmbtmak,"Shorts | Classic Twill | 9"" | Black",Shorts,0,0,0,2023-10-01 00:00:00
p_aytxzkck8x,"Shorts | Classic Twill | 7"" | Black",Shorts,0,0,0,2023-10-01 00:00:00
p_fhdff8x3jt,"Shorts | Classic Twill | 7"" | Harbor",Shorts,0,0,0,2023-10-01 00:00:00
p_q2935cukf5,"Shorts | Classic Twill | 7"" | Khaki",Shorts,0,0,0,2023-10-01 00:00:00
p_qr5wafyaq4,"Shorts | Classic Twill | 7"" | Moss",Shorts,0,0,0,2023-10-01 00:00:00
p_j48puxsej5,"Shorts | Classic Twill | 7"" | Sandstone",Shorts,0,0,0,2023-10-01 00:00:00
p_b2wv3hqta7,"Shorts | Classic Twill | 9"" | Centurion",Shorts,0,0,0,2023-10-01 00:00:00
p_wungd9j4dh,"Shorts | Active Training | 7"" | Black",Shorts,0,0,0,2023-10-01 00:00:00
p_r9rn7a2dy5,"Shorts | Active Training | 7"" | Carbon",Shorts,0,0,0,2023-10-01 00:00:00
p_n9qtgjygdv,"Shorts | Active Training | 7"" | Sandstone",Athletic Shorts,0,0,0,2023-10-01 00:00:00
p_nu9kcajw2z,"Chino Shorts | Comfort | 7"" | Black",Shorts,0,0,0,2023-10-01 00:00:00
p_hmp7dkjce9,"Chino Shorts | Comfort | 7"" | Carbon",Shorts,0,0,0,2023-10-01 00:00:00
p_25upswaptj,"Chino Shorts | Comfort | 7"" | Khaki",Shorts,0,0,0,2023-10-01 00:00:00
p_kaq2j39v2p,"Chino Shorts | Comfort | 7"" | Navy",Shorts,0,0,0,2023-10-01 00:00:00
p_utfqrxy94f,Shorts | Commuter | Black,Shorts,0,0,0,2023-10-01 00:00:00
p_prrc5xwre5,Khaki Commuter Short,Shorts,0,0,0,2023-10-01 00:00:00
p_bj4epra3sv,Shorts | Fleece French Terry | Black,Shorts,0,0,0,2023-10-01 00:00:00
p_fvgyjfheyt,Sandstone Commuter Short,Shorts,0,0,0,2023-10-01 00:00:00
p_epuubwwz7s,Military Green Fleece French Terry Short,Shorts,0,0,0,2023-10-01 00:00:00
p_j4bf77xx5v,"Chino Shorts | Comfort | 9"" | Black",Shorts,0,0,0,2023-10-01 00:00:00
p_74gmgsy6yv,Navy Fleece French Terry Short,Shorts,0,0,0,2023-10-01 00:00:00
p_m5f29n89jy,"Chino Shorts | Comfort | 9"" | Carbon",Shorts,0,0,0,2023-10-01 00:00:00
p_47meu4bybx,"Chino Shorts | Comfort |  9"" | Ivory",Shorts,0,0,0,2023-10-01 00:00:00
p_5za8gj7unh,"Chino Shorts | Comfort | 9"" | Khaki",Shorts,0,0,0,2023-10-01 00:00:00
p_arxdch5qcv,"Chino Shorts | Comfort | 9"" | Military Green",Shorts,0,0,0,2023-10-01 00:00:00
p_en8vndps74,"Chino Shorts | Comfort | 9"" | Navy",Shorts,0,0,0,2023-10-01 00:00:00
p_rquj6mrdex,Dark Heather Navy Active Comfort Short,Shorts,0,0,0,2023-10-01 00:00:00
p_6ra9g27e7u,Burgundy Active Quick Dry Short with Liner,Swim Shorts,0,0,0,2023-10-01 00:00:00
p_5ek32kjgzp,Navy Active Quick Dry Short with Liner,Swim Shorts,0,0,0,2023-10-01 00:00:00
p_bp7w9cp3k9,Pants | Commuter | Black,Pants,0,0,0,2023-10-01 00:00:00
p_5p5sgcwp5f,"Shorts | Active Training | 7"" | Navy",Shorts,0,0,0,2023-10-01 00:00:00
p_47uf2puagk,"Shorts | Classic Twill | 7"" | Navy",Shorts,0,0,0,2023-10-01 00:00:00
p_9a5tjqerw5,"Shorts | Classic Twill | 9"" | Meadow",Shorts,0,0,0,2023-10-01 00:00:00
p_a69bzurkgs,Joggers | Active | Black,Sweatpants & Joggers,0,0,0,2023-10-01 00:00:00
p_2bkrkbfbk9,Classic Polarized Sunglasses | Black,Sunglasses,0,0,0,2023-10-01 00:00:00
p_vvkaza7v48,Long Sleeve Button Up Shirt | Commuter | Black,Button Down Shirts,0,0,0,2023-10-01 00:00:00
p_egq2tewvm7,Long Sleeve Henley | Black,T-Shirts,0,0,0,2023-10-01 00:00:00
p_yp2v99qxbf,Classic Polarized Sunglasses | Black Mirror,Sunglasses,0,0,0,2023-10-01 00:00:00
p_mef5fue56y,Dress Shirt | Lightweight Performance | Black,Button Down Shirts,0,0,0,2023-10-01 00:00:00
p_fpmkw85rke,Short Sleeve Polo Shirt | Black,Polos,0,0,0,2023-10-01 00:00:00
p_s7c853uk5c,Puffer Jacket | Black,Puffer Jackets,0,0,0,2023-10-01 00:00:00
p_8nhyuguh4z,Chino Pants | Slim | Twill | Black,Pants,0,0,0,2023-10-01 00:00:00
p_ka5fa3ne6y,Slippers | Black,Slippers,0,0,0,2023-10-01 00:00:00
p_6wnwzma24v,Long Sleeve Button Up Shirt | Stretch Oxford | Black,Button Down Shirts,0,0,0,2023-10-01 00:00:00
p_u3ffx96ehp,Short Sleeve T-Shirt | Tall | Active Crew Neck | Black,T-Shirts,0,0,0,2023-10-01 00:00:00
p_ufjg6nn927,Long Sleeve T-Shirt | Tall | Black,T-Shirts,0,0,0,2023-10-01 00:00:00
p_enhxmmv3xa,Polo Shirt | Tall | Black,Polos,0,0,0,2023-10-01 00:00:00
p_gqfhmx28rz,Blue Quartz Short Sleeve Crew Neck T-Shirt,T-Shirts,0,0,0,2023-10-01 00:00:00
p_6ccw4zmdj6,Bluestone Tall Round Hem Crew Neck T-Shirt,T-Shirts,0,0,0,2023-10-01 00:00:00
p_ryght7etrs,Bluestone V-Neck Short Sleeve T-Shirt,T-Shirts,0,0,0,2023-10-01 00:00:00
p_5q95b4bjyg,Burgundy Short Sleeve Crew Neck T-Shirt,T-Shirts,0,0,0,2023-10-01 00:00:00
p_2sxe2kvxmc,Burgundy Long Sleeve Crew Neck T-Shirt,T-Shirts,0,0,0,2023-10-01 00:00:00
p_srwzc2wwq6,Burgundy Long Sleeve Henley,T-Shirts,0,0,0,2023-10-01 00:00:00
p_8p9z2j6eqt,Burgundy Short Sleeve V-Neck T-Shirt,T-Shirts,0,0,0,2023-10-01 00:00:00
p_dnq23rfcgu,"Carbon 7"" 2-in-1 Training Short",Athletic Shorts,0,0,0,2023-10-01 00:00:00
p_9tz4xs4maw,Carbon Commuter Long Sleeve Button Up Shirt,Button Down Shirts,0,0,0,2023-10-01 00:00:00
p_82erf6xepz,Carbon Commuter Pant,Pants,0,0,0,2023-10-01 00:00:00
p_gxqdqumwae,Carbon Short Sleeve Crew Neck T-Shirt,T-Shirts,0,0,0,2023-10-01 00:00:00
p_nmb6y3r32b,Carbon Fleece French Terry Jogger,Sweatpants & Joggers,0,0,0,2023-10-01 00:00:00
p_mqhey6peq9,Carbon Fleece French Terry Pullover Crew Neck Sweatshirt,Sweatshirt,0,0,0,2023-10-01 00:00:00
p_pgvy4mwya6,Carbon Fleece French Terry Pullover Hoodie,Hoodie,0,0,0,2023-10-01 00:00:00
p_dcfsb4qj5s,Carbon Performance Lightweight Dress Shirt,Button Down Shirts,0,0,0,2023-10-01 00:00:00
p_q9e4tw2vgn,Carbon Tall Active Crew Neck T-Shirt,T-Shirts,0,0,0,2023-10-01 00:00:00
p_3mznzzvw2f,Carbon Tall Round Hem Crew Neck T-Shirt,T-Shirts,0,0,0,2023-10-01 00:00:00
p_fcv57d39m8,Carbon Short Sleeve V-Neck T-Shirt,T-Shirts,0,0,0,2023-10-01 00:00:00
p_n6hvkgussy,Carbon Waffle Hoodie,Hoodie,0,0,0,2023-10-01 00:00:00
p_yg5234hu8z,Centurion Short Sleeve Sweater Polo Shirt,Polos,0,0,0,2023-10-01 00:00:00
p_qcw7eb8td6,Charcoal Heather Active Comfort Full Zip Hoodie,Hoodie,0,0,0,2023-10-01 00:00:00
p_agkp4c43e4,Charcoal Heather Active Comfort Pullover Hoodie,Hoodie,0,0,0,2023-10-01 00:00:00
p_cn8axvjmp9,Charcoal Heather Gray Active Comfort Short,Athletic Shorts,0,0,0,2023-10-01 00:00:00
p_6c6nrcr2c3, Short Sleeve T-Shirt | Active Crew Neck | Charcoal Heather Gray,T-Shirts,0,0,0,2023-10-01 00:00:00
p_znfcswnte7,Charcoal Heather Gray Active Hoodie,Hoodie,0,0,0,2023-10-01 00:00:00
p_bdbtrvs35c,Charcoal Heather Gray Active Joggers,Sweatpants & Joggers,0,0,0,2023-10-01 00:00:00
p_pxnmvcumyj,Charcoal Heather Gray Do-It-All Comfort Long Sleeve Button Up Shirt,Button Down Shirts,0,0,0,2023-10-01 00:00:00
p_yra4pxjn2n,Charcoal Heather Gray Fleece French Terry Full Zip,Hoodie,0,0,0,2023-10-01 00:00:00
p_k727r3s7q8,Charcoal Heather Gray Fleece French Terry Jogger,Sweatpants & Joggers,0,0,0,2023-10-01 00:00:00
p_qsxubmrtfw,Long Sleeve Tee | Loungewear | Charcoal Heather Gray,T-Shirts,0,0,0,2023-10-01 00:00:00
p_hrqsaa2u6g,Charcoal Heather Gray Loungewear Pant,Pants,0,0,0,2023-10-01 00:00:00
p_z9gg92dcqx,Charcoal Heather Gray Short Sleeve Polo Shirt,Polos,0,0,0,2023-10-01 00:00:00
p_3shyn5zkky,Charcoal Heather Gray Tall Crew T-Shirt,T-Shirts,0,0,0,2023-10-01 00:00:00
p_mvqwbcmhah,Charcoal Heather Gray Tall Round Hem Crew Neck T-Shirt,T-Shirts,0,0,0,2023-10-01 00:00:00
p_yupfqc6yfm,Charcoal Heather Gray Short Sleeve V-Neck T-Shirt,T-Shirts,0,0,0,2023-10-01 00:00:00
p_6k245nh69q,Crimson Long Sleeve Crew Neck T-Shirt,T-Shirts,0,0,0,2023-10-01 00:00:00
p_rhxjthz5x8,Dark Heather Burgundy Active Comfort Short,Swim Shorts,0,0,0,2023-10-01 00:00:00
p_ucy8r4cqe3,Dark Heather Burgundy Active Joggers,Sweatpants & Joggers,0,0,0,2023-10-01 00:00:00
p_2eh6mejec7,Dark Heather Cadet Active Crew Neck T-Shirt,T-Shirts,0,0,0,2023-10-01 00:00:00
p_sfn5q4bv26,Dark Heather Cadet Short Sleeve Active Polo Shirt,Polos,0,0,0,2023-10-01 00:00:00
p_ncvpa3z4h7,Dark Heather Cadet Long Sleeve Active Crew Neck T-Shirt,T-Shirts,0,0,0,2023-10-01 00:00:00
p_6njreat3aq,Dark Heather Cocoa Active Crew Neck T-Shirt,T-Shirts,0,0,0,2023-10-01 00:00:00
p_mjrxd2wgtf,Dark Heather Cocoa Short Sleeve Active Polo Shirt,Polos,0,0,0,2023-10-01 00:00:00
p_zf9muhc3as,Dark Heather Indigo Active Comfort Short,Shorts,0,0,0,2023-10-01 00:00:00
p_x5p88uuzy5,Dark Heather Indigo Active Joggers,Sweatpants & Joggers,0,0,0,2023-10-01 00:00:00
p_npx42jpcmt,Dark Heather Military Green Active Comfort Short,Shorts,0,0,0,2023-10-01 00:00:00
p_9m3e7uj62s,Dark Heather Military Green Active Joggers,Sweatpants & Joggers,0,0,0,2023-10-01 00:00:00
p_t2tpzxuynp,Dark Heather Navy Active Joggers,Sweatpants & Joggers,0,0,0,2023-10-01 00:00:00
p_vybqnpjdfb,Dark Heather Tempest Active Crew Neck T-Shirt,T-Shirts,0,0,0,2023-10-01 00:00:00
p_gzgm33n9cz,Dark Heather Tempest Short Sleeve Active Polo Shirt,Polos,0,0,0,2023-10-01 00:00:00
p_sph8dsebwy,Dark Oak Fleece French Terry Pullover Crew Neck Sweatshirt,Sweatshirt,0,0,0,2023-10-01 00:00:00
p_zpj5m6rzbh,Dark Oak Fleece French Terry Pullover Hoodie,Hoodie,0,0,0,2023-10-01 00:00:00
p_bvsv82u2jt,Dark Oak Fleece French Terry Zip Hoodie,Hoodie,0,0,0,2023-10-01 00:00:00
p_xdyn8gxhhe,Dark Oak Long Sleeve Waffle Crew,Sweatshirt,0,0,0,2023-10-01 00:00:00
p_hvyht2dd2v,Dark Oak Slim Twill Chino Pant,Pants,0,0,0,2023-10-01 00:00:00
p_9mtccasba9,Dark Oak Waffle Hoodie,Hoodie,0,0,0,2023-10-01 00:00:00
p_2wxxfw7mca,Dark Olive Fleece Shacket,Shirt Jackets,0,0,0,2023-10-01 00:00:00
p_b3ppfm2vay,Dark Olive Long Sleeve Waffle Crew,Shirt,0,0,0,2023-10-01 00:00:00
p_a6yxedr8jx,Dark Purple Short Sleeve V-Neck T-Shirt ,T-Shirts,0,0,0,2023-10-01 00:00:00
p_zwwudtzed5,Deep Sea Blue Heather Active Hoodie,Hoodie,0,0,0,2023-10-01 00:00:00
p_9y7p8njxta,Deep Sea Blue Heather Active Long Sleeve Crew T-Shirt,T-Shirts,0,0,0,2023-10-01 00:00:00
p_wht3v5efkm,Deep Sea Blue Long Sleeve Waffle Crew,T-Shirts,0,0,0,2023-10-01 00:00:00
p_z7xekuufwm,Ecru Do-It-All Comfort Long Sleeve Button Up Shirt,Button Down Shirts,0,0,0,2023-10-01 00:00:00
p_kvuhf7884a,Electric Blue Short Sleeve Polo Shirt,Polos,0,0,0,2023-10-01 00:00:00
p_ysyjzgmtu6,Evergreen Heather Active Hoodie,Hoodie,0,0,0,2023-10-01 00:00:00
p_shc7xvk932,Evergreen Heather Active Long Sleeve Crew Neck T-Shirt,T-Shirts,0,0,0,2023-10-01 00:00:00
p_2d43kb3hj3,Evergreen Heather Long Sleeve Waffle Crew,Sweatshirt,0,0,0,2023-10-01 00:00:00
p_yszdpmgyju,Evergreen Sweater Scarf,Scarf,0,0,0,2023-10-01 00:00:00
p_ydptv6rbpw,Gradient Classic Polarized Sunglasses,Sunglasses,0,0,0,2023-10-01 00:00:00
p_3wdph5p4a5,Gunmetal Puffer Vest,Outerwear Vests,0,0,0,2023-10-01 00:00:00
p_2c7s8a7bmw,Heather Black Active Jogger,Sweatpants & Joggers,0,0,0,2023-10-01 00:00:00
p_dny6u2yy3n,Heather Burgundy Active Crew Neck T-Shirt,T-Shirts,0,0,0,2023-10-01 00:00:00
p_5a5sfcgqkq,Heather Burgundy Active Long Sleeve Crew Neck T-Shirt,T-Shirts,0,0,0,2023-10-01 00:00:00
p_ctw749pxad,Heather Burgundy Long Sleeve Crew Neck T-Shirt,T-Shirts,0,0,0,2023-10-01 00:00:00
p_pqwkc9p2hu,Heather Burgundy Short Sleeve Crew Neck T-Shirt,T-Shirts,0,0,0,2023-10-01 00:00:00
p_a2wcem7cms,Heather Burgundy Short Sleeve V-Neck T-Shirt,T-Shirts,0,0,0,2023-10-01 00:00:00
p_25hy766nzk,Heather Cayenne Short Sleeve Crew Neck T-Shirt,T-Shirts,0,0,0,2023-10-01 00:00:00
p_x7cgdhmyp3,Heather Navy Short Sleeve Polo Shirt,Polos,0,0,0,2023-10-01 00:00:00
p_2hkre8aznc,Military Green Tall Straight Hem Crew Neck T-Shirt,T-Shirts,0,0,0,2023-10-01 00:00:00
p_73kjt62een,Heather Cayenne Short Sleeve Polo Shirt,Polos,0,0,0,2023-10-01 00:00:00
p_dpgtwv5dut,Heather Cayenne Short Sleeve Tall Polo,Polos,0,0,0,2023-10-01 00:00:00
p_rpenkmstmg,Heather Centurion Active Crew Neck T-Shirt,T-Shirts,0,0,0,2023-10-01 00:00:00
p_kzqm93unyy,Heather Cocoa Active Crew Neck T-Shirt,T-Shirts,0,0,0,2023-10-01 00:00:00
p_rua2yj3jmt,Heather Dark Oak Crew Short Sleeve Neck T-Shirt,T-Shirts,0,0,0,2023-10-01 00:00:00
p_cve5gy56m8,Heather Dark Oak Short Sleeve V-Neck T-Shirt,T-Shirts,0,0,0,2023-10-01 00:00:00
p_cvrhss99ts,Heather Dark Orchid Short Sleeve V-Neck T-Shirt,Shirt,0,0,0,2023-10-01 00:00:00
p_y3r2ug2mpu,Heather Forest Active Crew Neck T-Shirt,T-Shirts,0,0,0,2023-10-01 00:00:00
p_h75hjs7973,Heather Forest Short Sleeve Active Polo Shirt,Polos,0,0,0,2023-10-01 00:00:00
p_x5pshyk4q9,Heather Graphite Short Sleeve Polo Shirt,Polos,0,0,0,2023-10-01 00:00:00
p_g4xkdswn5e,Heather Gray Active Comfort Short,Shorts,0,0,0,2023-10-01 00:00:00
p_9p8bns7rmp,Heather Gray Active Crew Socks 3-Pack,Socks,0,0,0,2023-10-01 00:00:00
p_bjecaeres5,Heather Gray Active Never Show Socks 3-Pack,Socks,0,0,0,2023-10-01 00:00:00
p_nw97q8x9x2,Heather Gray Ankle Socks 3-Pack,Socks,0,0,0,2023-10-01 00:00:00
p_n3jnq4u8q7,Heather Gray Crew Neck Sweater,Knit Sweaters,0,0,0,2023-10-01 00:00:00
p_gbh9ypmsjv,Heather Gray Do-It-All Comfort Long Sleeve Button Up Shirt,Button Down Shirts,0,0,0,2023-10-01 00:00:00
p_bz2jmxhgzb,Heather Gray Fleece French Terry Joggers,Sweatpants & Joggers,0,0,0,2023-10-01 00:00:00
p_dvj7aj4rxq,Heather Gray Fleece French Terry Pullover Crew Neck Sweatshirt,Sweatshirt,0,0,0,2023-10-01 00:00:00
p_ttdapkruav,Heather Gray Fleece French Terry Pullover Hoodie,Hoodie,0,0,0,2023-10-01 00:00:00
p_e3w27784ez,Heather Gray Long Sleeve Lightweight Flannel Shirt,Button Down Shirts,0,0,0,2023-10-01 00:00:00
p_7cvqeq727k,Heather Gray Long Sleeve Polo Shirt,Polos,0,0,0,2023-10-01 00:00:00
p_36tjt6cs8z,Heather Gray Pique Crew Sweater,Knit Sweaters,0,0,0,2023-10-01 00:00:00
p_mbdbf8ya5d,Heather Gray Sweater Long Sleeve Button Up Shirt,Button Down Shirts,0,0,0,2023-10-01 00:00:00
p_gzymf76rmw,Heather Navy Loungewear Jogger,Sweatpants & Joggers,0,0,0,2023-10-01 00:00:00
p_8nxyvmkrbc,Heather Navy Loungewear Pant,Pants,0,0,0,2023-10-01 00:00:00
p_yb98yp2sqv,Indigo Rinse Slim Authentic Stretch Jeans,Jeans,0,0,0,2023-10-01 00:00:00
p_juu2rq3qu8,Indigo Rinse Straight Authentic Stretch Jeans,Jeans,0,0,0,2023-10-01 00:00:00
p_jwjqtb338j,Khaki Comfort Chino Pants,Pants,0,0,0,2023-10-01 00:00:00
p_t83m3bqcj4,Khaki Commuter Pant,Pants,0,0,0,2023-10-01 00:00:00
p_spf5g5jf32,Khaki Slim Twill Chino,Pants,0,0,0,2023-10-01 00:00:00
p_jx3q5n329x,Khaki Straight Twill Chino,Pants,0,0,0,2023-10-01 00:00:00
p_rhugz6jch8,Light Indigo Wash Slim Authentic Stretch Jeans,Jeans,0,0,0,2023-10-01 00:00:00
p_katetzgtwe,Light Indigo Wash Straight Authentic Stretch Jeans,Jeans,0,0,0,2023-10-01 00:00:00
p_s57sjtnm4q,Meadow Straight Twill Chino,Pants,0,0,0,2023-10-01 00:00:00
p_d3c8r9bpvv,Medium Indigo Wash Slim Authentic Stretch Jeans,Jeans,0,0,0,2023-10-01 00:00:00
p_xgzt58skmg,Medium Indigo Wash Straight Authentic Stretch Jeans,Jeans,0,0,0,2023-10-01 00:00:00
p_egd9fym6xg,Navy Commuter Pant,Pants,0,0,0,2023-10-01 00:00:00
p_ymb5bq3vdv,Navy Fleece Shacket,Shirt Jackets,0,0,0,2023-10-01 00:00:00
p_accagka8uw,Reversible Dress Belt,Belt,0,0,0,2023-10-01 00:00:00
p_pjpnhtycns,Sandstone Commuter Pant,Pants,0,0,0,2023-10-01 00:00:00
p_dks9q92uqc,Heather Gray Tall Round Hem Crew Neck T-Shirt,T-Shirts,0,0,0,2023-10-01 00:00:00
p_udqn8s72v2,Navy Tall Round Hem Crew Neck T-Shirt,T-Shirts,0,0,0,2023-10-01 00:00:00
p_8y5vsf82td,Heather Emerald Short Sleeve Crew Neck T-Shirt,T-Shirts,0,0,0,2023-10-01 00:00:00
p_xqh3f9cwus,Heather Emerald Short Sleeve V-Neck T-Shirt,T-Shirts,0,0,0,2023-10-01 00:00:00
p_vst6extntp,Heather Gray Active Jogger,Sweatpants & Joggers,0,0,0,2023-10-01 00:00:00
p_75cz36rfz9,Heather Gray Sweater Hoodie,Hoodie,0,0,0,2023-10-01 00:00:00
p_6cj8gtxf2x,Heather Gray Tall Long Sleeve T-Shirt,Shirt,0,0,0,2023-10-01 00:00:00
p_34upddt2cp,Heather Gray Tall Straight Hem Crew Neck T-Shirt,T-Shirts,0,0,0,2023-10-01 00:00:00
p_behk4g2psv,Heather Gray Short Sleeve V-Neck T-Shirt,T-Shirts,0,0,0,2023-10-01 00:00:00
p_kgcgy98rwb,Heather Gray Waffle Hoodie,Hoodie,0,0,0,2023-10-01 00:00:00
p_6suxvjsvfc,Heather Indigo Tall Round Hem Crew Neck T-Shirt,T-Shirts,0,0,0,2023-10-01 00:00:00
p_jpmpa7s5yw,Heather Indigo Short Sleeve V-Neck T-Shirt,T-Shirts,0,0,0,2023-10-01 00:00:00
p_4pdddcg9t6,Heather Military Green Long Sleeve Crew T-Shirt,T-Shirts,0,0,0,2023-10-01 00:00:00
p_284qkebjr8,Heather Military Green Short Sleeve Polo Shirt,Polos,0,0,0,2023-10-01 00:00:00
p_tbp6wvu828,Heather Military Green Short Sleeve V-Neck T-Shirt,T-Shirts,0,0,0,2023-10-01 00:00:00
p_x8z28nbvwg,Heather Mist Short Sleeve Crew Neck T-Shirt,T-Shirts,0,0,0,2023-10-01 00:00:00
p_rejmm7td92,Heather Mist Short Sleeve V-Neck T-Shirt,T-Shirts,0,0,0,2023-10-01 00:00:00
p_6wj7x98tcn,Heather Navy Active Comfort Crew Sweatshirt,Sweatshirt,0,0,0,2023-10-01 00:00:00
p_mtqhyqahab,Heather Navy Active Comfort Pullover Hoodie,Hoodie,0,0,0,2023-10-01 00:00:00
p_bxnehsqcdv,Heather Navy Short Sleeve Active Polo Shirt,Polos,0,0,0,2023-10-01 00:00:00
p_7bmuq9q6qw,Heather Navy Long Sleeve Ripstop Commuter Shirt,Shirt,0,0,0,2023-10-01 00:00:00
p_g6dg3x3nta,Heather Navy Pique Crew Sweater,Knit Sweaters,0,0,0,2023-10-01 00:00:00
p_5gc6jyy4vw,Heather Navy Tall Round Hem Crew Neck T-Shirt,T-Shirts,0,0,0,2023-10-01 00:00:00
p_u4zzshtv4s,Heather Navy Short Sleeve V-Neck T-Shirt,Shirt,0,0,0,2023-10-01 00:00:00
p_7tce4kfut5,Heather Oatmeal Crew Neck Sweater,Knit Sweaters,0,0,0,2023-10-01 00:00:00
p_eyc8fnh7za,Heather Purple Short Sleeve Crew Neck T-Shirt,T-Shirts,0,0,0,2023-10-01 00:00:00
p_fzwwcz6x6s,Heather Sage Short Sleeve Crew Neck T-Shirt,T-Shirts,0,0,0,2023-10-01 00:00:00
p_xvg4py479t,Heather Sage V-Neck Short Sleeve T-Shirt,T-Shirts,0,0,0,2023-10-01 00:00:00
p_up97jdnnsw,Heather Sapphire Short Sleeve Crew Neck T-Shirt,T-Shirts,0,0,0,2023-10-01 00:00:00
p_84xru5kzx9,Heather Dusty Pink Short Sleeve Crew Neck T-Shirt,T-Shirts,0,0,0,2023-10-01 00:00:00
p_xrvchd55bc,Heather Military Green Short Sleeve Tall Crew,Screen Printed T-Shirts,0,0,0,2023-10-01 00:00:00
p_xqcme6qpqk,Heather Navy Active Comfort Full Zip Hoodie,Hoodie,0,0,0,2023-10-01 00:00:00
p_5f676x59tf,Long Sleeve Tee | Loungewear | Heather Navy,T-Shirts,0,0,0,2023-10-01 00:00:00
p_ztgcvk5gkn,Short Sleeve Tee | Loungewear | Heather Navy,T-Shirts,0,0,0,2023-10-01 00:00:00
p_spgwfvgehe,Heather Navy Sweater Long Sleeve Button Up Shirt,Button Down Shirts,0,0,0,2023-10-01 00:00:00
p_6mr5zpx479,Indigo Wash Straight Fit Comfort Jeans,Jeans,0,0,0,2023-10-01 00:00:00
p_5bvpjy99x9,Ivory Active Jacket,Jacket,0,0,0,2023-10-01 00:00:00
p_23ej4qec4x,Khaki Coaches Jacket,Jacket,0,0,0,2023-10-01 00:00:00
p_ukpa96wyhm,Light Gray Stretch Oxford Long Sleeve Button Up Shirt,Button Down Shirts,0,0,0,2023-10-01 00:00:00
p_mzcrkdhuvj,Light Heather Gray Tall Round Hem Crew Neck T-Shirt,T-Shirts,0,0,0,2023-10-01 00:00:00
p_f7jft6kfqg,Light Indigo Wash Long Sleeve Chambray Shirt,Shirt,0,0,0,2023-10-01 00:00:00
p_ae6rxxhgmc,Medium Indigo Wash Long Sleeve Chambray Shirt,Shirt,0,0,0,2023-10-01 00:00:00
p_4axmubbqfb,Medium Indigo Wash Slim Fit Comfort Jeans,Jeans,0,0,0,2023-10-01 00:00:00
p_6b6wk8uxa6,Military Green Comfort Chino Pants,Pants,0,0,0,2023-10-01 00:00:00
p_ewa8pkqm8u,Military Green Fleece French Terry Jogger,Sweatpants & Joggers,0,0,0,2023-10-01 00:00:00
p_9fu3j9tbue,Military Green Tall Round Hem Crew Neck T-Shirt,T-Shirts,0,0,0,2023-10-01 00:00:00
p_26dpvscejy,Navy Comfort Chino Pants,Pants,0,0,0,2023-10-01 00:00:00
p_gqs2hwpkjy,Navy Commuter Long Sleeve Button Up Shirt,Shirt,0,0,0,2023-10-01 00:00:00
p_e58dmnpc9e,Navy Fleece French Terry Jogger,Sweatpants & Joggers,0,0,0,2023-10-01 00:00:00
p_r3gbt3j2kw,Navy Long Sleeve Button Up Shirt,Shirt,0,0,0,2023-10-01 00:00:00
p_byy2kmxasx,Navy Long Sleeve Lightweight Flannel Shirt,Shirt,0,0,0,2023-10-01 00:00:00
p_dr2dsqwwjd,Navy Performance Lightweight Dress Shirt,Button Down Shirts,0,0,0,2023-10-01 00:00:00
p_2d9wqf9yrd,Navy Puffer Vest,Outerwear Vests,0,0,0,2023-10-01 00:00:00
p_m753ak35t9,Navy Stretch Oxford Long Sleeve Button Up Shirt,Shirt,0,0,0,2023-10-01 00:00:00
p_wzprzguypw,Sandstone Comfort Chino Pants,Pants,0,0,0,2023-10-01 00:00:00
p_fyejvaduhb,Stone Blue Active Jogger,Sweatpants & Joggers,0,0,0,2023-10-01 00:00:00
p_gv8hh5kma3,Stone Stretch Oxford Long Sleeve Button Up Shirt,Button Down Shirts,0,0,0,2023-10-01 00:00:00
p_9absn9mpzt,Suede Brown Comfort Chino Pant,Pants,0,0,0,2023-10-01 00:00:00
p_f3zjdpjr6y,White Active Ankle Socks 3-Pack,Socks,0,0,0,2023-10-01 00:00:00
p_vdzeqmc9rs,White Active Crew Socks 3-Pack,Socks,0,0,0,2023-10-01 00:00:00
p_u9kx69bqms,White Active Never Show Socks 3-Pack,Socks,0,0,0,2023-10-01 00:00:00
p_jybua995rp,White Long Sleeve Button Up Shirt,Button Down Shirts,0,0,0,2023-10-01 00:00:00
p_yabrk8yt6y,White Commuter Long Sleeve Button Up Shirt,Button Down Shirts,0,0,0,2023-10-01 00:00:00
p_jc3jqkdafw,White Commuter Short Sleeve Button Up,Button Down Shirts,0,0,0,2023-10-01 00:00:00
p_hvfwhakq9c,White Performance Lightweight Dress Shirt,Button Down Shirts,0,0,0,2023-10-01 00:00:00
p_btfq53bzn6,White Short Sleeve Active Polo Shirt,Polos,0,0,0,2023-10-01 00:00:00
p_p42j2ebh8r,White Short Sleeve Button Up Shirt,Shirt,0,0,0,2023-10-01 00:00:00
p_xug2xuwpqn,White Stretch Oxford Long Sleeve Button Up Shirt,Shirt,0,0,0,2023-10-01 00:00:00
p_2xrckgaktx,White Tall Round Hem Crew Neck T-Shirt,T-Shirts,0,0,0,2023-10-01 00:00:00
p_p29249kscd,White Waffle Hoodie,Hoodie,0,0,0,2023-10-01 00:00:00
p_395td7np9f,Heather Military Green Short Sleeve Tall Polo Shirt,Polos,0,0,0,2023-10-01 00:00:00
p_tmjb73g498,Heather Navy Short Sleeve Tall Polo Shirt,Polos,0,0,0,2023-10-01 00:00:00
p_p7dtyf9kd8,Heather Pale Blue Short Sleeve V-Neck T-Shirt,T-Shirts,0,0,0,2023-10-01 00:00:00
p_3fgxkpaxye,Heather Seafarer Short Sleeve Polo Shirt,Polos,0,0,0,2023-10-01 00:00:00
p_jre675wesy,Heather Seafarer Short Sleeve Tall Polo Shirt,Polos,0,0,0,2023-10-01 00:00:00
p_mqgpa9st88,Heather Sapphire Short Sleeve V-Neck T-Shirt,T-Shirts,0,0,0,2023-10-01 00:00:00
p_vaexg8brvb,Heather Navy Short Sleeve Tall Crew,T-Shirts,0,0,0,2023-10-01 00:00:00
p_dqknx7njuf,Heather Slate Green Short Sleeve Polo Shirt,Polos,0,0,0,2023-10-01 00:00:00
p_zscv6ea69y,Heather Voyager Short Sleeve Crew Neck T-Shirt,T-Shirts,0,0,0,2023-10-01 00:00:00
p_jzwpw7njj6,Heather Voyager Short Sleeve Polo Shirt,Polos,0,0,0,2023-10-01 00:00:00
p_6e9uas44v6,Heather Voyager Short Sleeve V-Neck T-Shirt,T-Shirts,0,0,0,2023-10-01 00:00:00
p_28xdw49sqx,Indigo Short Sleeve Crew Neck T-Shirt,T-Shirts,0,0,0,2023-10-01 00:00:00
p_79pyfxzssb,Indigo Short Sleeve V-Neck T-Shirt,T-Shirts,0,0,0,2023-10-01 00:00:00
p_cje82wcjgv,Iron Gray Active Crew Neck T-Shirt,T-Shirts,0,0,0,2023-10-01 00:00:00
p_42exp9424a,Light Heather Gray Active Crew Neck T-Shirt,T-Shirts,0,0,0,2023-10-01 00:00:00
p_8v2uvftad7,Light Heather Gray Short Sleeve Crew Neck T-Shirt,T-Shirts,0,0,0,2023-10-01 00:00:00
p_39k28x38p7,Light Heather Gray Short Sleeve Polo Shirt,Polos,0,0,0,2023-10-01 00:00:00
p_cgxstjpjhj,Light Khaki Short Sleeve Crew Neck T-Shirt,T-Shirts,0,0,0,2023-10-01 00:00:00
p_4rudftw6u6,Lilac Gray Short Sleeve V-Neck T-Shirt,T-Shirts,0,0,0,2023-10-01 00:00:00
p_zymrwj8fj9,Mahogany Short Sleeve Crew Neck T-Shirt,T-Shirts,0,0,0,2023-10-01 00:00:00
p_6b99p4bqsk,Mahogany Short Sleeve Polo Shirt,Polos,0,0,0,2023-10-01 00:00:00
p_tgudk6vxpb,Military Beige Short Sleeve V-Neck T-Shirt,T-Shirts,0,0,0,2023-10-01 00:00:00
p_cbxu2v3ntm,Military Green Short Sleeve Active Crew Neck T-Shirt,T-Shirts,0,0,0,2023-10-01 00:00:00
p_j9ak85wp57,Military Green Active Quick Dry Short with Liner,Shorts,0,0,0,2023-10-01 00:00:00
p_tfc9aqbuz4,Military Green Short Sleeve Crew Neck T-Shirt,T-Shirts,0,0,0,2023-10-01 00:00:00
p_ch6qn6a8en,Military Green Short Sleeve V-Neck T-Shirt,T-Shirts,0,0,0,2023-10-01 00:00:00
p_t4px9w63de,Navy Short Sleeve Crew Neck T-Shirt,T-Shirts,0,0,0,2023-10-01 00:00:00
p_cty4s4ehz9,Orange Short Sleeve V-Neck T-Shirt,T-Shirts,0,0,0,2023-10-01 00:00:00
p_wc3k5eupk3,Oxford Blue Short Sleeve V-Neck T-Shirt,T-Shirts,0,0,0,2023-10-01 00:00:00
p_zc2fube8nb,Periwinkle Blue Short Sleeve Polo Shirt,Polos,0,0,0,2023-10-01 00:00:00
p_hed6qt6arh,Raspberry Short Sleeve Polo Shirt,Polos,0,0,0,2023-10-01 00:00:00
p_uwx92gahmk,Mahogany Long Sleeve Henley,T-Shirts,0,0,0,2023-10-01 00:00:00
p_mdphbu2y54,Indigo Long Sleeve T-Shirt,T-Shirts,0,0,0,2023-10-01 00:00:00
p_vhh2e6dge7,Mellow Yellow Short Sleeve Crew Neck T-Shirt,T-Shirts,0,0,0,2023-10-01 00:00:00
p_w24fe8f3xz,Mellow Yellow Short Sleeve V-Neck T-Shirt,T-Shirts,0,0,0,2023-10-01 00:00:00
p_77barf9kfn,Mahogany Long Sleeve Waffle Crew,Sweatshirt,0,0,0,2023-10-01 00:00:00
p_624s29xq4x,Sweater Scarf | Black,Scarf,0,0,0,2023-10-01 00:00:00
p_c4xj5zhjn2,Heather Navy Sweater Button Up Shirt,Button Down Shirts,0,0,0,2023-10-01 00:00:00
p_qek9etj5vj,Heather Voyager Short Sleeve Crew Neck T-Shirt,Shirt,0,0,0,2023-10-01 00:00:00
p_u9qz9yabud,Indigo Wash Slim Fit Comfort Jeans,Jeans,0,0,0,2023-10-01 00:00:00
p_h5b94d3deu,Centurion Short Sleeve Sweater Polo,Polos,0,0,0,2023-10-01 00:00:00
p_erspmns4ce,Heather Seafarer Short Sleeve V-Neck Neck T-Shirt,Shirt,0,0,0,2023-10-01 00:00:00
p_q4h28hmd8q,Never Show Socks | Active | 3-Pack | Black,Socks,0,0,0,2023-10-01 00:00:00
p_aj2ry7xdv9,"Chino Shorts | Comfort | 7"" | Rosewood",Shorts,0,0,0,2023-10-01 00:00:00
p_9y7cp9jumm,"Shorts | Classic Twill | 9"" | Sandstone",Shorts,0,0,0,2023-10-01 00:00:00
p_3pskc4cwbp,"Shorts | Classic Twill | 9"" Khaki",Shorts,0,0,0,2023-10-01 00:00:00
p_6bn53rdnz2,"Shorts | Classic Twill | 9"" | Navy",Shorts,0,0,0,2023-10-01 00:00:00
p_h4877neu4n,Sandstone Commuter Short,Shorts,0,0,0,2023-10-01 00:00:00
p_xsbj94sm6q,Heather Gray Fleece French Terry Short,Shorts,0,0,0,2023-10-01 00:00:00
p_jqam2z9s7w,"Chino Shorts | Comfort | 9"" | Ivory",Shorts,0,0,0,2023-10-01 00:00:00
p_kvcynwabcy,"Chino Shorts | Comfort | 9"" | Sandstone",Shorts,0,0,0,2023-10-01 00:00:00
p_7y7ms9wtr4,Shorts | Active Comfort | Black,Shorts,0,0,0,2023-10-01 00:00:00
p_r5du83g9df,Shorts | Active | Quick Dry with Liner | Black,Swim Shorts,0,0,0,2023-10-01 00:00:00
p_7pvp4dcq5n,Carbon Active Quick Dry Short with Liner,Swim Shorts,0,0,0,2023-10-01 00:00:00
p_gmhetj6qvj,Long Sleeve Button Up Shirt | Stretch Oxford | Banker Blue,Button Down Shirts,0,0,0,2023-10-01 00:00:00
p_8q3s9r6qwu,Hoodie | Active Comfort | Full Zip | Black,Hoodie,0,0,0,2023-10-01 00:00:00
p_fc9era585c,Jacket | Active | Black,Athletic Jackets,0,0,0,2023-10-01 00:00:00
p_m26ckp2n6s,Black Tall Round Hem Crew Neck T-Shirt,T-Shirts,0,0,0,2023-10-01 00:00:00
p_cfg5xu3gvw,Dark Olive Short Sleeve Crew Neck T-Shirt,T-Shirts,0,0,0,2023-10-01 00:00:00
p_yhput7au44,Dark Olive Long Sleeve Henley,T-Shirts,0,0,0,2023-10-01 00:00:00
p_ez9ax3esv6,Emerald Long Sleeve Crew Neck T-Shirt,T-Shirts,0,0,0,2023-10-01 00:00:00
p_8vx6ygsmsd,Heather Gray Hooded Long Sleeve T-Shirt,Hoodie,0,0,0,2023-10-01 00:00:00
p_23ubcbvz89,Heather Gray Never Show Socks 3-Pack,Socks,0,0,0,2023-10-01 00:00:00
p_pz6x448p9t,Heather Gray Short Sleeve Sweater Polo Shirt,Knit Tops,0,0,0,2023-10-01 00:00:00
p_jg78h55jmw,Heather Gray Sweater Beanie,Beanie,0,0,0,2023-10-01 00:00:00
p_w7ysprckp8,Heather Navy Active Comfort Straight Leg Pant,Sweatpants & Joggers,0,0,0,2023-10-01 00:00:00
p_8nnyqj3ewe,Heather Emerald Tall Round Hem Crew Neck T-Shirt,T-Shirts,0,0,0,2023-10-01 00:00:00
p_ttezb89gxf,Heather Mauve Short Sleeve Crew Neck T-Shirt,T-Shirts,0,0,0,2023-10-01 00:00:00
p_qtjb9pcnn3,Heather Navy Active Shell Jacket,Jacket,0,0,0,2023-10-01 00:00:00
p_f92h3kv2cv,Heather Pale Blue Short Sleeve Crew Neck T-Shirt,T-Shirts,0,0,0,2023-10-01 00:00:00
p_vjgaj8nyrd,Heather Gray Sweater Scarf,Scarf,0,0,0,2023-10-01 00:00:00
p_dy7mjs4bpm,Sleeveless Muscle Tee | Active | Light Heather Gray,Tank Top,0,0,0,2023-10-01 00:00:00
p_6sdgsje2m3,Mahogany Fleece French Terry Jogger,Sweatpants & Joggers,0,0,0,2023-10-01 00:00:00
p_xfct3t2vkk,Mahogany Waffle Hoodie,Hoodie,0,0,0,2023-10-01 00:00:00
p_wtnvenruq9,Medium indigo Wash Straight Fit Comfort Jeans,Jeans,0,0,0,2023-10-01 00:00:00
p_v8pfb5wryd,Military Green Waffle Hoodie,Hoodie,0,0,0,2023-10-01 00:00:00
p_x525p5gyt4,Moss Short Sleeve Sweater Polo Shirt,T-Shirts,0,0,0,2023-10-01 00:00:00
p_t58yx24wsb,Navy Hooded Long Sleeve T-Shirt,Sweatshirt,0,0,0,2023-10-01 00:00:00
p_msfd479sz8,Navy Short Sleeve Button Up Shirt,Shirt,0,0,0,2023-10-01 00:00:00
p_mau5qbhasg,Navy Short Sleeve Sweater Polo Shirt,Knit Sweaters,0,0,0,2023-10-01 00:00:00
p_kccxqadagn,Navy Waffle Hoodie,Hoodie,0,0,0,2023-10-01 00:00:00
p_dbg2vhd8gn,Navy Waffle Long Sleeve Crew Neck,Sweatshirt,0,0,0,2023-10-01 00:00:00
p_7kzk6kwsxk,Oatmeal Sweater Hoodie,Hoodie,0,0,0,2023-10-01 00:00:00
p_xhubfpt2bh,Olive Long Sleeve Ripstop Commuter Shirt,Shirt,0,0,0,2023-10-01 00:00:00
p_29wrd4wkfa,Pale Blue Button Up Shirt,Button Down Shirts,0,0,0,2023-10-01 00:00:00
p_u2rhgedcvp,White Long Sleeve Polo Shirt,Polos,0,0,0,2023-10-01 00:00:00
p_5e7t6v6gv8,Heather Sapphire Short Sleeve V-Neck T-Shirt,T-Shirts,0,0,0,2023-10-01 00:00:00
p_wctjf5cy38,Heather Seafarer Short Sleeve Crew Neck T-Shirt,T-Shirts,0,0,0,2023-10-01 00:00:00
p_dxzcer2fk8,Heather Slate Green Short Sleeve Crew Neck T-Shirt,T-Shirts,0,0,0,2023-10-01 00:00:00
p_dbcpnaxxzz,Navy Boxer Briefs 3-Pack,Underwear,0,0,0,2023-10-01 00:00:00
p_4juc2hdg85,Navy Tall Straight Hem Crew Neck T-Shirt,T-Shirts,0,0,0,2023-10-01 00:00:00
p_drc7rrjfsv,Mahogany Long Sleeve T-Shirt,Shirt,0,0,0,2023-10-01 00:00:00
p_rpcku7uhxu,Mahogany Short Sleeve V-Neck T-Shirt,T-Shirts,0,0,0,2023-10-01 00:00:00
p_jj6vbqjbcj,Navy Boxer Trunks 3-Pack,Underwear,0,0,0,2023-10-01 00:00:00
p_zm5cpgbxrk,Sapphire Short Sleeve Crew Neck T-Shirt,T-Shirts,0,0,0,2023-10-01 00:00:00
p_npv4nzv5x2,Sapphire Short Sleeve Polo Shirt,Polos,0,0,0,2023-10-01 00:00:00
p_ps2ys9u9da,Short Sleeve T-Shirt | Crew Neck | Steel,T-Shirts,0,0,0,2023-10-01 00:00:00
p_wue6hk6hmr,Short Sleeve T-Shirt | V-Neck | Steel,T-Shirts,0,0,0,2023-10-01 00:00:00
p_avsdr3kjaw,Military Green Boxer Briefs 3-Pack,Underwear,0,0,0,2023-10-01 00:00:00
p_9xxg4dd5wv,Navy Tall Long Sleeve T-Shirt,Shirt,0,0,0,2023-10-01 00:00:00
p_4qvba3a9f7,Off White Short Sleeve Crew Neck T-Shirt,T-Shirts,0,0,0,2023-10-01 00:00:00
p_rh632vzkvf,Raspberry Short Sleeve Crew Neck T-Shirt,T-Shirts,0,0,0,2023-10-01 00:00:00
p_jgnjyyepyv,White Short Sleeve Crew Neck T-Shirt,T-Shirts,0,0,0,2023-10-01 00:00:00
p_2nzpxxx9qd,White Tall Long Sleeve T-Shirt,T-Shirts,0,0,0,2023-10-01 00:00:00
p_fsr8s5rfne,Navy Tall Active Crew Neck,T-Shirts,0,0,0,2023-10-01 00:00:00
p_xzhwz3h8uh,Heather Light Khaki Crew Neck,Sweatshirt,0,0,0,2023-10-01 00:00:00
p_g2f7b4qvq8,Kelly Green Short Sleeve Crew Neck T-Shirt,T-Shirts,0,0,0,2023-10-01 00:00:00
p_jdmt24d7hn,Pale Blue Short Sleeve Crew Neck T-Shirt,T-Shirts,0,0,0,2023-10-01 00:00:00
p_xx645fy2er,Pink Opal Short Sleeve Crew Neck T-Shirt,T-Shirts,0,0,0,2023-10-01 00:00:00
p_m9zcd62yqy,Sandstone Short Sleeve Crew Neck T-Shirt,T-Shirts,0,0,0,2023-10-01 00:00:00
p_4m97kku3wq,Tan 499 Short Sleeve Crew Neck T-Shirt,T-Shirts,0,0,0,2023-10-01 00:00:00
p_6q2v79acx5,Light Blue Short Sleeve V-Neck T-Shirt,T-Shirts,0,0,0,2023-10-01 00:00:00
p_ce7amvu2k2,Light Heather Short Sleeve Gray V-Neck T-Shirt,T-Shirts,0,0,0,2023-10-01 00:00:00
p_ar4zzgjk5p,Periwinkle Blue Short Sleeve Crew Neck T-Shirt,T-Shirts,0,0,0,2023-10-01 00:00:00
p_e34ttzx6kf,True Red Short Sleeve Crew Neck T-Shirt,T-Shirts,0,0,0,2023-10-01 00:00:00
p_qsrzg2ce35,Turquoise Short Sleeve Crew Neck T-Shirt,T-Shirts,0,0,0,2023-10-01 00:00:00
p_bg7f7edphc,Stone Blue Active Comfort Short,Shorts,0,0,0,2023-10-01 00:00:00
p_ka34xhhhr8,Indigo Boxer Briefs 3-Pack,Underwear,0,0,0,2023-10-01 00:00:00
p_axzk47pvme,Teal Boxer Briefs 3-Pack,Underwear,0,0,0,2023-10-01 00:00:00
p_cnrb9yncvy,White Half Crew Sock 3-Pack,Socks,0,0,0,2023-10-01 00:00:00
p_pkqtyg3hqm,White Never Show Socks 3-Pack,Socks,0,0,0,2023-10-01 00:00:00
p_8q6fwp8wgq,Yellow Short Sleeve Polo Shirt,Polos,0,0,0,2023-10-01 00:00:00
p_8497zwuxp3,Mahogany Fleece French Terry Pullover Crew Sweatshirt,Sweatshirt,0,0,0,2023-10-01 00:00:00
p_dcqnnrpypu,Long Sleeve Tee And Jogger Set | Loungewear | Charcoal Heather Gray,Sweatshirt,0,0,0,2023-10-01 00:00:00
p_cc9s42vn4x,Short Sleeve Tee And Pant Set | Loungewear | Charcoal Heather Gray,Sweatpants & Joggers,0,0,0,2023-10-01 00:00:00
p_zwuqmdbfnt,Charcoal Heather Gray Short Sleeve Tall Active Crew Neck,T-Shirts,0,0,0,2023-10-01 00:00:00
p_un65wg283k,Long Sleeve Tee And Jogger Set | Loungewear | Heather Navy,Sweatshirt,0,0,0,2023-10-01 00:00:00
p_pqxd5rn6d9,Short Sleeve Tee And Pant Set | Loungewear | Heather Navy,Lounge Sweatpants & Joggers,0,0,0,2023-10-01 00:00:00
p_pznn6yemfk,Heather Navy Quarter Zip Performance Shirt,Athletic Tops,0,0,0,2023-10-01 00:00:00
p_f8nexh4476,Heather Navy Short Sleeve Tall Active Crew Neck,T-Shirts,0,0,0,2023-10-01 00:00:00
p_v4vw7cyjx6,White Short Sleeve Tall Active Crew Neck,T-Shirts,0,0,0,2023-10-01 00:00:00
p_fbcq86jv23,Heather Dusty Pink Short Sleeve V-Neck T-Shirt,T-Shirts,0,0,0,2023-10-01 00:00:00
p_d47n8u8fab,Black Long Sleeve Henley,Shirt,0,0,0,2023-10-01 00:00:00
p_7ekanr458k,Heather Burgundy Active Crew Neck T-Shirt,Shirt,0,0,0,2023-10-01 00:00:00
p_adhb2jnwk7,Military Green Tall Straight Hem Crew Neck T-Shirt,T-Shirts,0,0,0,2023-10-01 00:00:00
p_4xegh3d2dq,White Short Sleeve Active Polo Shirt,Polos,0,0,0,2023-10-01 00:00:00
p_jgj485u9gx,Heather Gray Hooded Long Sleeve T-Shirt,Hoodie,0,0,0,2023-10-01 00:00:00
p_5uvd4uv28m,Mahogany Waffle Hoodie,Hoodie,0,0,0,2023-10-01 00:00:00
p_qh5ucmcku5,Military Green Waffle Hoodie,Hoodie,0,0,0,2023-10-01 00:00:00
p_wrcbv4f2uu,Navy Hooded Long Sleeve T-Shirt,Sweatshirt,0,0,0,2023-10-01 00:00:00
p_3rcm54jqbs,Navy Waffle Hoodie,Hoodie,0,0,0,2023-10-01 00:00:00
p_vjd833ph3z,White Waffle Hoodie,Hoodie,0,0,0,2023-10-01 00:00:00
p_5uapency29,Navy Waffle Long Sleeve Crew Neck,Sweatshirt,0,0,0,2023-10-01 00:00:00
p_4ssfur9upr,Pale Blue Button Up Shirt,Button Down Shirts,0,0,0,2023-10-01 00:00:00
p_u9t2zm725p,Short Sleeve Active Polo Shirt | Black,Polos,0,0,0,2023-10-01 00:00:00
p_mnk33hmpwg,White Short Sleeve Active Polo,Polos,0,0,0,2023-10-01 00:00:00
p_ch7bwuavhv,Heather Gray Sweater Scarf,Scarf,0,0,0,2023-10-01 00:00:00
p_5crt48k7v7,Navy Short Sleeve Button Up Shirt,Shirt,0,0,0,2023-10-01 00:00:00
p_r6t642amsw,White Short Sleeve Button Up Shirt,Shirt,0,0,0,2023-10-01 00:00:00
p_pzx9wvv4qb,Heather Mauve Short Sleeve Crew Neck T-Shirt,T-Shirts,0,0,0,2023-10-01 00:00:00
p_tvdv27amhe,Heather Navy Active Comfort Straight Leg Pant,Sweatpants & Joggers,0,0,0,2023-10-01 00:00:00
p_2rhbv3znrg,Heather Navy Active Shell Jacket,Jacket,0,0,0,2023-10-01 00:00:00
p_ne28r8hbv2,Heather Seafarer Short Sleeve Crew Neck T-Shirt,T-Shirts,0,0,0,2023-10-01 00:00:00
p_yxq99tj7cv,Heather Slate Green Short Sleeve Crew Neck T-Shirt,Shirt,0,0,0,2023-10-01 00:00:00
p_2mwcc7hpkx,Light Heather Gray Sleeveless Active Muscle Tee,Tank Top,0,0,0,2023-10-01 00:00:00
p_cyyubbh7u4,Mahogany Fleece French Terry Jogger,Sweatpants & Joggers,0,0,0,2023-10-01 00:00:00
p_fqsqmarq3k,Mahogany Long Sleeve T-Shirt,Shirt,0,0,0,2023-10-01 00:00:00
p_r6f5ekuzmt,Mahogany V-Neck T-Shirt,Shirt,0,0,0,2023-10-01 00:00:00
p_zm7a3rkwma,Navy Tall Straight Hem Crew Neck T-Shirt,T-Shirts,0,0,0,2023-10-01 00:00:00
p_qktubda8xw,Heather Sapphire Short Sleeve V-Neck T-Shirt,T-Shirts,0,0,0,2023-10-01 00:00:00
p_bpux6v6hy3,Moss Short Sleeve Sweater Polo Shirt,T-Shirts,0,0,0,2023-10-01 00:00:00
p_x53atty9z2,Steel Short Sleeve V-Neck T-Shirt,T-Shirts,0,0,0,2023-10-01 00:00:00
p_55tcz9qg6f,Black Boxer Briefs 3-Pack,Underwear,0,0,0,2023-10-01 00:00:00
p_3t9x6drd9q,Never Show Socks | 3-Pack | Black,Socks,0,0,0,2023-10-01 00:00:00
p_9u87cuwg9k,Carbon Boxer Briefs 3-Pack,Underwear,0,0,0,2023-10-01 00:00:00
p_wuqcj8q3tb,Heather Gray Never Show Socks 3-Pack,Socks,0,0,0,2023-10-01 00:00:00
p_hj4kerceu3,Heather Gray Sweater Beanie,Beanie,0,0,0,2023-10-01 00:00:00
p_zkfhub8juv,Indigo Boxer Briefs 3-Pack,Underwear,0,0,0,2023-10-01 00:00:00
p_gky7ujn5kk,Military Green Boxer Briefs 3-Pack,Underwear,0,0,0,2023-10-01 00:00:00
p_hcstkqf7xs,Navy Boxer Briefs 3-Pack,Underwear,0,0,0,2023-10-01 00:00:00
p_vvxrx4e62u,Navy Boxer Trunks 3-Pack,Underwear,0,0,0,2023-10-01 00:00:00
p_ebtxk5mjkc,Teal Boxer Briefs 3-Pack,Underwear,0,0,0,2023-10-01 00:00:00
p_n52bwwvypc,White Active Crew Socks 3-Pack,Socks,0,0,0,2023-10-01 00:00:00
p_ngty2gftav,White Active Never Show Socks 3-Pack,Socks,0,0,0,2023-10-01 00:00:00
p_kdjpvxj7fs,White Half Crew Sock 3-Pack,Socks,0,0,0,2023-10-01 00:00:00
p_yefeaupknw,White Never Show Socks 3-Pack,Socks,0,0,0,2023-10-01 00:00:00
p_39acmqrp48,White Never Show Socks 3-Pack,Socks,0,0,0,2023-10-01 00:00:00
p_ntuxn2s2c5,Yellow Polo,Polos,0,0,0,2023-10-01 00:00:00
p_d53wqyy6nw,Oatmeal Sweater Hoodie,Hoodie,0,0,0,2023-10-01 00:00:00
p_xqd85rvpxs,Black Puffer Jacket,Puffer Jackets,0,0,0,2023-10-01 00:00:00
p_cad333s5q5,Heather Burgundy Active Long Sleeve Crew Neck,Sweatshirt,0,0,0,2023-10-01 00:00:00
p_heevyaqhce,"9"" Sandstone Classic Twill Shorts",Shorts,0,0,0,2023-10-01 00:00:00
p_yptjy3dzdz,"Shorts | Classic Twill | 7"" | Navy",Shorts,0,0,0,2023-10-01 00:00:00
p_v7wa7rn4tb,"Shorts | Classic Twill | 9"" | Khaki",Shorts,0,0,0,2023-10-01 00:00:00
p_x53vukk5e9,"Shorts | Classic Twill | 9"" | Meadow",Shorts,0,0,0,2023-10-01 00:00:00
p_yacuttmhrh,"9"" Navy Classic Twill Shorts",Shorts,0,0,0,2023-10-01 00:00:00
p_2432p8f6a5,"Shorts | Active Training | 7"" | Navy",Shorts,0,0,0,2023-10-01 00:00:00
p_64vbv6tpdm,Heather Gray Fleece French Terry Shorts,Shorts,0,0,0,2023-10-01 00:00:00
p_bmga62pefz,"9"" Sandstone Comfort Chino Shorts",Shorts,0,0,0,2023-10-01 00:00:00
p_b9pagk3ugb,Shorts | Active Comfort | Black,Shorts,0,0,0,2023-10-01 00:00:00
p_yn26dfj46r,Dark Heather Burgundy Active Comfort Short,Swim Shorts,0,0,0,2023-10-01 00:00:00
p_pe2azubxe8,Dark Heather Indigo Active Comfort Short,Shorts,0,0,0,2023-10-01 00:00:00
p_p58c6d9vvb,Dark Heather Military Green Active Comfort Short,Shorts,0,0,0,2023-10-01 00:00:00
p_6uh7rmkygu,Black Active Quick Dry Short with Liner,Swim Shorts,0,0,0,2023-10-01 00:00:00
p_wdbckwxtef,Carbon Active Quick Dry Short with Liner,Swim Shorts,0,0,0,2023-10-01 00:00:00
p_use9g4kaed,Black Active Never Show Socks 3-Pack,Socks,0,0,0,2023-10-01 00:00:00
p_85umjtnpsy,Sweater Scarf | Black,Scarf,0,0,0,2023-10-01 00:00:00
p_atrr9sdp25,Charcoal Heather Gray Short Sleeve Tall Polo Shirt,Polos,0,0,0,2023-10-01 00:00:00
p_9h2qsu97ew,Dark Heather Navy Active Comfort Short,Shorts,0,0,0,2023-10-01 00:00:00
p_znadcksnfx,Reversible Casual Belt,Belt,0,0,0,2023-10-01 00:00:00
p_rbz7y8npg6,Indigo Wash Slim Fit Comfort Jeans,Jeans,0,0,0,2023-10-01 00:00:00
p_p54vvkv29d,Light Heather Gray Quarter Zip Performance Shirt,Athletic Tops,0,0,0,2023-10-01 00:00:00
p_rujp4wvbzv,Mahogany Long Sleeve Waffle Crew,Sweatshirt,0,0,0,2023-10-01 00:00:00
p_vsyjxxtp4a,Navy Short Sleeve Active Polo Shirt,Polos,0,0,0,2023-10-01 00:00:00
p_tfhcx4fbf5,Heather Gray Never Show Socks 3-Pack,Socks,0,0,0,2023-10-01 00:00:00
p_ggkq2n25rk,Carbon Waffle Hoodie,Hoodie,0,0,0,2023-10-01 00:00:00
p_fsar8whm4b,Dark Oak Waffle Hoodie,Hoodie,0,0,0,2023-10-01 00:00:00
p_nqbh5bzsfh,Heather Gray Long Sleeve Polo,Polos,0,0,0,2023-10-01 00:00:00
p_ter2rcscz6,Heather Gray Waffle Hoodie,Hoodie,0,0,0,2023-10-01 00:00:00
p_5z9rynrdat,Dark Oak Long Sleeve Waffle Crew,Sweatshirt,0,0,0,2023-10-01 00:00:00
p_ap2c64hjnc,Dark Olive Long Sleeve Waffle Crew,Shirt,0,0,0,2023-10-01 00:00:00
p_zwzpj7gynb,Deep Sea Blue Long Sleeve Waffle Crew,T-Shirts,0,0,0,2023-10-01 00:00:00
p_ejzn2bhevc,Evergreen Heather Long Sleeve Waffle Crew,Sweatshirt,0,0,0,2023-10-01 00:00:00
p_456rdfdknv,Navy Long Sleeve Button Up Shirt,Shirt,0,0,0,2023-10-01 00:00:00
p_9ueremsrcn,Heather Navy Short Sleeve Loungewear Tee,T-Shirts,0,0,0,2023-10-01 00:00:00
p_pxj9zkmurj,Charcoal Heather Active Comfort Pullover Hoodie,Hoodie,0,0,0,2023-10-01 00:00:00
p_ab6dzqm4qc,Charcoal Heather Gray Fleece French Terry Jogger,Sweatpants & Joggers,0,0,0,2023-10-01 00:00:00
p_r7g7s9ued2,Dark Olive Fleece Shacket,Jacket,0,0,0,2023-10-01 00:00:00
p_pevetyjchy,Heather Dark Oak V-Neck T-Shirt,Screen Printed T-Shirts,0,0,0,2023-10-01 00:00:00
p_7bmm7jjbng,Heather Gray Long Sleeve Lightweight Flannel Shirt,Button Down Shirts,0,0,0,2023-10-01 00:00:00
p_jdy7juawjw,Heather Gray Pique Crew Sweater,Knit Sweaters,0,0,0,2023-10-01 00:00:00
p_hdbwf4s669,Heather Gray Tall Straight Hem Crew Neck T-Shirt,T-Shirts,0,0,0,2023-10-01 00:00:00
p_zsnvka2svc,Heather Mist Short Sleeve Crew Neck T-Shirt,T-Shirts,0,0,0,2023-10-01 00:00:00
p_h4edseg6hf,Heather Navy Active Comfort Pullover Hoodie,Hoodie,0,0,0,2023-10-01 00:00:00
p_n6kve3ddkw,Heather Navy Long Sleeve Ripstop Commuter Shirt,Shirt,0,0,0,2023-10-01 00:00:00
p_h8jucbuvcu,Heather Navy Pique Crew Sweater,Knit Sweaters,0,0,0,2023-10-01 00:00:00
p_sxcevd7ww2,Heather Oatmeal Crew Neck Sweater,Knit Sweaters,0,0,0,2023-10-01 00:00:00
p_ex8zw8z5dh,Heather Sapphire Short Sleeve Crew Neck T-Shirt,T-Shirts,0,0,0,2023-10-01 00:00:00
p_fdgw8vn8mw,Indigo Wash Straight Fit Comfort Jeans,Jeans,0,0,0,2023-10-01 00:00:00
p_gkhuhrbvc5,Light Indigo Wash Long Sleeve Chambray Shirt,Shirt,0,0,0,2023-10-01 00:00:00
p_5ez35speq8,Medium Indigo Wash Long Sleeve Chambray Shirt,Shirt,0,0,0,2023-10-01 00:00:00
p_36tbyhq9p3,Navy Fleece Shacket,Shirt Jackets,0,0,0,2023-10-01 00:00:00
p_grdphsazq4,Reversible Dress Belt,Belt,0,0,0,2023-10-01 00:00:00
p_qj9xh26ctj,Sapphire Short Sleeve Crew Neck T-Shirt,Screen Printed T-Shirts,0,0,0,2023-10-01 00:00:00
p_7nraatq97j,Steel Short Sleeve Crew Neck T-Shirt,T-Shirts,0,0,0,2023-10-01 00:00:00
p_37z5p8b2wz,Heather Dark Orchid Short Sleeve Vee Neck T-Shirt,Shirt,0,0,0,2023-10-01 00:00:00
p_rr9yu69cdx,Heather Mist Short Sleeve Vee Neck T-Shirt,T-Shirts,0,0,0,2023-10-01 00:00:00
p_7fgbszq45t,Heather Voyager Short Sleeve Vee Neck T-Shirt,T-Shirts,0,0,0,2023-10-01 00:00:00
p_aj728cj6p2,Reversible Casual Belt,Belt,0,0,0,2023-10-01 00:00:00
p_wkggwhgxue,Navy Long Sleeve Lightweight Flannel Shirt,Shirt,0,0,0,2023-10-01 00:00:00
p_8fx2h79sez,Black Slippers,Slippers,0,0,0,2023-10-01 00:00:00
p_cguvv472kt,Heather Navy Loungewear Pant,Pants,0,0,0,2023-10-01 00:00:00
p_e6aypq2yyn,Charcoal Heather Active Comfort Full Zip Hoodie,Hoodie,0,0,0,2023-10-01 00:00:00
p_zg2kz56sep,Khaki Coaches Jacket,Jacket,0,0,0,2023-10-01 00:00:00
p_v6xzqb4euh,Electric Blue Polo,Polos,0,0,0,2023-10-01 00:00:00
p_kyjxexravk,Heather Gray Active Crew Socks 3-Pack,Socks,0,0,0,2023-10-01 00:00:00
p_v4pawc4ufa,Heather Gray Ankle Socks 3-Pack,Socks,0,0,0,2023-10-01 00:00:00
p_r3b5cqykd8,Heather Gray Never Show Socks 3-Pack,Socks,0,0,0,2023-10-01 00:00:00
p_xsa4epqty5,Mahogany Polo,Polos,0,0,0,2023-10-01 00:00:00
p_perj37fvaa,Periwinkle Blue Polo,Polos,0,0,0,2023-10-01 00:00:00
p_ump27mtkuq,Raspberry Polo,Polos,0,0,0,2023-10-01 00:00:00
p_szsv98dxsn,White Active Ankle Socks 3-Pack,Socks,0,0,0,2023-10-01 00:00:00
p_yvahsdbd7s,Heather Seafarer Short Sleeve Polo,Polos,0,0,0,2023-10-01 00:00:00
p_njb9h744v3,Indigo Rinse Straight Authentic Stretch Jeans,Jeans,0,0,0,2023-10-01 00:00:00
p_nyn3pcwdu8,Light Indigo Wash Slim Authentic Stretch Jeans,Jeans,0,0,0,2023-10-01 00:00:00
p_9f3wn27yj9,Indigo Rinse Slim Authentic Stretch Jeans,Jeans,0,0,0,2023-10-01 00:00:00
p_3dxryrdx2k,Medium Indigo Wash Slim Authentic Stretch Jeans,Jeans,0,0,0,2023-10-01 00:00:00
p_75westm75x,Light Indigo Wash Straight Authentic Stretch Jeans,Jeans,0,0,0,2023-10-01 00:00:00
p_7sfgw9sa4n,Medium Indigo Wash Straight Authentic Stretch Jeans,Jeans,0,0,0,2023-10-01 00:00:00
p_sy5ta2zsks,Heather Cayenne Short Sleeve Crew Neck T-Shirt,Shirt,0,0,0,2023-10-01 00:00:00
p_qcke957864,"Chino Shorts | Comfort | 7"" | Military Green",Shorts,0,0,0,2023-10-01 00:00:00
p_uy62gqzk94,"Shorts | Comfort Chino | 7"" | Sapphire",Shorts,0,0,0,2023-10-01 00:00:00
p_svgga79dfc,"Chino Shorts | Comfort | 7"" | Slate Green",Shorts,0,0,0,2023-10-01 00:00:00
p_n2cq64ucyu,"9"" Sapphire Comfort Chino Short",Shorts,0,0,0,2023-10-01 00:00:00
p_hubt8gp9tb,"9"" Slate Green Comfort Chino Short",Shorts,0,0,0,2023-10-01 00:00:00
p_vahhav9rn7,"Shorts | Classic Twill | 9"" | Black",Shorts,0,0,0,2023-10-01 00:00:00
p_jxeh4td3j3,"Shorts | 9"" | Classic Twill | Centurion",Shorts,0,0,0,2023-10-01 00:00:00
p_3mav9fu9q9,"Shorts | Active Training 7"" | Black",Shorts,0,0,0,2023-10-01 00:00:00
p_3he4jy8f99,"Shorts | Active Training | 7"" | Carbon",Shorts,0,0,0,2023-10-01 00:00:00
p_sdkp4ngqy8,"Shorts | Active Training | 7"" | Sandstone",Shorts,0,0,0,2023-10-01 00:00:00
p_n5vm5c3nb9,"Chino Shorts | Comfort | 7"" | Black",Shorts,0,0,0,2023-10-01 00:00:00
p_t3995sdwge,"Shorts | Comfort Chino | 7"" | Carbon",Shorts,0,0,0,2023-10-01 00:00:00
p_ys9u6f3mbt,"Chino Shorts | Comfort | 7"" | Khaki",Shorts,0,0,0,2023-10-01 00:00:00
p_2vpu7ymaay,Black Commuter Short,Shorts,0,0,0,2023-10-01 00:00:00
p_jnvzcqrwxp,Khaki Commuter Short,Shorts,0,0,0,2023-10-01 00:00:00
p_pgq6zgcvgq,Black Fleece French Terry Short,Shorts,0,0,0,2023-10-01 00:00:00
p_8hbywkfrwc,Military Green Fleece French Terry Short,Shorts,0,0,0,2023-10-01 00:00:00
p_v7655zp7an,"Chino Shorts | Comfort | 9"" | Black",Shorts,0,0,0,2023-10-01 00:00:00
p_29aky289rv,Navy Fleece French Terry Short,Shorts,0,0,0,2023-10-01 00:00:00
p_juczmrnmtc,"Shorts | Comfort Chino | 9"" | Carbon",Shorts,0,0,0,2023-10-01 00:00:00
p_jw2fyemxq7,"9"" Khaki Comfort Chino Short",Shorts,0,0,0,2023-10-01 00:00:00
p_uqn6yzvkpa,"9"" Navy Comfort Chino Short",Shorts,0,0,0,2023-10-01 00:00:00
p_8an2wybh3y,Charcoal Heather Gray Active Comfort Short,Athletic Shorts,0,0,0,2023-10-01 00:00:00
p_aw48ckctp9,Burgundy Active Quick Dry Short with Liner,Swim Shorts,0,0,0,2023-10-01 00:00:00
p_vey4w66jst,Military Green Active Quick Dry Short with Liner,Shorts,0,0,0,2023-10-01 00:00:00
p_nuk7mzc8jt,Navy Active Quick Dry Short with Liner,Swim Shorts,0,0,0,2023-10-01 00:00:00
p_r2e57cmagz,Joggers | Active | Black,Sweatpants & Joggers,0,0,0,2023-10-01 00:00:00
p_csr594d6ws,Heather Navy Loungewear Jogger,Sweatpants & Joggers,0,0,0,2023-10-01 00:00:00
p_2krzrc4m74,Carbon Fleece French Terry Jogger,Sweatpants & Joggers,0,0,0,2023-10-01 00:00:00
p_phdjj3n8yh,Heather Gray Fleece French Terry Joggers,Sweatpants & Joggers,0,0,0,2023-10-01 00:00:00
p_eaxfgdw35q,Medium Gray Wash Slim Fit Comfort Jeans,Jeans,0,0,0,2023-10-01 00:00:00
p_wcjsyc8zup,Medium Gray Wash Straight Fit Comfort Jeans,Jeans,0,0,0,2023-10-01 00:00:00
p_qjxt4q7gff,Military Green Coaches Jacket,Jacket,0,0,0,2023-10-01 00:00:00
p_fm6edfx4ep,Military Green Fleece French Terry Jogger,Sweatpants & Joggers,0,0,0,2023-10-01 00:00:00
p_28tc85jmdq,Military Green Waffle Long Sleeve Crew Neck,Sweatshirt,0,0,0,2023-10-01 00:00:00
p_mxsupz7eaq,Navy Coaches Jacket,Jacket,0,0,0,2023-10-01 00:00:00
p_qqk283mjjn,Navy Fleece French Terry Jogger,Sweatpants & Joggers,0,0,0,2023-10-01 00:00:00
p_xanpax5dbd,True Red Polo,Polos,0,0,0,2023-10-01 00:00:00
p_mrvwze8wph,White Ankle Socks 3-Pack,Socks,0,0,0,2023-10-01 00:00:00
p_ga52js5nmp,White Never Show Socks 3-Pack,Socks,0,0,0,2023-10-01 00:00:00
p_yhe8c62x9c,Heather Navy Quarter Zip Performance Shirt,Athletic Tops,0,0,0,2023-10-01 00:00:00
p_a7p3mw83t9,Heather Military Green Active Long Sleeve Crew Neck,T-Shirts,0,0,0,2023-10-01 00:00:00
p_rwwrukwyz9,Charcoal Heather Gray Short Sleeve Tall Active Crew Neck,T-Shirts,0,0,0,2023-10-01 00:00:00
p_qy223hzmfv,White Short Sleeve Tall Active Crew Neck,T-Shirts,0,0,0,2023-10-01 00:00:00
p_hfj965wa8c,Charcoal Heather Gray Loungewear Long Sleeve Tee And Jogger Set,Sweatshirt,0,0,0,2023-10-01 00:00:00
p_f3v8s3b963,Charcoal Heather Gray Loungewear Short Sleeve Tee And Pant Set,Sweatpants & Joggers,0,0,0,2023-10-01 00:00:00
p_3vtx7z4d8y,Heather Dusty Pink V-Neck T-Shirt,Screen Printed T-Shirts,0,0,0,2023-10-01 00:00:00
p_3kckyj2khu,Heather Navy Loungewear Short Sleeve Tee And Pant Set,Lounge Sweatpants & Joggers,0,0,0,2023-10-01 00:00:00
p_wj3u3m87yx,Short Sleeve T-Shirt | Active | Crew Neck | Black,T-Shirts,0,0,0,2023-11-01 00:00:00
p_svsvrfrcb6,Black Active Long Sleeve Crew Neck T-Shirt,T-Shirts,0,0,0,2023-11-01 00:00:00
p_vjfh4zw9pd,Short Sleeve Active Polo Shirt | Black,Polos,0,0,0,2023-11-01 00:00:00
p_2gwdmudpww,Long Sleeve Shirt | Crew Neck | Black,Shirt,0,0,0,2023-11-01 00:00:00
p_p6zw3xeg4v,Short Sleeve T-Shirt | Crew Neck | Black,T-Shirts,0,0,0,2023-11-01 00:00:00
p_8jmz33scf8,Sweatshirt | Pullover Crew Neck | Fleece French Terry | Black,Sweatshirt,0,0,0,2023-11-01 00:00:00
p_26twzeayzk,Pullover Hoodie | Fleece French Terry | Black,Hoodie,0,0,0,2023-11-01 00:00:00
p_xnzebcgf9j,Zip Hoodie | Fleece French Terry | Black,Hoodie,0,0,0,2023-11-01 00:00:00
p_v9vmgr3m4t,Polo Shirt | Black,Polos,0,0,0,2023-11-01 00:00:00
p_uwm4psyppk,Black Tall Straight Hem Crew Neck T-Shirt,T-Shirts,0,0,0,2023-11-01 00:00:00
p_s7yfamyjwt,Black V-Neck T-Shirt,T-Shirts,0,0,0,2023-11-01 00:00:00
p_htnnbrvvmk,Carbon Active Crew Neck,T-Shirts,0,0,0,2023-11-01 00:00:00
p_rgamhxuwjz,Carbon Crew Neck Long Sleeve,Shirt,0,0,0,2023-11-01 00:00:00
p_szpx92nwke,Carbon Fleece French Terry Zip Hoodie,Hoodie,0,0,0,2023-11-01 00:00:00
p_prm2runmas,Carbon Long Sleeve Henley,T-Shirts,0,0,0,2023-11-01 00:00:00
p_gf9pckvcm8,Carbon Short Sleeve Polo Shirt,Polos,0,0,0,2023-11-01 00:00:00
p_ujs2rxbwwy,Charcoal Heather Gray Active Long Sleeve Crew Neck,T-Shirts,0,0,0,2023-11-01 00:00:00
p_73vqwcfbpf,Charcoal Heather Gray Short Sleeve Active Polo Shirt,Polos,0,0,0,2023-11-01 00:00:00
p_9744mpdv5n,Charcoal Heather Gray Long Sleeve,Shirt,0,0,0,2023-11-01 00:00:00
p_3dh3myqfyq,Charcoal Heather Gray Polo,Polos,0,0,0,2023-11-01 00:00:00
p_yjazyejt4q,Charcoal Heather Gray V-Neck,Shirt,0,0,0,2023-11-01 00:00:00
p_xhhgk2nnba,Heather Burgundy Crew Neck T-Shirt,Shirt,0,0,0,2023-11-01 00:00:00
p_gbd3qsz25s,Heather Charcoal Gray Crew Neck T-Shirt,Shirt,0,0,0,2023-11-01 00:00:00
p_ea2gekbzfm,Heather Gray Crew Neck Long Sleeve,T-Shirts,0,0,0,2023-11-01 00:00:00
p_bdybxrzhhw,Heather Gray Fleece French Terry Pullover Hoodie,Hoodie,0,0,0,2023-11-01 00:00:00
p_cz4mtzemgt,Heather Gray Fleece French Terry Zip Hoodie,Hoodie,0,0,0,2023-11-01 00:00:00
p_ddgsdeyzu9,Heather Gray Long Sleeve Henley,T-Shirts,0,0,0,2023-11-01 00:00:00
p_5rc5ezqwny,Heather Gray Short Sleeve Polo Shirt,Polos,0,0,0,2023-11-01 00:00:00
p_shhxbvvxxp,Heather Indigo Active Crew Neck T-Shirt,T-Shirts,0,0,0,2023-11-01 00:00:00
p_4fs9u74y4x,Heather Indigo Crew Neck Long Sleeve,T-Shirts,0,0,0,2023-11-01 00:00:00
p_hmkhv4g497,Heather Indigo Crew Neck T-Shirt,Shirt,0,0,0,2023-11-01 00:00:00
p_s6hq3cbp99,Heather Indigo Short Sleeve Polo Shirt,Polos,0,0,0,2023-11-01 00:00:00
p_5q6tnqwruf,Heather Light Gray Active Long Sleeve Crew Neck,T-Shirts,0,0,0,2023-11-01 00:00:00
p_ggx5q9x8xm,Heather Military Green Active Crew Neck T-Shirt,Shirt,0,0,0,2023-11-01 00:00:00
p_xngupz8qg8,Heather Military Green Active Long Sleeve Crew Neck,T-Shirts,0,0,0,2023-11-01 00:00:00
p_pzg4uy9ru4,Heather Military Green Short Sleeve Active Polo Shirt,Polos,0,0,0,2023-11-01 00:00:00
p_kajnxmygka,Heather Military Green Crew Neck T-Shirt,Shirt,0,0,0,2023-11-01 00:00:00
p_95axe6dfn6,Heather Navy Active Crew Neck T-Shirt,T-Shirts,0,0,0,2023-11-01 00:00:00
p_5kpddtqty2,Heather Navy Active Long Sleeve Crew Neck,T-Shirts,0,0,0,2023-11-01 00:00:00
p_ccse4psnan,Heather Navy Crew Neck Long Sleeve,T-Shirts,0,0,0,2023-11-01 00:00:00
p_ug6duq4hvt,Heather Navy Crew Neck T-Shirt,Shirt,0,0,0,2023-11-01 00:00:00
p_vrmxbznmh9,Indigo Long Sleeve Henley,Shirt,0,0,0,2023-11-01 00:00:00
p_bhfd33ejhy,Indigo Short Sleeve Polo Shirt,Polos,0,0,0,2023-11-01 00:00:00
p_955cnseek9,Light Heather Gray Crew Neck Long Sleeve,T-Shirts,0,0,0,2023-11-01 00:00:00
p_6zjn28jf23,Military Green Crew Neck Long Sleeve,Shirt,0,0,0,2023-11-01 00:00:00
p_shcbhfeqaq,Military Green Fleece French Terry Pullover Crew Neck Sweatshirt,Sweatshirt,0,0,0,2023-11-01 00:00:00
p_3wz546brng,Military Green Fleece French Terry Pullover Hoodie,Hoodie,0,0,0,2023-11-01 00:00:00
p_8q6kvd32nc,Military Green Fleece French Terry Zip Hoodie,Hoodie,0,0,0,2023-11-01 00:00:00
p_brwwn6xkwh,Military Green Long Sleeve Henley,T-Shirts,0,0,0,2023-11-01 00:00:00
p_mwv4sjthwt,Military Green Short Sleeve Polo Shirt,Polos,0,0,0,2023-11-01 00:00:00
p_vtkmnr87v2,Navy Active Crew Neck T-Shirt,T-Shirts,0,0,0,2023-11-01 00:00:00
p_tpzfdnukzs,Navy Active Long Sleeve Crew Neck,T-Shirts,0,0,0,2023-11-01 00:00:00
p_bptwztkuks,Navy Short Sleeve Active Polo Shirt,Polos,0,0,0,2023-11-01 00:00:00
p_tjh5t8a6tw,Navy Crew Neck Long Sleeve,Shirt,0,0,0,2023-11-01 00:00:00
p_rezzg23bjy,Navy Fleece French Terry Pullover Crew Neck Sweatshirt,Sweatshirt,0,0,0,2023-11-01 00:00:00
p_k6s6hftqfe,Navy Fleece French Terry Pullover Hoodie,Hoodie,0,0,0,2023-11-01 00:00:00
p_h9z43a8zde,Navy Fleece French Terry Zip Hoodie,Hoodie,0,0,0,2023-11-01 00:00:00
p_ngbbqfwzd5,Navy Long Sleeve Henley,Shirt,0,0,0,2023-11-01 00:00:00
p_rhexhysfzs,Navy Short Sleeve Polo Shirt,Polos,0,0,0,2023-11-01 00:00:00
p_xa4dn5yc22,Navy Tall Short Sleeve Polo Shirt,Polos,0,0,0,2023-11-01 00:00:00
p_2wu3jtehp2,Navy Short Sleeve V-Neck T-Shirt,Shirt,0,0,0,2023-11-01 00:00:00
p_8rbvhb5tdc,White Active Crew Neck T-Shirt,Shirt,0,0,0,2023-11-01 00:00:00
p_r5gttk27sm,White Active Long Sleeve Crew Neck,Shirt,0,0,0,2023-11-01 00:00:00
p_2cus7843n6,White Crew Neck Long Sleeve,Shirt,0,0,0,2023-11-01 00:00:00
p_twpefb4vpq,White Long Sleeve Henley,T-Shirts,0,0,0,2023-11-01 00:00:00
p_6hvvy94kq4,White Short Sleeve Polo Shirt,Polos,0,0,0,2023-11-01 00:00:00
p_m6x758mjvq,White Short Sleeve Tall Polo Shirt,Polos,0,0,0,2023-11-01 00:00:00
p_s49r5jxnqq,White Short Sleeve V-Neck T-Shirt,T-Shirts,0,0,0,2023-11-01 00:00:00
p_fx25mpavbf,Long Sleeve T-Shirt | Hooded | Black,T-Shirts,0,0,0,2023-11-01 00:00:00
p_gawdf2gbfa,Long Sleeve Polo Shirt | Black,Polos,0,0,0,2023-11-01 00:00:00
p_xafkdxwnvm,Black Waffle Hoodie,Hoodie,0,0,0,2023-11-01 00:00:00
p_yev838e3bk,Dark Olive Waffle Hoodie,Hoodie,0,0,0,2023-11-01 00:00:00
p_3h5wxbdgfn,White Long Sleeve Polo Shirt,Polos,0,0,0,2023-11-01 00:00:00
p_g5xjgypbqs,Long Sleeve Button Up Shirt | Black,Button Down Shirts,0,0,0,2023-11-01 00:00:00
p_pqjyybc86f,Black Waffle Long Sleeve Crew Neck T-Shirt,T-Shirts,0,0,0,2023-11-01 00:00:00
p_5pqpzmazbr,Carbon Long Sleeve Button Up Shirt,Button Down Shirts,0,0,0,2023-11-01 00:00:00
p_anqd83cjye,Military Green Waffle Long Sleeve Crew Neck,Sweatshirt,0,0,0,2023-11-01 00:00:00
p_vp3anzz9s3,White Button Up Shirt,Button Down Shirts,0,0,0,2023-11-01 00:00:00
p_92vf4hpdrt,White Commuter Short Sleeve Button Up,Button Down Shirts,0,0,0,2023-11-01 00:00:00
p_85skykpy7r,Short Sleeve Button Up Shirt | Commuter | Black,Button Down Shirts,0,0,0,2023-11-01 00:00:00
p_v5bwyyhget,Carbon Commuter Short Sleeve Button Up,Button Down Shirts,0,0,0,2023-11-01 00:00:00
p_5kr9enrf6j,Short Sleeve Tee | Loungewear | Charcoal Heather Gray,T-Shirts,0,0,0,2023-11-01 00:00:00
p_rpwqburrmc,Dark Heather Cadet Active Polo,Polos,0,0,0,2023-11-01 00:00:00
p_8tryb2ahrp,Dark Heather Cocoa Active Polo,Polos,0,0,0,2023-11-01 00:00:00
p_vnexp6dh3m,Heather Centurion Short Sleeve Active Polo Shirt,Polos,0,0,0,2023-11-01 00:00:00
p_8pczdfc69m,Heather Cocoa Short Sleeve Active Polo Shirt,Polos,0,0,0,2023-11-01 00:00:00
p_xdyq8mewrc,Short Sleeve Button Up Shirt | Black,Button Down Shirts,0,0,0,2023-11-01 00:00:00
p_56qjzafa6s,Carbon Short Sleeve Button Up Shirt,Button Down Shirts,0,0,0,2023-11-01 00:00:00
p_7dyz93zegj,"Shorts | Active Training | 7"" | Sapphire",Athletic Shorts,0,0,0,2023-11-01 00:00:00
p_3pkg63ym5k,"Shorts | Active Training | 7"" | Steel",Shorts,0,0,0,2023-11-01 00:00:00
p_k5hymg84ez,"Shorts | Training | 7"" | 2-in-1 Black",Athletic Shorts,0,0,0,2023-11-01 00:00:00
p_mm5tbn6qza,Sweatshirt | Comfort Crew | Black,Sweatshirt,0,0,0,2023-11-01 00:00:00
p_2uptnqrxy2,Hoodie | Active Comfort | Pullover | Black,Hoodie,0,0,0,2023-11-01 00:00:00
p_ys335pw23m,Pants | Active Comfort | Straight Leg | Black,Sweatpants & Joggers,0,0,0,2023-11-01 00:00:00
p_9attt36kqt,Blazer | Black,Blazer,0,0,0,2023-11-01 00:00:00
p_84w66d79b8,Pants | Comfort Chino | Black,Pants,0,0,0,2023-11-01 00:00:00
p_349fd5fte5,Sweater | Crew Neck | Black,Knit Sweaters,0,0,0,2023-11-01 00:00:00
p_zzvxdda285,Fleece Shacket | Black,Jacket,0,0,0,2023-11-01 00:00:00
p_z7kat66jsb,Puffer Vest | Black,Outerwear Vests,0,0,0,2023-11-01 00:00:00
p_w99wqwtmd8,Performance Shirt | Quarter Zip | Black,Athletic Tops,0,0,0,2023-11-01 00:00:00
p_vkp29t8hpk,Sleeveless Muscle Tee | Active | Black,Athletic Tops,0,0,0,2023-11-01 00:00:00
p_bxpjzp3q34,Sweater Hoodie | Black,Hoodie,0,0,0,2023-11-01 00:00:00
p_j23j35syzx,Black Wash Long Sleeve Chambray Shirt,Shirt,0,0,0,2023-11-01 00:00:00
p_aaa5u2senn,Black Wash Slim Fit Comfort Jeans,Jeans,0,0,0,2023-11-01 00:00:00
p_mu7q5qx67m,Black Wash Straight Fit Comfort Jeans,Jeans,0,0,0,2023-11-01 00:00:00
p_kv4qxkyavb,Chino Pants | Comfort | Carbon,Pants,0,0,0,2023-11-01 00:00:00
p_av6ja2w28x,Charcoal Heather Active Comfort Crew Sweatshirt,Athletic Tops,0,0,0,2023-11-01 00:00:00
p_jqxjnq8mc8,Charcoal Heather Active Comfort Straight Leg Pant,Sweatpants & Joggers,0,0,0,2023-11-01 00:00:00
p_hzkzcd9ag9,Charcoal Heather Gray Long Sleeve Ripstop Commuter Shirt,Shirt,0,0,0,2023-11-01 00:00:00
p_zc74ftx9hy,Charcoal Heather Gray Pique Crew Sweater,Knit Sweaters,0,0,0,2023-11-01 00:00:00
p_4krqrmhc8s, Sleeveless Muscle Tee | Active | Charcoal Heather Gray,Athletic Tops,0,0,0,2023-11-01 00:00:00
p_qvscv7wqa7,Dark Oak Fleece French Terry Jogger,Sweatpants & Joggers,0,0,0,2023-11-01 00:00:00
p_yw7vvn467f,Dark Olive Long Sleeve Crew Neck T-Shirt,T-Shirts,0,0,0,2023-11-01 00:00:00
p_hc97kv4jxf,Deep Sea Blue Short Sleeve Crew Neck T-Shirt,T-Shirts,0,0,0,2023-11-01 00:00:00
p_zp4vn3rtz4,Deep Sea Blue Long Sleeve Crew Neck T-Shirt,T-Shirts,0,0,0,2023-11-01 00:00:00
p_8d5cs572ku,Evergreen Heather Short Sleeve Crew Neck T-Shirt,T-Shirts,0,0,0,2023-11-01 00:00:00
p_2qn4rb76qt,Evergreen Heather Long Sleeve Crew Neck T-Shirt,T-Shirts,0,0,0,2023-11-01 00:00:00
p_hun6quaf8f,Gray Wash Slim Fit Comfort Jeans,Jeans,0,0,0,2023-11-01 00:00:00
p_bn49najk97,Gray Wash Straight Fit Comfort Jeans,Jeans,0,0,0,2023-11-01 00:00:00
p_a66qgjtv8u, Sleeveless Muscle Tee | Active | Heather Cadet,Athletic Tops,0,0,0,2023-11-01 00:00:00
p_76w9v5r9gp,Heather Camel Pique Crew Sweater,Knit Sweaters,0,0,0,2023-11-01 00:00:00
p_m26nune3tt,Sleeveless Muscle Tee | Active | Heather Cocoa,Tank Top,0,0,0,2023-11-01 00:00:00
p_wtfwp7uyps,Heather Dark Oak Long Sleeve Crew Neck T-Shirt,T-Shirts,0,0,0,2023-11-01 00:00:00
p_guzmuvmxwg,Heather Dark Orchid Short Sleeve Crew Neck T-Shirt,T-Shirts,0,0,0,2023-11-01 00:00:00
p_auux7guqn5,Sleeveless Muscle Tee | Active| Heather Forest,Athletic Tops,0,0,0,2023-11-01 00:00:00
p_wvdzacyaq8,Heather Garnet Short Sleeve Crew Neck T-Shirt,T-Shirts,0,0,0,2023-11-01 00:00:00
p_59st4ejx9g,Heather Graphite Short Sleeve Crew Neck T-Shirt,T-Shirts,0,0,0,2023-11-01 00:00:00
p_mkhh2ymk98,Heather Navy Active Comfort Crew Sweatshirt,Sweatshirt,0,0,0,2023-11-01 00:00:00
p_4tw7w4865y,Medium Gray Wash Slim Fit Comfort Jeans,Jeans,0,0,0,2023-11-01 00:00:00
p_u25kmysesj,Medium Gray Wash Straight Fit Comfort Jeans,Jeans,0,0,0,2023-11-01 00:00:00
p_yrp9cazs3k,Olive Long Sleeve Ripstop Commuter Shirt,Shirt,0,0,0,2023-11-01 00:00:00
p_vjj8djm98g,"Voyager 7"" 2-in-1 Training Short",Athletic Shorts,0,0,0,2023-11-01 00:00:00
p_ens5k22dee,Coaches Jacket | Black,Jacket,0,0,0,2023-11-01 00:00:00
p_krqrvpb5nk,Short Sleeve Sweater Polo Shirt | Black,Polos,0,0,0,2023-11-01 00:00:00
p_ezjsg82fk7,Garnet Short Sleeve Sweater Polo Shirt,Polos,0,0,0,2023-11-01 00:00:00
p_zfqbnz8zdc,Heather Gray Short Sleeve Sweater Polo,Polos,0,0,0,2023-11-01 00:00:00
p_rdac8nxqpc,Navy Short Sleeve Sweater Polo,Polos,0,0,0,2023-11-01 00:00:00
p_tdz6dj3k93,Charcoal Heather Gray Active Shell Jacket,Jacket,0,0,0,2023-11-01 00:00:00
p_ef9p26sqwv,Navy Coaches Jacket,Jacket,0,0,0,2023-11-01 00:00:00
p_gvy838kdy9,Long Sleeve Button Up Sweater Shirt | Black + Carbon,Button Down Shirts,0,0,0,2023-11-01 00:00:00
p_cpfjz5js6m,Light Heather Gray Quarter Zip Performance Shirt,Athletic Tops,0,0,0,2023-11-01 00:00:00
p_encznv79zd,Charcoal Heather Gray Loungewear Jogger,Sweatpants & Joggers,0,0,0,2023-11-01 00:00:00
p_uqg73gd526,Dark Olive Short Sleeve V-Neck T-Shirt,T-Shirts,0,0,0,2023-11-01 00:00:00
p_dd7ynwa46b,Military Green Coaches Jacket,Jacket,0,0,0,2023-11-01 00:00:00
p_pds624ht98,Ankle Socks | Active | 3-Pack | Black,Socks,0,0,0,2023-11-01 00:00:00
p_h9thpv33ux,Crew Socks | Active | 3-Pack | Black,Socks,0,0,0,2023-11-01 00:00:00
p_vm4udwbmec,Ankle Socks | 3-Pack | Black,Socks,0,0,0,2023-11-01 00:00:00
p_hv5d9t5gb4,Black Boxer Trunks 3-Pack,Underwear,0,0,0,2023-11-01 00:00:00
p_eg72spursx,Half Crew Sock | 3-Pack | Black,Socks,0,0,0,2023-11-01 00:00:00
p_m5nrytn7g3,Boxer Briefs | Logo | 3-Pack | Black,Underwear,0,0,0,2023-11-01 00:00:00
p_7rzxq9sd8n,Never Show Socks | 3-Pack | Black,Socks,0,0,0,2023-11-01 00:00:00
p_h644hfsgj7,Sweater Beanie | Black,Beanie,0,0,0,2023-11-01 00:00:00
p_k8j2vzha5p,Burgundy Boxer Briefs 3-Pack,Underwear,0,0,0,2023-11-01 00:00:00
p_rd96dkwsx6,Carbon Boxer Trunks 3-Pack,Underwear,0,0,0,2023-11-01 00:00:00
p_3zf2yh34hr,Dark Olive Short Sleeve Polo Shirt,Polos,0,0,0,2023-11-01 00:00:00
p_fcgghnz6fh,Evergreen Sweater Beanie,Beanie,0,0,0,2023-11-01 00:00:00
p_vxfj55w6ma,Heather Burgundy Short Sleeve Polo Shirt,Polos,0,0,0,2023-11-01 00:00:00
p_tpv8fcqeja,Heather Gray Active Ankle Socks 3-Pack,Socks,0,0,0,2023-11-01 00:00:00
p_y6cg76w8k6,Heather Gray Half Crew Sock 3-Pack,Socks,0,0,0,2023-11-01 00:00:00
p_sgut9a5tns,Light Heather Gray Polo,Polos,0,0,0,2023-11-01 00:00:00
p_r5xrp6kuxu,True Red Short Sleeve Polo Shirt,Polos,0,0,0,2023-11-01 00:00:00
p_x285vx432e,White Ankle Socks 3-Pack,Socks,0,0,0,2023-11-01 00:00:00
p_3aup7bbqg3,Carbon Tall Long Sleeve T-Shirt,Shirt,0,0,0,2023-11-01 00:00:00
p_mxpb4sqvry,Charcoal Heather Gray Short Sleeve Tall Crew,T-Shirts,0,0,0,2023-11-01 00:00:00
p_92fw37ajex,Heather Seafarer Short Sleeve Tall Crew,Shirt,0,0,0,2023-11-01 00:00:00
p_rhk5rdjr7y,Heather Voyager Short Sleeve Tall Crew,T-Shirts,0,0,0,2023-11-01 00:00:00
p_hz3svpszdm,Military Green Tall Long Sleeve T-Shirt,T-Shirts,0,0,0,2023-11-01 00:00:00
p_3xnj548f3x,Sapphire Short Sleeve Tall Crew,T-Shirts,0,0,0,2023-11-01 00:00:00
p_j9huduq2g2,White Tall Straight Hem Crew Neck T-Shirt,T-Shirts,0,0,0,2023-11-01 00:00:00
p_ct8bqyz5rd,Bomber Jacket | Black,Bomber Jackets,0,0,0,2023-11-01 00:00:00
p_26x46r3gh3,Carbon Short Sleeve Tall Polo Shirt,Polos,0,0,0,2023-11-01 00:00:00
p_uwgqdnnawm,Charcoal Heather Gray Short Sleeve Tall Polo Shirt,Polos,0,0,0,2023-11-01 00:00:00
p_awt8ehv6fc,Heather Gray Short Sleeve Tall Polo Shirt,Polos,0,0,0,2023-11-01 00:00:00
p_ug78456eub,Mahogany Fleece French Terry Pullover Hoodie,Hoodie,0,0,0,2023-11-01 00:00:00
p_3hycs4vyy4,Mahogany Fleece French Terry Zip Hoodie,Hoodie,0,0,0,2023-11-01 00:00:00
p_487dnzupxz,Military Green Short Sleeve Tall Polo Shirt,Polos,0,0,0,2023-11-01 00:00:00
p_haens7aj79,Sapphire Short Sleeve Tall Polo Shirt,Polos,0,0,0,2023-11-01 00:00:00
p_n7npmmnfq3,Bomber Jacket | Army Green,Bomber Jackets,0,0,0,2023-11-01 00:00:00
p_vhct7fnamt,Sweater Fleece Jacket | Black,Jacket,0,0,0,2023-11-01 00:00:00
p_qvxdc36tay,Carbon Bomber Jacket,Bomber Jackets,0,0,0,2023-11-01 00:00:00
p_ubarpzrdvd,Gray Sweater Fleece Jacket,Knit Sweaters,0,0,0,2023-11-01 00:00:00
p_25m5nqdhtq,Gunmetal Puffer Jacket,Puffer Jackets,0,0,0,2023-11-01 00:00:00
p_9nq4jjbkbr,Military Green Puffer Jacket,Puffer Jackets,0,0,0,2023-11-01 00:00:00
p_6svhrtmsn3,Navy Bomber Jacket,Bomber Jackets,0,0,0,2023-11-01 00:00:00
p_dwbw45rvge,Navy Hooded Puffer Jacket,Puffer Jackets,0,0,0,2023-11-01 00:00:00
p_4yh4m8q3v7,Navy Puffer Jacket,Puffer Jackets,0,0,0,2023-11-01 00:00:00
p_e6pz5d7uh9,Navy Sweater Fleece Jacket,Hoodie,0,0,0,2023-11-01 00:00:00
p_4xmfcxsvq4,Puffer Jacket | Hooded | Black,Puffer Jackets,0,0,0,2023-11-01 00:00:00
p_zrt8e4hahp,Chino Pants | Straight | Twill | Black,Pants,0,0,0,2023-11-01 00:00:00
p_6bppe3h2jj,Centurion Slim Twill Chino,Pants,0,0,0,2023-11-01 00:00:00
p_zd6gtes7qp,Centurion Straight Twill Chino,Pants,0,0,0,2023-11-01 00:00:00
p_ja9tudbs9q,Dark Oak Straight Twill Chino,Pants,0,0,0,2023-11-01 00:00:00
p_yqusyfjxtf,Gunmetal Hooded Puffer Jacket,Puffer Jackets,0,0,0,2023-11-01 00:00:00
p_kkdff6r47e,Meadow Slim Twill Chino,Pants,0,0,0,2023-11-01 00:00:00
p_rnmhwn9kcu,Navy Slim Twill Chino,Pants,0,0,0,2023-11-01 00:00:00
p_y5u5gs4evr,Navy Straight Twill Chino,Pants,0,0,0,2023-11-01 00:00:00
p_vqc6jejd69,Long Sleeve Button Up Shirt | Do-It-All Comfort | Black,Button Down Shirts,0,0,0,2023-11-01 00:00:00
p_p8ep2jre98,Hoodie | Active | Black,Hoodie,0,0,0,2023-11-01 00:00:00
p_vubwwnzvnt,Dark Heather Cadet Long Sleeve Active Crew Neck,T-Shirts,0,0,0,2023-11-01 00:00:00
p_e2426ac79u,Dark Heather Tempest Long Sleeve Active Crew Neck,Sweatshirt,0,0,0,2023-11-01 00:00:00
p_cjzvdmswjf,White Active Hoodie,Hoodie,0,0,0,2023-11-01 00:00:00
p_ncwnq5usm5,"Shorts | Active Training | 7"" | Slate Green",Athletic Shorts,0,0,0,2023-11-01 00:00:00
p_x443echvnq,"Chino Shorts | Comfort | 7"" | Military Green",Shorts,0,0,0,2023-11-01 00:00:00
p_qhjjf5kjgd,"Chino Shorts | Comfort | 7"" | Rosewood",Shorts,0,0,0,2023-11-01 00:00:00
p_f8rywmvjsy,"Chino Shorts | Comfort | 7"" | Sapphire",Shorts,0,0,0,2023-11-01 00:00:00
p_6kxr6rztwd,"Chino Shorts | Comfort | 7"" | Slate Green",Shorts,0,0,0,2023-11-01 00:00:00
p_56zbdasvhd,"Chino Shorts | Comfort | 9"" | Sapphire",Shorts,0,0,0,2023-11-01 00:00:00
p_xpmubyp2yg,"Chino Shorts | Comfort | 9"" | Slate Green",Shorts,0,0,0,2023-11-01 00:00:00
p_saytmbtmak,"Shorts | Classic Twill | 9"" | Black",Shorts,0,0,0,2023-11-01 00:00:00
p_aytxzkck8x,"Shorts | Classic Twill | 7"" | Black",Shorts,0,0,0,2023-11-01 00:00:00
p_fhdff8x3jt,"Shorts | Classic Twill | 7"" | Harbor",Shorts,0,0,0,2023-11-01 00:00:00
p_q2935cukf5,"Shorts | Classic Twill | 7"" | Khaki",Shorts,0,0,0,2023-11-01 00:00:00
p_qr5wafyaq4,"Shorts | Classic Twill | 7"" | Moss",Shorts,0,0,0,2023-11-01 00:00:00
p_j48puxsej5,"Shorts | Classic Twill | 7"" | Sandstone",Shorts,0,0,0,2023-11-01 00:00:00
p_b2wv3hqta7,"Shorts | Classic Twill | 9"" | Centurion",Shorts,0,0,0,2023-11-01 00:00:00
p_wungd9j4dh,"Shorts | Active Training | 7"" | Black",Shorts,0,0,0,2023-11-01 00:00:00
p_r9rn7a2dy5,"Shorts | Active Training | 7"" | Carbon",Shorts,0,0,0,2023-11-01 00:00:00
p_n9qtgjygdv,"Shorts | Active Training | 7"" | Sandstone",Athletic Shorts,0,0,0,2023-11-01 00:00:00
p_nu9kcajw2z,"Chino Shorts | Comfort | 7"" | Black",Shorts,0,0,0,2023-11-01 00:00:00
p_hmp7dkjce9,"Chino Shorts | Comfort | 7"" | Carbon",Shorts,0,0,0,2023-11-01 00:00:00
p_25upswaptj,"Chino Shorts | Comfort | 7"" | Khaki",Shorts,0,0,0,2023-11-01 00:00:00
p_kaq2j39v2p,"Chino Shorts | Comfort | 7"" | Navy",Shorts,0,0,0,2023-11-01 00:00:00
p_utfqrxy94f,Shorts | Commuter | Black,Shorts,0,0,0,2023-11-01 00:00:00
p_prrc5xwre5,Khaki Commuter Short,Shorts,0,0,0,2023-11-01 00:00:00
p_bj4epra3sv,Shorts | Fleece French Terry | Black,Shorts,0,0,0,2023-11-01 00:00:00
p_fvgyjfheyt,Sandstone Commuter Short,Shorts,0,0,0,2023-11-01 00:00:00
p_epuubwwz7s,Military Green Fleece French Terry Short,Shorts,0,0,0,2023-11-01 00:00:00
p_j4bf77xx5v,"Chino Shorts | Comfort | 9"" | Black",Shorts,0,0,0,2023-11-01 00:00:00
p_74gmgsy6yv,Navy Fleece French Terry Short,Shorts,0,0,0,2023-11-01 00:00:00
p_m5f29n89jy,"Chino Shorts | Comfort | 9"" | Carbon",Shorts,0,0,0,2023-11-01 00:00:00
p_47meu4bybx,"Chino Shorts | Comfort |  9"" | Ivory",Shorts,0,0,0,2023-11-01 00:00:00
p_5za8gj7unh,"Chino Shorts | Comfort | 9"" | Khaki",Shorts,0,0,0,2023-11-01 00:00:00
p_arxdch5qcv,"Chino Shorts | Comfort | 9"" | Military Green",Shorts,0,0,0,2023-11-01 00:00:00
p_en8vndps74,"Chino Shorts | Comfort | 9"" | Navy",Shorts,0,0,0,2023-11-01 00:00:00
p_rquj6mrdex,Dark Heather Navy Active Comfort Short,Shorts,0,0,0,2023-11-01 00:00:00
p_6ra9g27e7u,Burgundy Active Quick Dry Short with Liner,Swim Shorts,0,0,0,2023-11-01 00:00:00
p_5ek32kjgzp,Navy Active Quick Dry Short with Liner,Swim Shorts,0,0,0,2023-11-01 00:00:00
p_bp7w9cp3k9,Pants | Commuter | Black,Pants,0,0,0,2023-11-01 00:00:00
p_5p5sgcwp5f,"Shorts | Active Training | 7"" | Navy",Shorts,0,0,0,2023-11-01 00:00:00
p_47uf2puagk,"Shorts | Classic Twill | 7"" | Navy",Shorts,0,0,0,2023-11-01 00:00:00
p_9a5tjqerw5,"Shorts | Classic Twill | 9"" | Meadow",Shorts,0,0,0,2023-11-01 00:00:00
p_a69bzurkgs,Joggers | Active | Black,Sweatpants & Joggers,0,0,0,2023-11-01 00:00:00
p_2bkrkbfbk9,Classic Polarized Sunglasses | Black,Sunglasses,0,0,0,2023-11-01 00:00:00
p_vvkaza7v48,Long Sleeve Button Up Shirt | Commuter | Black,Button Down Shirts,0,0,0,2023-11-01 00:00:00
p_egq2tewvm7,Long Sleeve Henley | Black,T-Shirts,0,0,0,2023-11-01 00:00:00
p_yp2v99qxbf,Classic Polarized Sunglasses | Black Mirror,Sunglasses,0,0,0,2023-11-01 00:00:00
p_mef5fue56y,Dress Shirt | Lightweight Performance | Black,Button Down Shirts,0,0,0,2023-11-01 00:00:00
p_fpmkw85rke,Short Sleeve Polo Shirt | Black,Polos,0,0,0,2023-11-01 00:00:00
p_s7c853uk5c,Puffer Jacket | Black,Puffer Jackets,0,0,0,2023-11-01 00:00:00
p_8nhyuguh4z,Chino Pants | Slim | Twill | Black,Pants,0,0,0,2023-11-01 00:00:00
p_ka5fa3ne6y,Slippers | Black,Slippers,0,0,0,2023-11-01 00:00:00
p_6wnwzma24v,Long Sleeve Button Up Shirt | Stretch Oxford | Black,Button Down Shirts,0,0,0,2023-11-01 00:00:00
p_u3ffx96ehp,Short Sleeve T-Shirt | Tall | Active Crew Neck | Black,T-Shirts,0,0,0,2023-11-01 00:00:00
p_ufjg6nn927,Long Sleeve T-Shirt | Tall | Black,T-Shirts,0,0,0,2023-11-01 00:00:00
p_enhxmmv3xa,Polo Shirt | Tall | Black,Polos,0,0,0,2023-11-01 00:00:00
p_gqfhmx28rz,Blue Quartz Short Sleeve Crew Neck T-Shirt,T-Shirts,0,0,0,2023-11-01 00:00:00
p_6ccw4zmdj6,Bluestone Tall Round Hem Crew Neck T-Shirt,T-Shirts,0,0,0,2023-11-01 00:00:00
p_ryght7etrs,Bluestone V-Neck Short Sleeve T-Shirt,T-Shirts,0,0,0,2023-11-01 00:00:00
p_5q95b4bjyg,Burgundy Short Sleeve Crew Neck T-Shirt,T-Shirts,0,0,0,2023-11-01 00:00:00
p_2sxe2kvxmc,Burgundy Long Sleeve Crew Neck T-Shirt,T-Shirts,0,0,0,2023-11-01 00:00:00
p_srwzc2wwq6,Burgundy Long Sleeve Henley,T-Shirts,0,0,0,2023-11-01 00:00:00
p_8p9z2j6eqt,Burgundy Short Sleeve V-Neck T-Shirt,T-Shirts,0,0,0,2023-11-01 00:00:00
p_dnq23rfcgu,"Carbon 7"" 2-in-1 Training Short",Athletic Shorts,0,0,0,2023-11-01 00:00:00
p_9tz4xs4maw,Carbon Commuter Long Sleeve Button Up Shirt,Button Down Shirts,0,0,0,2023-11-01 00:00:00
p_82erf6xepz,Carbon Commuter Pant,Pants,0,0,0,2023-11-01 00:00:00
p_gxqdqumwae,Carbon Short Sleeve Crew Neck T-Shirt,T-Shirts,0,0,0,2023-11-01 00:00:00
p_nmb6y3r32b,Carbon Fleece French Terry Jogger,Sweatpants & Joggers,0,0,0,2023-11-01 00:00:00
p_mqhey6peq9,Carbon Fleece French Terry Pullover Crew Neck Sweatshirt,Sweatshirt,0,0,0,2023-11-01 00:00:00
p_pgvy4mwya6,Carbon Fleece French Terry Pullover Hoodie,Hoodie,0,0,0,2023-11-01 00:00:00
p_dcfsb4qj5s,Carbon Performance Lightweight Dress Shirt,Button Down Shirts,0,0,0,2023-11-01 00:00:00
p_q9e4tw2vgn,Carbon Tall Active Crew Neck T-Shirt,T-Shirts,0,0,0,2023-11-01 00:00:00
p_3mznzzvw2f,Carbon Tall Round Hem Crew Neck T-Shirt,T-Shirts,0,0,0,2023-11-01 00:00:00
p_fcv57d39m8,Carbon Short Sleeve V-Neck T-Shirt,T-Shirts,0,0,0,2023-11-01 00:00:00
p_n6hvkgussy,Carbon Waffle Hoodie,Hoodie,0,0,0,2023-11-01 00:00:00
p_yg5234hu8z,Centurion Short Sleeve Sweater Polo Shirt,Polos,0,0,0,2023-11-01 00:00:00
p_qcw7eb8td6,Charcoal Heather Active Comfort Full Zip Hoodie,Hoodie,0,0,0,2023-11-01 00:00:00
p_agkp4c43e4,Charcoal Heather Active Comfort Pullover Hoodie,Hoodie,0,0,0,2023-11-01 00:00:00
p_cn8axvjmp9,Charcoal Heather Gray Active Comfort Short,Athletic Shorts,0,0,0,2023-11-01 00:00:00
p_6c6nrcr2c3, Short Sleeve T-Shirt | Active Crew Neck | Charcoal Heather Gray,T-Shirts,0,0,0,2023-11-01 00:00:00
p_znfcswnte7,Charcoal Heather Gray Active Hoodie,Hoodie,0,0,0,2023-11-01 00:00:00
p_bdbtrvs35c,Charcoal Heather Gray Active Joggers,Sweatpants & Joggers,0,0,0,2023-11-01 00:00:00
p_pxnmvcumyj,Charcoal Heather Gray Do-It-All Comfort Long Sleeve Button Up Shirt,Button Down Shirts,0,0,0,2023-11-01 00:00:00
p_yra4pxjn2n,Charcoal Heather Gray Fleece French Terry Full Zip,Hoodie,0,0,0,2023-11-01 00:00:00
p_k727r3s7q8,Charcoal Heather Gray Fleece French Terry Jogger,Sweatpants & Joggers,0,0,0,2023-11-01 00:00:00
p_qsxubmrtfw,Long Sleeve Tee | Loungewear | Charcoal Heather Gray,T-Shirts,0,0,0,2023-11-01 00:00:00
p_hrqsaa2u6g,Charcoal Heather Gray Loungewear Pant,Pants,0,0,0,2023-11-01 00:00:00
p_z9gg92dcqx,Charcoal Heather Gray Short Sleeve Polo Shirt,Polos,0,0,0,2023-11-01 00:00:00
p_3shyn5zkky,Charcoal Heather Gray Tall Crew T-Shirt,T-Shirts,0,0,0,2023-11-01 00:00:00
p_mvqwbcmhah,Charcoal Heather Gray Tall Round Hem Crew Neck T-Shirt,T-Shirts,0,0,0,2023-11-01 00:00:00
p_yupfqc6yfm,Charcoal Heather Gray Short Sleeve V-Neck T-Shirt,T-Shirts,0,0,0,2023-11-01 00:00:00
p_6k245nh69q,Crimson Long Sleeve Crew Neck T-Shirt,T-Shirts,0,0,0,2023-11-01 00:00:00
p_rhxjthz5x8,Dark Heather Burgundy Active Comfort Short,Swim Shorts,0,0,0,2023-11-01 00:00:00
p_ucy8r4cqe3,Dark Heather Burgundy Active Joggers,Sweatpants & Joggers,0,0,0,2023-11-01 00:00:00
p_2eh6mejec7,Dark Heather Cadet Active Crew Neck T-Shirt,T-Shirts,0,0,0,2023-11-01 00:00:00
p_sfn5q4bv26,Dark Heather Cadet Short Sleeve Active Polo Shirt,Polos,0,0,0,2023-11-01 00:00:00
p_ncvpa3z4h7,Dark Heather Cadet Long Sleeve Active Crew Neck T-Shirt,T-Shirts,0,0,0,2023-11-01 00:00:00
p_6njreat3aq,Dark Heather Cocoa Active Crew Neck T-Shirt,T-Shirts,0,0,0,2023-11-01 00:00:00
p_mjrxd2wgtf,Dark Heather Cocoa Short Sleeve Active Polo Shirt,Polos,0,0,0,2023-11-01 00:00:00
p_zf9muhc3as,Dark Heather Indigo Active Comfort Short,Shorts,0,0,0,2023-11-01 00:00:00
p_x5p88uuzy5,Dark Heather Indigo Active Joggers,Sweatpants & Joggers,0,0,0,2023-11-01 00:00:00
p_npx42jpcmt,Dark Heather Military Green Active Comfort Short,Shorts,0,0,0,2023-11-01 00:00:00
p_9m3e7uj62s,Dark Heather Military Green Active Joggers,Sweatpants & Joggers,0,0,0,2023-11-01 00:00:00
p_t2tpzxuynp,Dark Heather Navy Active Joggers,Sweatpants & Joggers,0,0,0,2023-11-01 00:00:00
p_vybqnpjdfb,Dark Heather Tempest Active Crew Neck T-Shirt,T-Shirts,0,0,0,2023-11-01 00:00:00
p_gzgm33n9cz,Dark Heather Tempest Short Sleeve Active Polo Shirt,Polos,0,0,0,2023-11-01 00:00:00
p_sph8dsebwy,Dark Oak Fleece French Terry Pullover Crew Neck Sweatshirt,Sweatshirt,0,0,0,2023-11-01 00:00:00
p_zpj5m6rzbh,Dark Oak Fleece French Terry Pullover Hoodie,Hoodie,0,0,0,2023-11-01 00:00:00
p_bvsv82u2jt,Dark Oak Fleece French Terry Zip Hoodie,Hoodie,0,0,0,2023-11-01 00:00:00
p_xdyn8gxhhe,Dark Oak Long Sleeve Waffle Crew,Sweatshirt,0,0,0,2023-11-01 00:00:00
p_hvyht2dd2v,Dark Oak Slim Twill Chino Pant,Pants,0,0,0,2023-11-01 00:00:00
p_9mtccasba9,Dark Oak Waffle Hoodie,Hoodie,0,0,0,2023-11-01 00:00:00
p_2wxxfw7mca,Dark Olive Fleece Shacket,Shirt Jackets,0,0,0,2023-11-01 00:00:00
p_b3ppfm2vay,Dark Olive Long Sleeve Waffle Crew,Shirt,0,0,0,2023-11-01 00:00:00
p_a6yxedr8jx,Dark Purple Short Sleeve V-Neck T-Shirt ,T-Shirts,0,0,0,2023-11-01 00:00:00
p_zwwudtzed5,Deep Sea Blue Heather Active Hoodie,Hoodie,0,0,0,2023-11-01 00:00:00
p_9y7p8njxta,Deep Sea Blue Heather Active Long Sleeve Crew T-Shirt,T-Shirts,0,0,0,2023-11-01 00:00:00
p_wht3v5efkm,Deep Sea Blue Long Sleeve Waffle Crew,T-Shirts,0,0,0,2023-11-01 00:00:00
p_z7xekuufwm,Ecru Do-It-All Comfort Long Sleeve Button Up Shirt,Button Down Shirts,0,0,0,2023-11-01 00:00:00
p_kvuhf7884a,Electric Blue Short Sleeve Polo Shirt,Polos,0,0,0,2023-11-01 00:00:00
p_ysyjzgmtu6,Evergreen Heather Active Hoodie,Hoodie,0,0,0,2023-11-01 00:00:00
p_shc7xvk932,Evergreen Heather Active Long Sleeve Crew Neck T-Shirt,T-Shirts,0,0,0,2023-11-01 00:00:00
p_2d43kb3hj3,Evergreen Heather Long Sleeve Waffle Crew,Sweatshirt,0,0,0,2023-11-01 00:00:00
p_yszdpmgyju,Evergreen Sweater Scarf,Scarf,0,0,0,2023-11-01 00:00:00
p_ydptv6rbpw,Gradient Classic Polarized Sunglasses,Sunglasses,0,0,0,2023-11-01 00:00:00
p_3wdph5p4a5,Gunmetal Puffer Vest,Outerwear Vests,0,0,0,2023-11-01 00:00:00
p_2c7s8a7bmw,Heather Black Active Jogger,Sweatpants & Joggers,0,0,0,2023-11-01 00:00:00
p_dny6u2yy3n,Heather Burgundy Active Crew Neck T-Shirt,T-Shirts,0,0,0,2023-11-01 00:00:00
p_5a5sfcgqkq,Heather Burgundy Active Long Sleeve Crew Neck T-Shirt,T-Shirts,0,0,0,2023-11-01 00:00:00
p_ctw749pxad,Heather Burgundy Long Sleeve Crew Neck T-Shirt,T-Shirts,0,0,0,2023-11-01 00:00:00
p_pqwkc9p2hu,Heather Burgundy Short Sleeve Crew Neck T-Shirt,T-Shirts,0,0,0,2023-11-01 00:00:00
p_a2wcem7cms,Heather Burgundy Short Sleeve V-Neck T-Shirt,T-Shirts,0,0,0,2023-11-01 00:00:00
p_25hy766nzk,Heather Cayenne Short Sleeve Crew Neck T-Shirt,T-Shirts,0,0,0,2023-11-01 00:00:00
p_x7cgdhmyp3,Heather Navy Short Sleeve Polo Shirt,Polos,0,0,0,2023-11-01 00:00:00
p_2hkre8aznc,Military Green Tall Straight Hem Crew Neck T-Shirt,T-Shirts,0,0,0,2023-11-01 00:00:00
p_73kjt62een,Heather Cayenne Short Sleeve Polo Shirt,Polos,0,0,0,2023-11-01 00:00:00
p_dpgtwv5dut,Heather Cayenne Short Sleeve Tall Polo,Polos,0,0,0,2023-11-01 00:00:00
p_rpenkmstmg,Heather Centurion Active Crew Neck T-Shirt,T-Shirts,0,0,0,2023-11-01 00:00:00
p_kzqm93unyy,Heather Cocoa Active Crew Neck T-Shirt,T-Shirts,0,0,0,2023-11-01 00:00:00
p_rua2yj3jmt,Heather Dark Oak Crew Short Sleeve Neck T-Shirt,T-Shirts,0,0,0,2023-11-01 00:00:00
p_cve5gy56m8,Heather Dark Oak Short Sleeve V-Neck T-Shirt,T-Shirts,0,0,0,2023-11-01 00:00:00
p_cvrhss99ts,Heather Dark Orchid Short Sleeve V-Neck T-Shirt,Shirt,0,0,0,2023-11-01 00:00:00
p_y3r2ug2mpu,Heather Forest Active Crew Neck T-Shirt,T-Shirts,0,0,0,2023-11-01 00:00:00
p_h75hjs7973,Heather Forest Short Sleeve Active Polo Shirt,Polos,0,0,0,2023-11-01 00:00:00
p_x5pshyk4q9,Heather Graphite Short Sleeve Polo Shirt,Polos,0,0,0,2023-11-01 00:00:00
p_g4xkdswn5e,Heather Gray Active Comfort Short,Shorts,0,0,0,2023-11-01 00:00:00
p_9p8bns7rmp,Heather Gray Active Crew Socks 3-Pack,Socks,0,0,0,2023-11-01 00:00:00
p_bjecaeres5,Heather Gray Active Never Show Socks 3-Pack,Socks,0,0,0,2023-11-01 00:00:00
p_nw97q8x9x2,Heather Gray Ankle Socks 3-Pack,Socks,0,0,0,2023-11-01 00:00:00
p_n3jnq4u8q7,Heather Gray Crew Neck Sweater,Knit Sweaters,0,0,0,2023-11-01 00:00:00
p_gbh9ypmsjv,Heather Gray Do-It-All Comfort Long Sleeve Button Up Shirt,Button Down Shirts,0,0,0,2023-11-01 00:00:00
p_bz2jmxhgzb,Heather Gray Fleece French Terry Joggers,Sweatpants & Joggers,0,0,0,2023-11-01 00:00:00
p_dvj7aj4rxq,Heather Gray Fleece French Terry Pullover Crew Neck Sweatshirt,Sweatshirt,0,0,0,2023-11-01 00:00:00
p_ttdapkruav,Heather Gray Fleece French Terry Pullover Hoodie,Hoodie,0,0,0,2023-11-01 00:00:00
p_e3w27784ez,Heather Gray Long Sleeve Lightweight Flannel Shirt,Button Down Shirts,0,0,0,2023-11-01 00:00:00
p_7cvqeq727k,Heather Gray Long Sleeve Polo Shirt,Polos,0,0,0,2023-11-01 00:00:00
p_36tjt6cs8z,Heather Gray Pique Crew Sweater,Knit Sweaters,0,0,0,2023-11-01 00:00:00
p_mbdbf8ya5d,Heather Gray Sweater Long Sleeve Button Up Shirt,Button Down Shirts,0,0,0,2023-11-01 00:00:00
p_gzymf76rmw,Heather Navy Loungewear Jogger,Sweatpants & Joggers,0,0,0,2023-11-01 00:00:00
p_8nxyvmkrbc,Heather Navy Loungewear Pant,Pants,0,0,0,2023-11-01 00:00:00
p_yb98yp2sqv,Indigo Rinse Slim Authentic Stretch Jeans,Jeans,0,0,0,2023-11-01 00:00:00
p_juu2rq3qu8,Indigo Rinse Straight Authentic Stretch Jeans,Jeans,0,0,0,2023-11-01 00:00:00
p_jwjqtb338j,Khaki Comfort Chino Pants,Pants,0,0,0,2023-11-01 00:00:00
p_t83m3bqcj4,Khaki Commuter Pant,Pants,0,0,0,2023-11-01 00:00:00
p_spf5g5jf32,Khaki Slim Twill Chino,Pants,0,0,0,2023-11-01 00:00:00
p_jx3q5n329x,Khaki Straight Twill Chino,Pants,0,0,0,2023-11-01 00:00:00
p_rhugz6jch8,Light Indigo Wash Slim Authentic Stretch Jeans,Jeans,0,0,0,2023-11-01 00:00:00
p_katetzgtwe,Light Indigo Wash Straight Authentic Stretch Jeans,Jeans,0,0,0,2023-11-01 00:00:00
p_s57sjtnm4q,Meadow Straight Twill Chino,Pants,0,0,0,2023-11-01 00:00:00
p_d3c8r9bpvv,Medium Indigo Wash Slim Authentic Stretch Jeans,Jeans,0,0,0,2023-11-01 00:00:00
p_xgzt58skmg,Medium Indigo Wash Straight Authentic Stretch Jeans,Jeans,0,0,0,2023-11-01 00:00:00
p_egd9fym6xg,Navy Commuter Pant,Pants,0,0,0,2023-11-01 00:00:00
p_ymb5bq3vdv,Navy Fleece Shacket,Shirt Jackets,0,0,0,2023-11-01 00:00:00
p_accagka8uw,Reversible Dress Belt,Belt,0,0,0,2023-11-01 00:00:00
p_pjpnhtycns,Sandstone Commuter Pant,Pants,0,0,0,2023-11-01 00:00:00
p_dks9q92uqc,Heather Gray Tall Round Hem Crew Neck T-Shirt,T-Shirts,0,0,0,2023-11-01 00:00:00
p_udqn8s72v2,Navy Tall Round Hem Crew Neck T-Shirt,T-Shirts,0,0,0,2023-11-01 00:00:00
p_8y5vsf82td,Heather Emerald Short Sleeve Crew Neck T-Shirt,T-Shirts,0,0,0,2023-11-01 00:00:00
p_xqh3f9cwus,Heather Emerald Short Sleeve V-Neck T-Shirt,T-Shirts,0,0,0,2023-11-01 00:00:00
p_vst6extntp,Heather Gray Active Jogger,Sweatpants & Joggers,0,0,0,2023-11-01 00:00:00
p_75cz36rfz9,Heather Gray Sweater Hoodie,Hoodie,0,0,0,2023-11-01 00:00:00
p_6cj8gtxf2x,Heather Gray Tall Long Sleeve T-Shirt,Shirt,0,0,0,2023-11-01 00:00:00
p_34upddt2cp,Heather Gray Tall Straight Hem Crew Neck T-Shirt,T-Shirts,0,0,0,2023-11-01 00:00:00
p_behk4g2psv,Heather Gray Short Sleeve V-Neck T-Shirt,T-Shirts,0,0,0,2023-11-01 00:00:00
p_kgcgy98rwb,Heather Gray Waffle Hoodie,Hoodie,0,0,0,2023-11-01 00:00:00
p_6suxvjsvfc,Heather Indigo Tall Round Hem Crew Neck T-Shirt,T-Shirts,0,0,0,2023-11-01 00:00:00
p_jpmpa7s5yw,Heather Indigo Short Sleeve V-Neck T-Shirt,T-Shirts,0,0,0,2023-11-01 00:00:00
p_4pdddcg9t6,Heather Military Green Long Sleeve Crew T-Shirt,T-Shirts,0,0,0,2023-11-01 00:00:00
p_284qkebjr8,Heather Military Green Short Sleeve Polo Shirt,Polos,0,0,0,2023-11-01 00:00:00
p_tbp6wvu828,Heather Military Green Short Sleeve V-Neck T-Shirt,T-Shirts,0,0,0,2023-11-01 00:00:00
p_x8z28nbvwg,Heather Mist Short Sleeve Crew Neck T-Shirt,T-Shirts,0,0,0,2023-11-01 00:00:00
p_rejmm7td92,Heather Mist Short Sleeve V-Neck T-Shirt,T-Shirts,0,0,0,2023-11-01 00:00:00
p_6wj7x98tcn,Heather Navy Active Comfort Crew Sweatshirt,Sweatshirt,0,0,0,2023-11-01 00:00:00
p_mtqhyqahab,Heather Navy Active Comfort Pullover Hoodie,Hoodie,0,0,0,2023-11-01 00:00:00
p_bxnehsqcdv,Heather Navy Short Sleeve Active Polo Shirt,Polos,0,0,0,2023-11-01 00:00:00
p_7bmuq9q6qw,Heather Navy Long Sleeve Ripstop Commuter Shirt,Shirt,0,0,0,2023-11-01 00:00:00
p_g6dg3x3nta,Heather Navy Pique Crew Sweater,Knit Sweaters,0,0,0,2023-11-01 00:00:00
p_5gc6jyy4vw,Heather Navy Tall Round Hem Crew Neck T-Shirt,T-Shirts,0,0,0,2023-11-01 00:00:00
p_u4zzshtv4s,Heather Navy Short Sleeve V-Neck T-Shirt,Shirt,0,0,0,2023-11-01 00:00:00
p_7tce4kfut5,Heather Oatmeal Crew Neck Sweater,Knit Sweaters,0,0,0,2023-11-01 00:00:00
p_eyc8fnh7za,Heather Purple Short Sleeve Crew Neck T-Shirt,T-Shirts,0,0,0,2023-11-01 00:00:00
p_fzwwcz6x6s,Heather Sage Short Sleeve Crew Neck T-Shirt,T-Shirts,0,0,0,2023-11-01 00:00:00
p_xvg4py479t,Heather Sage V-Neck Short Sleeve T-Shirt,T-Shirts,0,0,0,2023-11-01 00:00:00
p_up97jdnnsw,Heather Sapphire Short Sleeve Crew Neck T-Shirt,T-Shirts,0,0,0,2023-11-01 00:00:00
p_84xru5kzx9,Heather Dusty Pink Short Sleeve Crew Neck T-Shirt,T-Shirts,0,0,0,2023-11-01 00:00:00
p_xrvchd55bc,Heather Military Green Short Sleeve Tall Crew,Screen Printed T-Shirts,0,0,0,2023-11-01 00:00:00
p_xqcme6qpqk,Heather Navy Active Comfort Full Zip Hoodie,Hoodie,0,0,0,2023-11-01 00:00:00
p_5f676x59tf,Long Sleeve Tee | Loungewear | Heather Navy,T-Shirts,0,0,0,2023-11-01 00:00:00
p_ztgcvk5gkn,Short Sleeve Tee | Loungewear | Heather Navy,T-Shirts,0,0,0,2023-11-01 00:00:00
p_spgwfvgehe,Heather Navy Sweater Long Sleeve Button Up Shirt,Button Down Shirts,0,0,0,2023-11-01 00:00:00
p_6mr5zpx479,Indigo Wash Straight Fit Comfort Jeans,Jeans,0,0,0,2023-11-01 00:00:00
p_5bvpjy99x9,Ivory Active Jacket,Jacket,0,0,0,2023-11-01 00:00:00
p_23ej4qec4x,Khaki Coaches Jacket,Jacket,0,0,0,2023-11-01 00:00:00
p_ukpa96wyhm,Light Gray Stretch Oxford Long Sleeve Button Up Shirt,Button Down Shirts,0,0,0,2023-11-01 00:00:00
p_mzcrkdhuvj,Light Heather Gray Tall Round Hem Crew Neck T-Shirt,T-Shirts,0,0,0,2023-11-01 00:00:00
p_f7jft6kfqg,Light Indigo Wash Long Sleeve Chambray Shirt,Shirt,0,0,0,2023-11-01 00:00:00
p_ae6rxxhgmc,Medium Indigo Wash Long Sleeve Chambray Shirt,Shirt,0,0,0,2023-11-01 00:00:00
p_4axmubbqfb,Medium Indigo Wash Slim Fit Comfort Jeans,Jeans,0,0,0,2023-11-01 00:00:00
p_6b6wk8uxa6,Military Green Comfort Chino Pants,Pants,0,0,0,2023-11-01 00:00:00
p_ewa8pkqm8u,Military Green Fleece French Terry Jogger,Sweatpants & Joggers,0,0,0,2023-11-01 00:00:00
p_9fu3j9tbue,Military Green Tall Round Hem Crew Neck T-Shirt,T-Shirts,0,0,0,2023-11-01 00:00:00
p_26dpvscejy,Navy Comfort Chino Pants,Pants,0,0,0,2023-11-01 00:00:00
p_gqs2hwpkjy,Navy Commuter Long Sleeve Button Up Shirt,Shirt,0,0,0,2023-11-01 00:00:00
p_e58dmnpc9e,Navy Fleece French Terry Jogger,Sweatpants & Joggers,0,0,0,2023-11-01 00:00:00
p_r3gbt3j2kw,Navy Long Sleeve Button Up Shirt,Shirt,0,0,0,2023-11-01 00:00:00
p_byy2kmxasx,Navy Long Sleeve Lightweight Flannel Shirt,Shirt,0,0,0,2023-11-01 00:00:00
p_dr2dsqwwjd,Navy Performance Lightweight Dress Shirt,Button Down Shirts,0,0,0,2023-11-01 00:00:00
p_2d9wqf9yrd,Navy Puffer Vest,Outerwear Vests,0,0,0,2023-11-01 00:00:00
p_m753ak35t9,Navy Stretch Oxford Long Sleeve Button Up Shirt,Shirt,0,0,0,2023-11-01 00:00:00
p_wzprzguypw,Sandstone Comfort Chino Pants,Pants,0,0,0,2023-11-01 00:00:00
p_fyejvaduhb,Stone Blue Active Jogger,Sweatpants & Joggers,0,0,0,2023-11-01 00:00:00
p_gv8hh5kma3,Stone Stretch Oxford Long Sleeve Button Up Shirt,Button Down Shirts,0,0,0,2023-11-01 00:00:00
p_9absn9mpzt,Suede Brown Comfort Chino Pant,Pants,0,0,0,2023-11-01 00:00:00
p_f3zjdpjr6y,White Active Ankle Socks 3-Pack,Socks,0,0,0,2023-11-01 00:00:00
p_vdzeqmc9rs,White Active Crew Socks 3-Pack,Socks,0,0,0,2023-11-01 00:00:00
p_u9kx69bqms,White Active Never Show Socks 3-Pack,Socks,0,0,0,2023-11-01 00:00:00
p_jybua995rp,White Long Sleeve Button Up Shirt,Button Down Shirts,0,0,0,2023-11-01 00:00:00
p_yabrk8yt6y,White Commuter Long Sleeve Button Up Shirt,Button Down Shirts,0,0,0,2023-11-01 00:00:00
p_jc3jqkdafw,White Commuter Short Sleeve Button Up,Button Down Shirts,0,0,0,2023-11-01 00:00:00
p_hvfwhakq9c,White Performance Lightweight Dress Shirt,Button Down Shirts,0,0,0,2023-11-01 00:00:00
p_btfq53bzn6,White Short Sleeve Active Polo Shirt,Polos,0,0,0,2023-11-01 00:00:00
p_p42j2ebh8r,White Short Sleeve Button Up Shirt,Shirt,0,0,0,2023-11-01 00:00:00
p_xug2xuwpqn,White Stretch Oxford Long Sleeve Button Up Shirt,Shirt,0,0,0,2023-11-01 00:00:00
p_2xrckgaktx,White Tall Round Hem Crew Neck T-Shirt,T-Shirts,0,0,0,2023-11-01 00:00:00
p_p29249kscd,White Waffle Hoodie,Hoodie,0,0,0,2023-11-01 00:00:00
p_395td7np9f,Heather Military Green Short Sleeve Tall Polo Shirt,Polos,0,0,0,2023-11-01 00:00:00
p_tmjb73g498,Heather Navy Short Sleeve Tall Polo Shirt,Polos,0,0,0,2023-11-01 00:00:00
p_p7dtyf9kd8,Heather Pale Blue Short Sleeve V-Neck T-Shirt,T-Shirts,0,0,0,2023-11-01 00:00:00
p_3fgxkpaxye,Heather Seafarer Short Sleeve Polo Shirt,Polos,0,0,0,2023-11-01 00:00:00
p_jre675wesy,Heather Seafarer Short Sleeve Tall Polo Shirt,Polos,0,0,0,2023-11-01 00:00:00
p_mqgpa9st88,Heather Sapphire Short Sleeve V-Neck T-Shirt,T-Shirts,0,0,0,2023-11-01 00:00:00
p_vaexg8brvb,Heather Navy Short Sleeve Tall Crew,T-Shirts,0,0,0,2023-11-01 00:00:00
p_dqknx7njuf,Heather Slate Green Short Sleeve Polo Shirt,Polos,0,0,0,2023-11-01 00:00:00
p_zscv6ea69y,Heather Voyager Short Sleeve Crew Neck T-Shirt,T-Shirts,0,0,0,2023-11-01 00:00:00
p_jzwpw7njj6,Heather Voyager Short Sleeve Polo Shirt,Polos,0,0,0,2023-11-01 00:00:00
p_6e9uas44v6,Heather Voyager Short Sleeve V-Neck T-Shirt,T-Shirts,0,0,0,2023-11-01 00:00:00
p_28xdw49sqx,Indigo Short Sleeve Crew Neck T-Shirt,T-Shirts,0,0,0,2023-11-01 00:00:00
p_79pyfxzssb,Indigo Short Sleeve V-Neck T-Shirt,T-Shirts,0,0,0,2023-11-01 00:00:00
p_cje82wcjgv,Iron Gray Active Crew Neck T-Shirt,T-Shirts,0,0,0,2023-11-01 00:00:00
p_42exp9424a,Light Heather Gray Active Crew Neck T-Shirt,T-Shirts,0,0,0,2023-11-01 00:00:00
p_8v2uvftad7,Light Heather Gray Short Sleeve Crew Neck T-Shirt,T-Shirts,0,0,0,2023-11-01 00:00:00
p_39k28x38p7,Light Heather Gray Short Sleeve Polo Shirt,Polos,0,0,0,2023-11-01 00:00:00
p_cgxstjpjhj,Light Khaki Short Sleeve Crew Neck T-Shirt,T-Shirts,0,0,0,2023-11-01 00:00:00
p_4rudftw6u6,Lilac Gray Short Sleeve V-Neck T-Shirt,T-Shirts,0,0,0,2023-11-01 00:00:00
p_zymrwj8fj9,Mahogany Short Sleeve Crew Neck T-Shirt,T-Shirts,0,0,0,2023-11-01 00:00:00
p_6b99p4bqsk,Mahogany Short Sleeve Polo Shirt,Polos,0,0,0,2023-11-01 00:00:00
p_tgudk6vxpb,Military Beige Short Sleeve V-Neck T-Shirt,T-Shirts,0,0,0,2023-11-01 00:00:00
p_cbxu2v3ntm,Military Green Short Sleeve Active Crew Neck T-Shirt,T-Shirts,0,0,0,2023-11-01 00:00:00
p_j9ak85wp57,Military Green Active Quick Dry Short with Liner,Shorts,0,0,0,2023-11-01 00:00:00
p_tfc9aqbuz4,Military Green Short Sleeve Crew Neck T-Shirt,T-Shirts,0,0,0,2023-11-01 00:00:00
p_ch6qn6a8en,Military Green Short Sleeve V-Neck T-Shirt,T-Shirts,0,0,0,2023-11-01 00:00:00
p_t4px9w63de,Navy Short Sleeve Crew Neck T-Shirt,T-Shirts,0,0,0,2023-11-01 00:00:00
p_cty4s4ehz9,Orange Short Sleeve V-Neck T-Shirt,T-Shirts,0,0,0,2023-11-01 00:00:00
p_wc3k5eupk3,Oxford Blue Short Sleeve V-Neck T-Shirt,T-Shirts,0,0,0,2023-11-01 00:00:00
p_zc2fube8nb,Periwinkle Blue Short Sleeve Polo Shirt,Polos,0,0,0,2023-11-01 00:00:00
p_hed6qt6arh,Raspberry Short Sleeve Polo Shirt,Polos,0,0,0,2023-11-01 00:00:00
p_uwx92gahmk,Mahogany Long Sleeve Henley,T-Shirts,0,0,0,2023-11-01 00:00:00
p_mdphbu2y54,Indigo Long Sleeve T-Shirt,T-Shirts,0,0,0,2023-11-01 00:00:00
p_vhh2e6dge7,Mellow Yellow Short Sleeve Crew Neck T-Shirt,T-Shirts,0,0,0,2023-11-01 00:00:00
p_w24fe8f3xz,Mellow Yellow Short Sleeve V-Neck T-Shirt,T-Shirts,0,0,0,2023-11-01 00:00:00
p_77barf9kfn,Mahogany Long Sleeve Waffle Crew,Sweatshirt,0,0,0,2023-11-01 00:00:00
p_624s29xq4x,Sweater Scarf | Black,Scarf,0,0,0,2023-11-01 00:00:00
p_c4xj5zhjn2,Heather Navy Sweater Button Up Shirt,Button Down Shirts,0,0,0,2023-11-01 00:00:00
p_qek9etj5vj,Heather Voyager Short Sleeve Crew Neck T-Shirt,Shirt,0,0,0,2023-11-01 00:00:00
p_u9qz9yabud,Indigo Wash Slim Fit Comfort Jeans,Jeans,0,0,0,2023-11-01 00:00:00
p_h5b94d3deu,Centurion Short Sleeve Sweater Polo,Polos,0,0,0,2023-11-01 00:00:00
p_erspmns4ce,Heather Seafarer Short Sleeve V-Neck Neck T-Shirt,Shirt,0,0,0,2023-11-01 00:00:00
p_q4h28hmd8q,Never Show Socks | Active | 3-Pack | Black,Socks,0,0,0,2023-11-01 00:00:00
p_aj2ry7xdv9,"Chino Shorts | Comfort | 7"" | Rosewood",Shorts,0,0,0,2023-11-01 00:00:00
p_9y7cp9jumm,"Shorts | Classic Twill | 9"" | Sandstone",Shorts,0,0,0,2023-11-01 00:00:00
p_3pskc4cwbp,"Shorts | Classic Twill | 9"" Khaki",Shorts,0,0,0,2023-11-01 00:00:00
p_6bn53rdnz2,"Shorts | Classic Twill | 9"" | Navy",Shorts,0,0,0,2023-11-01 00:00:00
p_h4877neu4n,Sandstone Commuter Short,Shorts,0,0,0,2023-11-01 00:00:00
p_xsbj94sm6q,Heather Gray Fleece French Terry Short,Shorts,0,0,0,2023-11-01 00:00:00
p_jqam2z9s7w,"Chino Shorts | Comfort | 9"" | Ivory",Shorts,0,0,0,2023-11-01 00:00:00
p_kvcynwabcy,"Chino Shorts | Comfort | 9"" | Sandstone",Shorts,0,0,0,2023-11-01 00:00:00
p_7y7ms9wtr4,Shorts | Active Comfort | Black,Shorts,0,0,0,2023-11-01 00:00:00
p_r5du83g9df,Shorts | Active | Quick Dry with Liner | Black,Swim Shorts,0,0,0,2023-11-01 00:00:00
p_7pvp4dcq5n,Carbon Active Quick Dry Short with Liner,Swim Shorts,0,0,0,2023-11-01 00:00:00
p_gmhetj6qvj,Long Sleeve Button Up Shirt | Stretch Oxford | Banker Blue,Button Down Shirts,0,0,0,2023-11-01 00:00:00
p_8q3s9r6qwu,Hoodie | Active Comfort | Full Zip | Black,Hoodie,0,0,0,2023-11-01 00:00:00
p_fc9era585c,Jacket | Active | Black,Athletic Jackets,0,0,0,2023-11-01 00:00:00
p_m26ckp2n6s,Black Tall Round Hem Crew Neck T-Shirt,T-Shirts,0,0,0,2023-11-01 00:00:00
p_cfg5xu3gvw,Dark Olive Short Sleeve Crew Neck T-Shirt,T-Shirts,0,0,0,2023-11-01 00:00:00
p_yhput7au44,Dark Olive Long Sleeve Henley,T-Shirts,0,0,0,2023-11-01 00:00:00
p_ez9ax3esv6,Emerald Long Sleeve Crew Neck T-Shirt,T-Shirts,0,0,0,2023-11-01 00:00:00
p_8vx6ygsmsd,Heather Gray Hooded Long Sleeve T-Shirt,Hoodie,0,0,0,2023-11-01 00:00:00
p_23ubcbvz89,Heather Gray Never Show Socks 3-Pack,Socks,0,0,0,2023-11-01 00:00:00
p_pz6x448p9t,Heather Gray Short Sleeve Sweater Polo Shirt,Knit Tops,0,0,0,2023-11-01 00:00:00
p_jg78h55jmw,Heather Gray Sweater Beanie,Beanie,0,0,0,2023-11-01 00:00:00
p_w7ysprckp8,Heather Navy Active Comfort Straight Leg Pant,Sweatpants & Joggers,0,0,0,2023-11-01 00:00:00
p_8nnyqj3ewe,Heather Emerald Tall Round Hem Crew Neck T-Shirt,T-Shirts,0,0,0,2023-11-01 00:00:00
p_ttezb89gxf,Heather Mauve Short Sleeve Crew Neck T-Shirt,T-Shirts,0,0,0,2023-11-01 00:00:00
p_qtjb9pcnn3,Heather Navy Active Shell Jacket,Jacket,0,0,0,2023-11-01 00:00:00
p_f92h3kv2cv,Heather Pale Blue Short Sleeve Crew Neck T-Shirt,T-Shirts,0,0,0,2023-11-01 00:00:00
p_vjgaj8nyrd,Heather Gray Sweater Scarf,Scarf,0,0,0,2023-11-01 00:00:00
p_dy7mjs4bpm,Sleeveless Muscle Tee | Active | Light Heather Gray,Tank Top,0,0,0,2023-11-01 00:00:00
p_6sdgsje2m3,Mahogany Fleece French Terry Jogger,Sweatpants & Joggers,0,0,0,2023-11-01 00:00:00
p_xfct3t2vkk,Mahogany Waffle Hoodie,Hoodie,0,0,0,2023-11-01 00:00:00
p_wtnvenruq9,Medium indigo Wash Straight Fit Comfort Jeans,Jeans,0,0,0,2023-11-01 00:00:00
p_v8pfb5wryd,Military Green Waffle Hoodie,Hoodie,0,0,0,2023-11-01 00:00:00
p_x525p5gyt4,Moss Short Sleeve Sweater Polo Shirt,T-Shirts,0,0,0,2023-11-01 00:00:00
p_t58yx24wsb,Navy Hooded Long Sleeve T-Shirt,Sweatshirt,0,0,0,2023-11-01 00:00:00
p_msfd479sz8,Navy Short Sleeve Button Up Shirt,Shirt,0,0,0,2023-11-01 00:00:00
p_mau5qbhasg,Navy Short Sleeve Sweater Polo Shirt,Knit Sweaters,0,0,0,2023-11-01 00:00:00
p_kccxqadagn,Navy Waffle Hoodie,Hoodie,0,0,0,2023-11-01 00:00:00
p_dbg2vhd8gn,Navy Waffle Long Sleeve Crew Neck,Sweatshirt,0,0,0,2023-11-01 00:00:00
p_7kzk6kwsxk,Oatmeal Sweater Hoodie,Hoodie,0,0,0,2023-11-01 00:00:00
p_xhubfpt2bh,Olive Long Sleeve Ripstop Commuter Shirt,Shirt,0,0,0,2023-11-01 00:00:00
p_29wrd4wkfa,Pale Blue Button Up Shirt,Button Down Shirts,0,0,0,2023-11-01 00:00:00
p_u2rhgedcvp,White Long Sleeve Polo Shirt,Polos,0,0,0,2023-11-01 00:00:00
p_5e7t6v6gv8,Heather Sapphire Short Sleeve V-Neck T-Shirt,T-Shirts,0,0,0,2023-11-01 00:00:00
p_wctjf5cy38,Heather Seafarer Short Sleeve Crew Neck T-Shirt,T-Shirts,0,0,0,2023-11-01 00:00:00
p_dxzcer2fk8,Heather Slate Green Short Sleeve Crew Neck T-Shirt,T-Shirts,0,0,0,2023-11-01 00:00:00
p_dbcpnaxxzz,Navy Boxer Briefs 3-Pack,Underwear,0,0,0,2023-11-01 00:00:00
p_4juc2hdg85,Navy Tall Straight Hem Crew Neck T-Shirt,T-Shirts,0,0,0,2023-11-01 00:00:00
p_drc7rrjfsv,Mahogany Long Sleeve T-Shirt,Shirt,0,0,0,2023-11-01 00:00:00
p_rpcku7uhxu,Mahogany Short Sleeve V-Neck T-Shirt,T-Shirts,0,0,0,2023-11-01 00:00:00
p_jj6vbqjbcj,Navy Boxer Trunks 3-Pack,Underwear,0,0,0,2023-11-01 00:00:00
p_zm5cpgbxrk,Sapphire Short Sleeve Crew Neck T-Shirt,T-Shirts,0,0,0,2023-11-01 00:00:00
p_npv4nzv5x2,Sapphire Short Sleeve Polo Shirt,Polos,0,0,0,2023-11-01 00:00:00
p_ps2ys9u9da,Short Sleeve T-Shirt | Crew Neck | Steel,T-Shirts,0,0,0,2023-11-01 00:00:00
p_wue6hk6hmr,Short Sleeve T-Shirt | V-Neck | Steel,T-Shirts,0,0,0,2023-11-01 00:00:00
p_avsdr3kjaw,Military Green Boxer Briefs 3-Pack,Underwear,0,0,0,2023-11-01 00:00:00
p_9xxg4dd5wv,Navy Tall Long Sleeve T-Shirt,Shirt,0,0,0,2023-11-01 00:00:00
p_4qvba3a9f7,Off White Short Sleeve Crew Neck T-Shirt,T-Shirts,0,0,0,2023-11-01 00:00:00
p_rh632vzkvf,Raspberry Short Sleeve Crew Neck T-Shirt,T-Shirts,0,0,0,2023-11-01 00:00:00
p_jgnjyyepyv,White Short Sleeve Crew Neck T-Shirt,T-Shirts,0,0,0,2023-11-01 00:00:00
p_2nzpxxx9qd,White Tall Long Sleeve T-Shirt,T-Shirts,0,0,0,2023-11-01 00:00:00
p_fsr8s5rfne,Navy Tall Active Crew Neck,T-Shirts,0,0,0,2023-11-01 00:00:00
p_xzhwz3h8uh,Heather Light Khaki Crew Neck,Sweatshirt,0,0,0,2023-11-01 00:00:00
p_g2f7b4qvq8,Kelly Green Short Sleeve Crew Neck T-Shirt,T-Shirts,0,0,0,2023-11-01 00:00:00
p_jdmt24d7hn,Pale Blue Short Sleeve Crew Neck T-Shirt,T-Shirts,0,0,0,2023-11-01 00:00:00
p_xx645fy2er,Pink Opal Short Sleeve Crew Neck T-Shirt,T-Shirts,0,0,0,2023-11-01 00:00:00
p_m9zcd62yqy,Sandstone Short Sleeve Crew Neck T-Shirt,T-Shirts,0,0,0,2023-11-01 00:00:00
p_4m97kku3wq,Tan 499 Short Sleeve Crew Neck T-Shirt,T-Shirts,0,0,0,2023-11-01 00:00:00
p_6q2v79acx5,Light Blue Short Sleeve V-Neck T-Shirt,T-Shirts,0,0,0,2023-11-01 00:00:00
p_ce7amvu2k2,Light Heather Short Sleeve Gray V-Neck T-Shirt,T-Shirts,0,0,0,2023-11-01 00:00:00
p_ar4zzgjk5p,Periwinkle Blue Short Sleeve Crew Neck T-Shirt,T-Shirts,0,0,0,2023-11-01 00:00:00
p_e34ttzx6kf,True Red Short Sleeve Crew Neck T-Shirt,T-Shirts,0,0,0,2023-11-01 00:00:00
p_qsrzg2ce35,Turquoise Short Sleeve Crew Neck T-Shirt,T-Shirts,0,0,0,2023-11-01 00:00:00
p_bg7f7edphc,Stone Blue Active Comfort Short,Shorts,0,0,0,2023-11-01 00:00:00
p_ka34xhhhr8,Indigo Boxer Briefs 3-Pack,Underwear,0,0,0,2023-11-01 00:00:00
p_axzk47pvme,Teal Boxer Briefs 3-Pack,Underwear,0,0,0,2023-11-01 00:00:00
p_cnrb9yncvy,White Half Crew Sock 3-Pack,Socks,0,0,0,2023-11-01 00:00:00
p_pkqtyg3hqm,White Never Show Socks 3-Pack,Socks,0,0,0,2023-11-01 00:00:00
p_8q6fwp8wgq,Yellow Short Sleeve Polo Shirt,Polos,0,0,0,2023-11-01 00:00:00
p_8497zwuxp3,Mahogany Fleece French Terry Pullover Crew Sweatshirt,Sweatshirt,0,0,0,2023-11-01 00:00:00
p_dcqnnrpypu,Long Sleeve Tee And Jogger Set | Loungewear | Charcoal Heather Gray,Sweatshirt,0,0,0,2023-11-01 00:00:00
p_cc9s42vn4x,Short Sleeve Tee And Pant Set | Loungewear | Charcoal Heather Gray,Sweatpants & Joggers,0,0,0,2023-11-01 00:00:00
p_zwuqmdbfnt,Charcoal Heather Gray Short Sleeve Tall Active Crew Neck,T-Shirts,0,0,0,2023-11-01 00:00:00
p_un65wg283k,Long Sleeve Tee And Jogger Set | Loungewear | Heather Navy,Sweatshirt,0,0,0,2023-11-01 00:00:00
p_pqxd5rn6d9,Short Sleeve Tee And Pant Set | Loungewear | Heather Navy,Lounge Sweatpants & Joggers,0,0,0,2023-11-01 00:00:00
p_pznn6yemfk,Heather Navy Quarter Zip Performance Shirt,Athletic Tops,0,0,0,2023-11-01 00:00:00
p_f8nexh4476,Heather Navy Short Sleeve Tall Active Crew Neck,T-Shirts,0,0,0,2023-11-01 00:00:00
p_v4vw7cyjx6,White Short Sleeve Tall Active Crew Neck,T-Shirts,0,0,0,2023-11-01 00:00:00
p_fbcq86jv23,Heather Dusty Pink Short Sleeve V-Neck T-Shirt,T-Shirts,0,0,0,2023-11-01 00:00:00
p_d47n8u8fab,Black Long Sleeve Henley,Shirt,0,0,0,2023-11-01 00:00:00
p_7ekanr458k,Heather Burgundy Active Crew Neck T-Shirt,Shirt,0,0,0,2023-11-01 00:00:00
p_adhb2jnwk7,Military Green Tall Straight Hem Crew Neck T-Shirt,T-Shirts,0,0,0,2023-11-01 00:00:00
p_4xegh3d2dq,White Short Sleeve Active Polo Shirt,Polos,0,0,0,2023-11-01 00:00:00
p_jgj485u9gx,Heather Gray Hooded Long Sleeve T-Shirt,Hoodie,0,0,0,2023-11-01 00:00:00
p_5uvd4uv28m,Mahogany Waffle Hoodie,Hoodie,0,0,0,2023-11-01 00:00:00
p_qh5ucmcku5,Military Green Waffle Hoodie,Hoodie,0,0,0,2023-11-01 00:00:00
p_wrcbv4f2uu,Navy Hooded Long Sleeve T-Shirt,Sweatshirt,0,0,0,2023-11-01 00:00:00
p_3rcm54jqbs,Navy Waffle Hoodie,Hoodie,0,0,0,2023-11-01 00:00:00
p_vjd833ph3z,White Waffle Hoodie,Hoodie,0,0,0,2023-11-01 00:00:00
p_5uapency29,Navy Waffle Long Sleeve Crew Neck,Sweatshirt,0,0,0,2023-11-01 00:00:00
p_4ssfur9upr,Pale Blue Button Up Shirt,Button Down Shirts,0,0,0,2023-11-01 00:00:00
p_u9t2zm725p,Short Sleeve Active Polo Shirt | Black,Polos,0,0,0,2023-11-01 00:00:00
p_mnk33hmpwg,White Short Sleeve Active Polo,Polos,0,0,0,2023-11-01 00:00:00
p_ch7bwuavhv,Heather Gray Sweater Scarf,Scarf,0,0,0,2023-11-01 00:00:00
p_5crt48k7v7,Navy Short Sleeve Button Up Shirt,Shirt,0,0,0,2023-11-01 00:00:00
p_r6t642amsw,White Short Sleeve Button Up Shirt,Shirt,0,0,0,2023-11-01 00:00:00
p_pzx9wvv4qb,Heather Mauve Short Sleeve Crew Neck T-Shirt,T-Shirts,0,0,0,2023-11-01 00:00:00
p_tvdv27amhe,Heather Navy Active Comfort Straight Leg Pant,Sweatpants & Joggers,0,0,0,2023-11-01 00:00:00
p_2rhbv3znrg,Heather Navy Active Shell Jacket,Jacket,0,0,0,2023-11-01 00:00:00
p_ne28r8hbv2,Heather Seafarer Short Sleeve Crew Neck T-Shirt,T-Shirts,0,0,0,2023-11-01 00:00:00
p_yxq99tj7cv,Heather Slate Green Short Sleeve Crew Neck T-Shirt,Shirt,0,0,0,2023-11-01 00:00:00
p_2mwcc7hpkx,Light Heather Gray Sleeveless Active Muscle Tee,Tank Top,0,0,0,2023-11-01 00:00:00
p_cyyubbh7u4,Mahogany Fleece French Terry Jogger,Sweatpants & Joggers,0,0,0,2023-11-01 00:00:00
p_fqsqmarq3k,Mahogany Long Sleeve T-Shirt,Shirt,0,0,0,2023-11-01 00:00:00
p_r6f5ekuzmt,Mahogany V-Neck T-Shirt,Shirt,0,0,0,2023-11-01 00:00:00
p_zm7a3rkwma,Navy Tall Straight Hem Crew Neck T-Shirt,T-Shirts,0,0,0,2023-11-01 00:00:00
p_qktubda8xw,Heather Sapphire Short Sleeve V-Neck T-Shirt,T-Shirts,0,0,0,2023-11-01 00:00:00
p_bpux6v6hy3,Moss Short Sleeve Sweater Polo Shirt,T-Shirts,0,0,0,2023-11-01 00:00:00
p_x53atty9z2,Steel Short Sleeve V-Neck T-Shirt,T-Shirts,0,0,0,2023-11-01 00:00:00
p_55tcz9qg6f,Black Boxer Briefs 3-Pack,Underwear,0,0,0,2023-11-01 00:00:00
p_3t9x6drd9q,Never Show Socks | 3-Pack | Black,Socks,0,0,0,2023-11-01 00:00:00
p_9u87cuwg9k,Carbon Boxer Briefs 3-Pack,Underwear,0,0,0,2023-11-01 00:00:00
p_wuqcj8q3tb,Heather Gray Never Show Socks 3-Pack,Socks,0,0,0,2023-11-01 00:00:00
p_hj4kerceu3,Heather Gray Sweater Beanie,Beanie,0,0,0,2023-11-01 00:00:00
p_zkfhub8juv,Indigo Boxer Briefs 3-Pack,Underwear,0,0,0,2023-11-01 00:00:00
p_gky7ujn5kk,Military Green Boxer Briefs 3-Pack,Underwear,0,0,0,2023-11-01 00:00:00
p_hcstkqf7xs,Navy Boxer Briefs 3-Pack,Underwear,0,0,0,2023-11-01 00:00:00
p_vvxrx4e62u,Navy Boxer Trunks 3-Pack,Underwear,0,0,0,2023-11-01 00:00:00
p_ebtxk5mjkc,Teal Boxer Briefs 3-Pack,Underwear,0,0,0,2023-11-01 00:00:00
p_n52bwwvypc,White Active Crew Socks 3-Pack,Socks,0,0,0,2023-11-01 00:00:00
p_ngty2gftav,White Active Never Show Socks 3-Pack,Socks,0,0,0,2023-11-01 00:00:00
p_kdjpvxj7fs,White Half Crew Sock 3-Pack,Socks,0,0,0,2023-11-01 00:00:00
p_yefeaupknw,White Never Show Socks 3-Pack,Socks,0,0,0,2023-11-01 00:00:00
p_39acmqrp48,White Never Show Socks 3-Pack,Socks,0,0,0,2023-11-01 00:00:00
p_ntuxn2s2c5,Yellow Polo,Polos,0,0,0,2023-11-01 00:00:00
p_d53wqyy6nw,Oatmeal Sweater Hoodie,Hoodie,0,0,0,2023-11-01 00:00:00
p_xqd85rvpxs,Black Puffer Jacket,Puffer Jackets,0,0,0,2023-11-01 00:00:00
p_cad333s5q5,Heather Burgundy Active Long Sleeve Crew Neck,Sweatshirt,0,0,0,2023-11-01 00:00:00
p_heevyaqhce,"9"" Sandstone Classic Twill Shorts",Shorts,0,0,0,2023-11-01 00:00:00
p_yptjy3dzdz,"Shorts | Classic Twill | 7"" | Navy",Shorts,0,0,0,2023-11-01 00:00:00
p_v7wa7rn4tb,"Shorts | Classic Twill | 9"" | Khaki",Shorts,0,0,0,2023-11-01 00:00:00
p_x53vukk5e9,"Shorts | Classic Twill | 9"" | Meadow",Shorts,0,0,0,2023-11-01 00:00:00
p_yacuttmhrh,"9"" Navy Classic Twill Shorts",Shorts,0,0,0,2023-11-01 00:00:00
p_2432p8f6a5,"Shorts | Active Training | 7"" | Navy",Shorts,0,0,0,2023-11-01 00:00:00
p_64vbv6tpdm,Heather Gray Fleece French Terry Shorts,Shorts,0,0,0,2023-11-01 00:00:00
p_bmga62pefz,"9"" Sandstone Comfort Chino Shorts",Shorts,0,0,0,2023-11-01 00:00:00
p_b9pagk3ugb,Shorts | Active Comfort | Black,Shorts,0,0,0,2023-11-01 00:00:00
p_yn26dfj46r,Dark Heather Burgundy Active Comfort Short,Swim Shorts,0,0,0,2023-11-01 00:00:00
p_pe2azubxe8,Dark Heather Indigo Active Comfort Short,Shorts,0,0,0,2023-11-01 00:00:00
p_p58c6d9vvb,Dark Heather Military Green Active Comfort Short,Shorts,0,0,0,2023-11-01 00:00:00
p_6uh7rmkygu,Black Active Quick Dry Short with Liner,Swim Shorts,0,0,0,2023-11-01 00:00:00
p_wdbckwxtef,Carbon Active Quick Dry Short with Liner,Swim Shorts,0,0,0,2023-11-01 00:00:00
p_use9g4kaed,Black Active Never Show Socks 3-Pack,Socks,0,0,0,2023-11-01 00:00:00
p_85umjtnpsy,Sweater Scarf | Black,Scarf,0,0,0,2023-11-01 00:00:00
p_atrr9sdp25,Charcoal Heather Gray Short Sleeve Tall Polo Shirt,Polos,0,0,0,2023-11-01 00:00:00
p_9h2qsu97ew,Dark Heather Navy Active Comfort Short,Shorts,0,0,0,2023-11-01 00:00:00
p_znadcksnfx,Reversible Casual Belt,Belt,0,0,0,2023-11-01 00:00:00
p_rbz7y8npg6,Indigo Wash Slim Fit Comfort Jeans,Jeans,0,0,0,2023-11-01 00:00:00
p_p54vvkv29d,Light Heather Gray Quarter Zip Performance Shirt,Athletic Tops,0,0,0,2023-11-01 00:00:00
p_rujp4wvbzv,Mahogany Long Sleeve Waffle Crew,Sweatshirt,0,0,0,2023-11-01 00:00:00
p_vsyjxxtp4a,Navy Short Sleeve Active Polo Shirt,Polos,0,0,0,2023-11-01 00:00:00
p_tfhcx4fbf5,Heather Gray Never Show Socks 3-Pack,Socks,0,0,0,2023-11-01 00:00:00
p_ggkq2n25rk,Carbon Waffle Hoodie,Hoodie,0,0,0,2023-11-01 00:00:00
p_fsar8whm4b,Dark Oak Waffle Hoodie,Hoodie,0,0,0,2023-11-01 00:00:00
p_nqbh5bzsfh,Heather Gray Long Sleeve Polo,Polos,0,0,0,2023-11-01 00:00:00
p_ter2rcscz6,Heather Gray Waffle Hoodie,Hoodie,0,0,0,2023-11-01 00:00:00
p_5z9rynrdat,Dark Oak Long Sleeve Waffle Crew,Sweatshirt,0,0,0,2023-11-01 00:00:00
p_ap2c64hjnc,Dark Olive Long Sleeve Waffle Crew,Shirt,0,0,0,2023-11-01 00:00:00
p_zwzpj7gynb,Deep Sea Blue Long Sleeve Waffle Crew,T-Shirts,0,0,0,2023-11-01 00:00:00
p_ejzn2bhevc,Evergreen Heather Long Sleeve Waffle Crew,Sweatshirt,0,0,0,2023-11-01 00:00:00
p_456rdfdknv,Navy Long Sleeve Button Up Shirt,Shirt,0,0,0,2023-11-01 00:00:00
p_9ueremsrcn,Heather Navy Short Sleeve Loungewear Tee,T-Shirts,0,0,0,2023-11-01 00:00:00
p_pxj9zkmurj,Charcoal Heather Active Comfort Pullover Hoodie,Hoodie,0,0,0,2023-11-01 00:00:00
p_ab6dzqm4qc,Charcoal Heather Gray Fleece French Terry Jogger,Sweatpants & Joggers,0,0,0,2023-11-01 00:00:00
p_r7g7s9ued2,Dark Olive Fleece Shacket,Jacket,0,0,0,2023-11-01 00:00:00
p_pevetyjchy,Heather Dark Oak V-Neck T-Shirt,Screen Printed T-Shirts,0,0,0,2023-11-01 00:00:00
p_7bmm7jjbng,Heather Gray Long Sleeve Lightweight Flannel Shirt,Button Down Shirts,0,0,0,2023-11-01 00:00:00
p_jdy7juawjw,Heather Gray Pique Crew Sweater,Knit Sweaters,0,0,0,2023-11-01 00:00:00
p_hdbwf4s669,Heather Gray Tall Straight Hem Crew Neck T-Shirt,T-Shirts,0,0,0,2023-11-01 00:00:00
p_zsnvka2svc,Heather Mist Short Sleeve Crew Neck T-Shirt,T-Shirts,0,0,0,2023-11-01 00:00:00
p_h4edseg6hf,Heather Navy Active Comfort Pullover Hoodie,Hoodie,0,0,0,2023-11-01 00:00:00
p_n6kve3ddkw,Heather Navy Long Sleeve Ripstop Commuter Shirt,Shirt,0,0,0,2023-11-01 00:00:00
p_h8jucbuvcu,Heather Navy Pique Crew Sweater,Knit Sweaters,0,0,0,2023-11-01 00:00:00
p_sxcevd7ww2,Heather Oatmeal Crew Neck Sweater,Knit Sweaters,0,0,0,2023-11-01 00:00:00
p_ex8zw8z5dh,Heather Sapphire Short Sleeve Crew Neck T-Shirt,T-Shirts,0,0,0,2023-11-01 00:00:00
p_fdgw8vn8mw,Indigo Wash Straight Fit Comfort Jeans,Jeans,0,0,0,2023-11-01 00:00:00
p_gkhuhrbvc5,Light Indigo Wash Long Sleeve Chambray Shirt,Shirt,0,0,0,2023-11-01 00:00:00
p_5ez35speq8,Medium Indigo Wash Long Sleeve Chambray Shirt,Shirt,0,0,0,2023-11-01 00:00:00
p_36tbyhq9p3,Navy Fleece Shacket,Shirt Jackets,0,0,0,2023-11-01 00:00:00
p_grdphsazq4,Reversible Dress Belt,Belt,0,0,0,2023-11-01 00:00:00
p_qj9xh26ctj,Sapphire Short Sleeve Crew Neck T-Shirt,Screen Printed T-Shirts,0,0,0,2023-11-01 00:00:00
p_7nraatq97j,Steel Short Sleeve Crew Neck T-Shirt,T-Shirts,0,0,0,2023-11-01 00:00:00
p_37z5p8b2wz,Heather Dark Orchid Short Sleeve Vee Neck T-Shirt,Shirt,0,0,0,2023-11-01 00:00:00
p_rr9yu69cdx,Heather Mist Short Sleeve Vee Neck T-Shirt,T-Shirts,0,0,0,2023-11-01 00:00:00
p_7fgbszq45t,Heather Voyager Short Sleeve Vee Neck T-Shirt,T-Shirts,0,0,0,2023-11-01 00:00:00
p_aj728cj6p2,Reversible Casual Belt,Belt,0,0,0,2023-11-01 00:00:00
p_wkggwhgxue,Navy Long Sleeve Lightweight Flannel Shirt,Shirt,0,0,0,2023-11-01 00:00:00
p_8fx2h79sez,Black Slippers,Slippers,0,0,0,2023-11-01 00:00:00
p_cguvv472kt,Heather Navy Loungewear Pant,Pants,0,0,0,2023-11-01 00:00:00
p_e6aypq2yyn,Charcoal Heather Active Comfort Full Zip Hoodie,Hoodie,0,0,0,2023-11-01 00:00:00
p_zg2kz56sep,Khaki Coaches Jacket,Jacket,0,0,0,2023-11-01 00:00:00
p_v6xzqb4euh,Electric Blue Polo,Polos,0,0,0,2023-11-01 00:00:00
p_kyjxexravk,Heather Gray Active Crew Socks 3-Pack,Socks,0,0,0,2023-11-01 00:00:00
p_v4pawc4ufa,Heather Gray Ankle Socks 3-Pack,Socks,0,0,0,2023-11-01 00:00:00
p_r3b5cqykd8,Heather Gray Never Show Socks 3-Pack,Socks,0,0,0,2023-11-01 00:00:00
p_xsa4epqty5,Mahogany Polo,Polos,0,0,0,2023-11-01 00:00:00
p_perj37fvaa,Periwinkle Blue Polo,Polos,0,0,0,2023-11-01 00:00:00
p_ump27mtkuq,Raspberry Polo,Polos,0,0,0,2023-11-01 00:00:00
p_szsv98dxsn,White Active Ankle Socks 3-Pack,Socks,0,0,0,2023-11-01 00:00:00
p_yvahsdbd7s,Heather Seafarer Short Sleeve Polo,Polos,0,0,0,2023-11-01 00:00:00
p_njb9h744v3,Indigo Rinse Straight Authentic Stretch Jeans,Jeans,0,0,0,2023-11-01 00:00:00
p_nyn3pcwdu8,Light Indigo Wash Slim Authentic Stretch Jeans,Jeans,0,0,0,2023-11-01 00:00:00
p_9f3wn27yj9,Indigo Rinse Slim Authentic Stretch Jeans,Jeans,0,0,0,2023-11-01 00:00:00
p_3dxryrdx2k,Medium Indigo Wash Slim Authentic Stretch Jeans,Jeans,0,0,0,2023-11-01 00:00:00
p_75westm75x,Light Indigo Wash Straight Authentic Stretch Jeans,Jeans,0,0,0,2023-11-01 00:00:00
p_7sfgw9sa4n,Medium Indigo Wash Straight Authentic Stretch Jeans,Jeans,0,0,0,2023-11-01 00:00:00
p_sy5ta2zsks,Heather Cayenne Short Sleeve Crew Neck T-Shirt,Shirt,0,0,0,2023-11-01 00:00:00
p_qcke957864,"Chino Shorts | Comfort | 7"" | Military Green",Shorts,0,0,0,2023-11-01 00:00:00
p_uy62gqzk94,"Shorts | Comfort Chino | 7"" | Sapphire",Shorts,0,0,0,2023-11-01 00:00:00
p_svgga79dfc,"Chino Shorts | Comfort | 7"" | Slate Green",Shorts,0,0,0,2023-11-01 00:00:00
p_n2cq64ucyu,"9"" Sapphire Comfort Chino Short",Shorts,0,0,0,2023-11-01 00:00:00
p_hubt8gp9tb,"9"" Slate Green Comfort Chino Short",Shorts,0,0,0,2023-11-01 00:00:00
p_vahhav9rn7,"Shorts | Classic Twill | 9"" | Black",Shorts,0,0,0,2023-11-01 00:00:00
p_jxeh4td3j3,"Shorts | 9"" | Classic Twill | Centurion",Shorts,0,0,0,2023-11-01 00:00:00
p_3mav9fu9q9,"Shorts | Active Training 7"" | Black",Shorts,0,0,0,2023-11-01 00:00:00
p_3he4jy8f99,"Shorts | Active Training | 7"" | Carbon",Shorts,0,0,0,2023-11-01 00:00:00
p_sdkp4ngqy8,"Shorts | Active Training | 7"" | Sandstone",Shorts,0,0,0,2023-11-01 00:00:00
p_n5vm5c3nb9,"Chino Shorts | Comfort | 7"" | Black",Shorts,0,0,0,2023-11-01 00:00:00
p_t3995sdwge,"Shorts | Comfort Chino | 7"" | Carbon",Shorts,0,0,0,2023-11-01 00:00:00
p_ys9u6f3mbt,"Chino Shorts | Comfort | 7"" | Khaki",Shorts,0,0,0,2023-11-01 00:00:00
p_2vpu7ymaay,Black Commuter Short,Shorts,0,0,0,2023-11-01 00:00:00
p_jnvzcqrwxp,Khaki Commuter Short,Shorts,0,0,0,2023-11-01 00:00:00
p_pgq6zgcvgq,Black Fleece French Terry Short,Shorts,0,0,0,2023-11-01 00:00:00
p_8hbywkfrwc,Military Green Fleece French Terry Short,Shorts,0,0,0,2023-11-01 00:00:00
p_v7655zp7an,"Chino Shorts | Comfort | 9"" | Black",Shorts,0,0,0,2023-11-01 00:00:00
p_29aky289rv,Navy Fleece French Terry Short,Shorts,0,0,0,2023-11-01 00:00:00
p_juczmrnmtc,"Shorts | Comfort Chino | 9"" | Carbon",Shorts,0,0,0,2023-11-01 00:00:00
p_jw2fyemxq7,"9"" Khaki Comfort Chino Short",Shorts,0,0,0,2023-11-01 00:00:00
p_uqn6yzvkpa,"9"" Navy Comfort Chino Short",Shorts,0,0,0,2023-11-01 00:00:00
p_8an2wybh3y,Charcoal Heather Gray Active Comfort Short,Athletic Shorts,0,0,0,2023-11-01 00:00:00
p_aw48ckctp9,Burgundy Active Quick Dry Short with Liner,Swim Shorts,0,0,0,2023-11-01 00:00:00
p_vey4w66jst,Military Green Active Quick Dry Short with Liner,Shorts,0,0,0,2023-11-01 00:00:00
p_nuk7mzc8jt,Navy Active Quick Dry Short with Liner,Swim Shorts,0,0,0,2023-11-01 00:00:00
p_r2e57cmagz,Joggers | Active | Black,Sweatpants & Joggers,0,0,0,2023-11-01 00:00:00
p_csr594d6ws,Heather Navy Loungewear Jogger,Sweatpants & Joggers,0,0,0,2023-11-01 00:00:00
p_2krzrc4m74,Carbon Fleece French Terry Jogger,Sweatpants & Joggers,0,0,0,2023-11-01 00:00:00
p_phdjj3n8yh,Heather Gray Fleece French Terry Joggers,Sweatpants & Joggers,0,0,0,2023-11-01 00:00:00
p_eaxfgdw35q,Medium Gray Wash Slim Fit Comfort Jeans,Jeans,0,0,0,2023-11-01 00:00:00
p_wcjsyc8zup,Medium Gray Wash Straight Fit Comfort Jeans,Jeans,0,0,0,2023-11-01 00:00:00
p_qjxt4q7gff,Military Green Coaches Jacket,Jacket,0,0,0,2023-11-01 00:00:00
p_fm6edfx4ep,Military Green Fleece French Terry Jogger,Sweatpants & Joggers,0,0,0,2023-11-01 00:00:00
p_28tc85jmdq,Military Green Waffle Long Sleeve Crew Neck,Sweatshirt,0,0,0,2023-11-01 00:00:00
p_mxsupz7eaq,Navy Coaches Jacket,Jacket,0,0,0,2023-11-01 00:00:00
p_qqk283mjjn,Navy Fleece French Terry Jogger,Sweatpants & Joggers,0,0,0,2023-11-01 00:00:00
p_xanpax5dbd,True Red Polo,Polos,0,0,0,2023-11-01 00:00:00
p_mrvwze8wph,White Ankle Socks 3-Pack,Socks,0,0,0,2023-11-01 00:00:00
p_ga52js5nmp,White Never Show Socks 3-Pack,Socks,0,0,0,2023-11-01 00:00:00
p_yhe8c62x9c,Heather Navy Quarter Zip Performance Shirt,Athletic Tops,0,0,0,2023-11-01 00:00:00
p_a7p3mw83t9,Heather Military Green Active Long Sleeve Crew Neck,T-Shirts,0,0,0,2023-11-01 00:00:00
p_rwwrukwyz9,Charcoal Heather Gray Short Sleeve Tall Active Crew Neck,T-Shirts,0,0,0,2023-11-01 00:00:00
p_qy223hzmfv,White Short Sleeve Tall Active Crew Neck,T-Shirts,0,0,0,2023-11-01 00:00:00
p_hfj965wa8c,Charcoal Heather Gray Loungewear Long Sleeve Tee And Jogger Set,Sweatshirt,0,0,0,2023-11-01 00:00:00
p_f3v8s3b963,Charcoal Heather Gray Loungewear Short Sleeve Tee And Pant Set,Sweatpants & Joggers,0,0,0,2023-11-01 00:00:00
p_3vtx7z4d8y,Heather Dusty Pink V-Neck T-Shirt,Screen Printed T-Shirts,0,0,0,2023-11-01 00:00:00
p_3kckyj2khu,Heather Navy Loungewear Short Sleeve Tee And Pant Set,Lounge Sweatpants & Joggers,0,0,0,2023-11-01 00:00:00
p_wj3u3m87yx,Short Sleeve T-Shirt | Active | Crew Neck | Black,T-Shirts,0,0,0,2023-12-01 00:00:00
p_svsvrfrcb6,Black Active Long Sleeve Crew Neck T-Shirt,T-Shirts,0,0,0,2023-12-01 00:00:00
p_vjfh4zw9pd,Short Sleeve Active Polo Shirt | Black,Polos,0,0,0,2023-12-01 00:00:00
p_2gwdmudpww,Long Sleeve Shirt | Crew Neck | Black,Shirt,0,0,0,2023-12-01 00:00:00
p_p6zw3xeg4v,Short Sleeve T-Shirt | Crew Neck | Black,T-Shirts,0,0,0,2023-12-01 00:00:00
p_8jmz33scf8,Sweatshirt | Pullover Crew Neck | Fleece French Terry | Black,Sweatshirt,0,0,0,2023-12-01 00:00:00
p_26twzeayzk,Pullover Hoodie | Fleece French Terry | Black,Hoodie,0,0,0,2023-12-01 00:00:00
p_xnzebcgf9j,Zip Hoodie | Fleece French Terry | Black,Hoodie,0,0,0,2023-12-01 00:00:00
p_v9vmgr3m4t,Polo Shirt | Black,Polos,0,0,0,2023-12-01 00:00:00
p_uwm4psyppk,Black Tall Straight Hem Crew Neck T-Shirt,T-Shirts,0,0,0,2023-12-01 00:00:00
p_s7yfamyjwt,Black V-Neck T-Shirt,T-Shirts,0,0,0,2023-12-01 00:00:00
p_htnnbrvvmk,Carbon Active Crew Neck,T-Shirts,0,0,0,2023-12-01 00:00:00
p_rgamhxuwjz,Carbon Crew Neck Long Sleeve,Shirt,0,0,0,2023-12-01 00:00:00
p_szpx92nwke,Carbon Fleece French Terry Zip Hoodie,Hoodie,0,0,0,2023-12-01 00:00:00
p_prm2runmas,Carbon Long Sleeve Henley,T-Shirts,0,0,0,2023-12-01 00:00:00
p_gf9pckvcm8,Carbon Short Sleeve Polo Shirt,Polos,0,0,0,2023-12-01 00:00:00
p_ujs2rxbwwy,Charcoal Heather Gray Active Long Sleeve Crew Neck,T-Shirts,0,0,0,2023-12-01 00:00:00
p_73vqwcfbpf,Charcoal Heather Gray Short Sleeve Active Polo Shirt,Polos,0,0,0,2023-12-01 00:00:00
p_9744mpdv5n,Charcoal Heather Gray Long Sleeve,Shirt,0,0,0,2023-12-01 00:00:00
p_3dh3myqfyq,Charcoal Heather Gray Polo,Polos,0,0,0,2023-12-01 00:00:00
p_yjazyejt4q,Charcoal Heather Gray V-Neck,Shirt,0,0,0,2023-12-01 00:00:00
p_xhhgk2nnba,Heather Burgundy Crew Neck T-Shirt,Shirt,0,0,0,2023-12-01 00:00:00
p_gbd3qsz25s,Heather Charcoal Gray Crew Neck T-Shirt,Shirt,0,0,0,2023-12-01 00:00:00
p_ea2gekbzfm,Heather Gray Crew Neck Long Sleeve,T-Shirts,0,0,0,2023-12-01 00:00:00
p_bdybxrzhhw,Heather Gray Fleece French Terry Pullover Hoodie,Hoodie,0,0,0,2023-12-01 00:00:00
p_cz4mtzemgt,Heather Gray Fleece French Terry Zip Hoodie,Hoodie,0,0,0,2023-12-01 00:00:00
p_ddgsdeyzu9,Heather Gray Long Sleeve Henley,T-Shirts,0,0,0,2023-12-01 00:00:00
p_5rc5ezqwny,Heather Gray Short Sleeve Polo Shirt,Polos,0,0,0,2023-12-01 00:00:00
p_shhxbvvxxp,Heather Indigo Active Crew Neck T-Shirt,T-Shirts,0,0,0,2023-12-01 00:00:00
p_4fs9u74y4x,Heather Indigo Crew Neck Long Sleeve,T-Shirts,0,0,0,2023-12-01 00:00:00
p_hmkhv4g497,Heather Indigo Crew Neck T-Shirt,Shirt,0,0,0,2023-12-01 00:00:00
p_s6hq3cbp99,Heather Indigo Short Sleeve Polo Shirt,Polos,0,0,0,2023-12-01 00:00:00
p_5q6tnqwruf,Heather Light Gray Active Long Sleeve Crew Neck,T-Shirts,0,0,0,2023-12-01 00:00:00
p_ggx5q9x8xm,Heather Military Green Active Crew Neck T-Shirt,Shirt,0,0,0,2023-12-01 00:00:00
p_xngupz8qg8,Heather Military Green Active Long Sleeve Crew Neck,T-Shirts,0,0,0,2023-12-01 00:00:00
p_pzg4uy9ru4,Heather Military Green Short Sleeve Active Polo Shirt,Polos,0,0,0,2023-12-01 00:00:00
p_kajnxmygka,Heather Military Green Crew Neck T-Shirt,Shirt,0,0,0,2023-12-01 00:00:00
p_95axe6dfn6,Heather Navy Active Crew Neck T-Shirt,T-Shirts,0,0,0,2023-12-01 00:00:00
p_5kpddtqty2,Heather Navy Active Long Sleeve Crew Neck,T-Shirts,0,0,0,2023-12-01 00:00:00
p_ccse4psnan,Heather Navy Crew Neck Long Sleeve,T-Shirts,0,0,0,2023-12-01 00:00:00
p_ug6duq4hvt,Heather Navy Crew Neck T-Shirt,Shirt,0,0,0,2023-12-01 00:00:00
p_vrmxbznmh9,Indigo Long Sleeve Henley,Shirt,0,0,0,2023-12-01 00:00:00
p_bhfd33ejhy,Indigo Short Sleeve Polo Shirt,Polos,0,0,0,2023-12-01 00:00:00
p_955cnseek9,Light Heather Gray Crew Neck Long Sleeve,T-Shirts,0,0,0,2023-12-01 00:00:00
p_6zjn28jf23,Military Green Crew Neck Long Sleeve,Shirt,0,0,0,2023-12-01 00:00:00
p_shcbhfeqaq,Military Green Fleece French Terry Pullover Crew Neck Sweatshirt,Sweatshirt,0,0,0,2023-12-01 00:00:00
p_3wz546brng,Military Green Fleece French Terry Pullover Hoodie,Hoodie,0,0,0,2023-12-01 00:00:00
p_8q6kvd32nc,Military Green Fleece French Terry Zip Hoodie,Hoodie,0,0,0,2023-12-01 00:00:00
p_brwwn6xkwh,Military Green Long Sleeve Henley,T-Shirts,0,0,0,2023-12-01 00:00:00
p_mwv4sjthwt,Military Green Short Sleeve Polo Shirt,Polos,0,0,0,2023-12-01 00:00:00
p_vtkmnr87v2,Navy Active Crew Neck T-Shirt,T-Shirts,0,0,0,2023-12-01 00:00:00
p_tpzfdnukzs,Navy Active Long Sleeve Crew Neck,T-Shirts,0,0,0,2023-12-01 00:00:00
p_bptwztkuks,Navy Short Sleeve Active Polo Shirt,Polos,0,0,0,2023-12-01 00:00:00
p_tjh5t8a6tw,Navy Crew Neck Long Sleeve,Shirt,0,0,0,2023-12-01 00:00:00
p_rezzg23bjy,Navy Fleece French Terry Pullover Crew Neck Sweatshirt,Sweatshirt,0,0,0,2023-12-01 00:00:00
p_k6s6hftqfe,Navy Fleece French Terry Pullover Hoodie,Hoodie,0,0,0,2023-12-01 00:00:00
p_h9z43a8zde,Navy Fleece French Terry Zip Hoodie,Hoodie,0,0,0,2023-12-01 00:00:00
p_ngbbqfwzd5,Navy Long Sleeve Henley,Shirt,0,0,0,2023-12-01 00:00:00
p_rhexhysfzs,Navy Short Sleeve Polo Shirt,Polos,0,0,0,2023-12-01 00:00:00
p_xa4dn5yc22,Navy Tall Short Sleeve Polo Shirt,Polos,0,0,0,2023-12-01 00:00:00
p_2wu3jtehp2,Navy Short Sleeve V-Neck T-Shirt,Shirt,0,0,0,2023-12-01 00:00:00
p_8rbvhb5tdc,White Active Crew Neck T-Shirt,Shirt,0,0,0,2023-12-01 00:00:00
p_r5gttk27sm,White Active Long Sleeve Crew Neck,Shirt,0,0,0,2023-12-01 00:00:00
p_2cus7843n6,White Crew Neck Long Sleeve,Shirt,0,0,0,2023-12-01 00:00:00
p_twpefb4vpq,White Long Sleeve Henley,T-Shirts,0,0,0,2023-12-01 00:00:00
p_6hvvy94kq4,White Short Sleeve Polo Shirt,Polos,0,0,0,2023-12-01 00:00:00
p_m6x758mjvq,White Short Sleeve Tall Polo Shirt,Polos,0,0,0,2023-12-01 00:00:00
p_s49r5jxnqq,White Short Sleeve V-Neck T-Shirt,T-Shirts,0,0,0,2023-12-01 00:00:00
p_fx25mpavbf,Long Sleeve T-Shirt | Hooded | Black,T-Shirts,0,0,0,2023-12-01 00:00:00
p_gawdf2gbfa,Long Sleeve Polo Shirt | Black,Polos,0,0,0,2023-12-01 00:00:00
p_xafkdxwnvm,Black Waffle Hoodie,Hoodie,0,0,0,2023-12-01 00:00:00
p_yev838e3bk,Dark Olive Waffle Hoodie,Hoodie,0,0,0,2023-12-01 00:00:00
p_3h5wxbdgfn,White Long Sleeve Polo Shirt,Polos,0,0,0,2023-12-01 00:00:00
p_g5xjgypbqs,Long Sleeve Button Up Shirt | Black,Button Down Shirts,0,0,0,2023-12-01 00:00:00
p_pqjyybc86f,Black Waffle Long Sleeve Crew Neck T-Shirt,T-Shirts,0,0,0,2023-12-01 00:00:00
p_5pqpzmazbr,Carbon Long Sleeve Button Up Shirt,Button Down Shirts,0,0,0,2023-12-01 00:00:00
p_anqd83cjye,Military Green Waffle Long Sleeve Crew Neck,Sweatshirt,0,0,0,2023-12-01 00:00:00
p_vp3anzz9s3,White Button Up Shirt,Button Down Shirts,0,0,0,2023-12-01 00:00:00
p_92vf4hpdrt,White Commuter Short Sleeve Button Up,Button Down Shirts,0,0,0,2023-12-01 00:00:00
p_85skykpy7r,Short Sleeve Button Up Shirt | Commuter | Black,Button Down Shirts,0,0,0,2023-12-01 00:00:00
p_v5bwyyhget,Carbon Commuter Short Sleeve Button Up,Button Down Shirts,0,0,0,2023-12-01 00:00:00
p_5kr9enrf6j,Short Sleeve Tee | Loungewear | Charcoal Heather Gray,T-Shirts,0,0,0,2023-12-01 00:00:00
p_rpwqburrmc,Dark Heather Cadet Active Polo,Polos,0,0,0,2023-12-01 00:00:00
p_8tryb2ahrp,Dark Heather Cocoa Active Polo,Polos,0,0,0,2023-12-01 00:00:00
p_vnexp6dh3m,Heather Centurion Short Sleeve Active Polo Shirt,Polos,0,0,0,2023-12-01 00:00:00
p_8pczdfc69m,Heather Cocoa Short Sleeve Active Polo Shirt,Polos,0,0,0,2023-12-01 00:00:00
p_xdyq8mewrc,Short Sleeve Button Up Shirt | Black,Button Down Shirts,0,0,0,2023-12-01 00:00:00
p_56qjzafa6s,Carbon Short Sleeve Button Up Shirt,Button Down Shirts,0,0,0,2023-12-01 00:00:00
p_7dyz93zegj,"Shorts | Active Training | 7"" | Sapphire",Athletic Shorts,0,0,0,2023-12-01 00:00:00
p_3pkg63ym5k,"Shorts | Active Training | 7"" | Steel",Shorts,0,0,0,2023-12-01 00:00:00
p_k5hymg84ez,"Shorts | Training | 7"" | 2-in-1 Black",Athletic Shorts,0,0,0,2023-12-01 00:00:00
p_mm5tbn6qza,Sweatshirt | Comfort Crew | Black,Sweatshirt,0,0,0,2023-12-01 00:00:00
p_2uptnqrxy2,Hoodie | Active Comfort | Pullover | Black,Hoodie,0,0,0,2023-12-01 00:00:00
p_ys335pw23m,Pants | Active Comfort | Straight Leg | Black,Sweatpants & Joggers,0,0,0,2023-12-01 00:00:00
p_9attt36kqt,Blazer | Black,Blazer,0,0,0,2023-12-01 00:00:00
p_84w66d79b8,Pants | Comfort Chino | Black,Pants,0,0,0,2023-12-01 00:00:00
p_349fd5fte5,Sweater | Crew Neck | Black,Knit Sweaters,0,0,0,2023-12-01 00:00:00
p_zzvxdda285,Fleece Shacket | Black,Jacket,0,0,0,2023-12-01 00:00:00
p_z7kat66jsb,Puffer Vest | Black,Outerwear Vests,0,0,0,2023-12-01 00:00:00
p_w99wqwtmd8,Performance Shirt | Quarter Zip | Black,Athletic Tops,0,0,0,2023-12-01 00:00:00
p_vkp29t8hpk,Sleeveless Muscle Tee | Active | Black,Athletic Tops,0,0,0,2023-12-01 00:00:00
p_bxpjzp3q34,Sweater Hoodie | Black,Hoodie,0,0,0,2023-12-01 00:00:00
p_j23j35syzx,Black Wash Long Sleeve Chambray Shirt,Shirt,0,0,0,2023-12-01 00:00:00
p_aaa5u2senn,Black Wash Slim Fit Comfort Jeans,Jeans,0,0,0,2023-12-01 00:00:00
p_mu7q5qx67m,Black Wash Straight Fit Comfort Jeans,Jeans,0,0,0,2023-12-01 00:00:00
p_kv4qxkyavb,Chino Pants | Comfort | Carbon,Pants,0,0,0,2023-12-01 00:00:00
p_av6ja2w28x,Charcoal Heather Active Comfort Crew Sweatshirt,Athletic Tops,0,0,0,2023-12-01 00:00:00
p_jqxjnq8mc8,Charcoal Heather Active Comfort Straight Leg Pant,Sweatpants & Joggers,0,0,0,2023-12-01 00:00:00
p_hzkzcd9ag9,Charcoal Heather Gray Long Sleeve Ripstop Commuter Shirt,Shirt,0,0,0,2023-12-01 00:00:00
p_zc74ftx9hy,Charcoal Heather Gray Pique Crew Sweater,Knit Sweaters,0,0,0,2023-12-01 00:00:00
p_4krqrmhc8s, Sleeveless Muscle Tee | Active | Charcoal Heather Gray,Athletic Tops,0,0,0,2023-12-01 00:00:00
p_qvscv7wqa7,Dark Oak Fleece French Terry Jogger,Sweatpants & Joggers,0,0,0,2023-12-01 00:00:00
p_yw7vvn467f,Dark Olive Long Sleeve Crew Neck T-Shirt,T-Shirts,0,0,0,2023-12-01 00:00:00
p_hc97kv4jxf,Deep Sea Blue Short Sleeve Crew Neck T-Shirt,T-Shirts,0,0,0,2023-12-01 00:00:00
p_zp4vn3rtz4,Deep Sea Blue Long Sleeve Crew Neck T-Shirt,T-Shirts,0,0,0,2023-12-01 00:00:00
p_8d5cs572ku,Evergreen Heather Short Sleeve Crew Neck T-Shirt,T-Shirts,0,0,0,2023-12-01 00:00:00
p_2qn4rb76qt,Evergreen Heather Long Sleeve Crew Neck T-Shirt,T-Shirts,0,0,0,2023-12-01 00:00:00
p_hun6quaf8f,Gray Wash Slim Fit Comfort Jeans,Jeans,0,0,0,2023-12-01 00:00:00
p_bn49najk97,Gray Wash Straight Fit Comfort Jeans,Jeans,0,0,0,2023-12-01 00:00:00
p_a66qgjtv8u, Sleeveless Muscle Tee | Active | Heather Cadet,Athletic Tops,0,0,0,2023-12-01 00:00:00
p_76w9v5r9gp,Heather Camel Pique Crew Sweater,Knit Sweaters,0,0,0,2023-12-01 00:00:00
p_m26nune3tt,Sleeveless Muscle Tee | Active | Heather Cocoa,Tank Top,0,0,0,2023-12-01 00:00:00
p_wtfwp7uyps,Heather Dark Oak Long Sleeve Crew Neck T-Shirt,T-Shirts,0,0,0,2023-12-01 00:00:00
p_guzmuvmxwg,Heather Dark Orchid Short Sleeve Crew Neck T-Shirt,T-Shirts,0,0,0,2023-12-01 00:00:00
p_auux7guqn5,Sleeveless Muscle Tee | Active| Heather Forest,Athletic Tops,0,0,0,2023-12-01 00:00:00
p_wvdzacyaq8,Heather Garnet Short Sleeve Crew Neck T-Shirt,T-Shirts,0,0,0,2023-12-01 00:00:00
p_59st4ejx9g,Heather Graphite Short Sleeve Crew Neck T-Shirt,T-Shirts,0,0,0,2023-12-01 00:00:00
p_mkhh2ymk98,Heather Navy Active Comfort Crew Sweatshirt,Sweatshirt,0,0,0,2023-12-01 00:00:00
p_4tw7w4865y,Medium Gray Wash Slim Fit Comfort Jeans,Jeans,0,0,0,2023-12-01 00:00:00
p_u25kmysesj,Medium Gray Wash Straight Fit Comfort Jeans,Jeans,0,0,0,2023-12-01 00:00:00
p_yrp9cazs3k,Olive Long Sleeve Ripstop Commuter Shirt,Shirt,0,0,0,2023-12-01 00:00:00
p_vjj8djm98g,"Voyager 7"" 2-in-1 Training Short",Athletic Shorts,0,0,0,2023-12-01 00:00:00
p_ens5k22dee,Coaches Jacket | Black,Jacket,0,0,0,2023-12-01 00:00:00
p_krqrvpb5nk,Short Sleeve Sweater Polo Shirt | Black,Polos,0,0,0,2023-12-01 00:00:00
p_ezjsg82fk7,Garnet Short Sleeve Sweater Polo Shirt,Polos,0,0,0,2023-12-01 00:00:00
p_zfqbnz8zdc,Heather Gray Short Sleeve Sweater Polo,Polos,0,0,0,2023-12-01 00:00:00
p_rdac8nxqpc,Navy Short Sleeve Sweater Polo,Polos,0,0,0,2023-12-01 00:00:00
p_tdz6dj3k93,Charcoal Heather Gray Active Shell Jacket,Jacket,0,0,0,2023-12-01 00:00:00
p_ef9p26sqwv,Navy Coaches Jacket,Jacket,0,0,0,2023-12-01 00:00:00
p_gvy838kdy9,Long Sleeve Button Up Sweater Shirt | Black + Carbon,Button Down Shirts,0,0,0,2023-12-01 00:00:00
p_cpfjz5js6m,Light Heather Gray Quarter Zip Performance Shirt,Athletic Tops,0,0,0,2023-12-01 00:00:00
p_encznv79zd,Charcoal Heather Gray Loungewear Jogger,Sweatpants & Joggers,0,0,0,2023-12-01 00:00:00
p_uqg73gd526,Dark Olive Short Sleeve V-Neck T-Shirt,T-Shirts,0,0,0,2023-12-01 00:00:00
p_dd7ynwa46b,Military Green Coaches Jacket,Jacket,0,0,0,2023-12-01 00:00:00
p_pds624ht98,Ankle Socks | Active | 3-Pack | Black,Socks,0,0,0,2023-12-01 00:00:00
p_h9thpv33ux,Crew Socks | Active | 3-Pack | Black,Socks,0,0,0,2023-12-01 00:00:00
p_vm4udwbmec,Ankle Socks | 3-Pack | Black,Socks,0,0,0,2023-12-01 00:00:00
p_hv5d9t5gb4,Black Boxer Trunks 3-Pack,Underwear,0,0,0,2023-12-01 00:00:00
p_eg72spursx,Half Crew Sock | 3-Pack | Black,Socks,0,0,0,2023-12-01 00:00:00
p_m5nrytn7g3,Boxer Briefs | Logo | 3-Pack | Black,Underwear,0,0,0,2023-12-01 00:00:00
p_7rzxq9sd8n,Never Show Socks | 3-Pack | Black,Socks,0,0,0,2023-12-01 00:00:00
p_h644hfsgj7,Sweater Beanie | Black,Beanie,0,0,0,2023-12-01 00:00:00
p_k8j2vzha5p,Burgundy Boxer Briefs 3-Pack,Underwear,0,0,0,2023-12-01 00:00:00
p_rd96dkwsx6,Carbon Boxer Trunks 3-Pack,Underwear,0,0,0,2023-12-01 00:00:00
p_3zf2yh34hr,Dark Olive Short Sleeve Polo Shirt,Polos,0,0,0,2023-12-01 00:00:00
p_fcgghnz6fh,Evergreen Sweater Beanie,Beanie,0,0,0,2023-12-01 00:00:00
p_vxfj55w6ma,Heather Burgundy Short Sleeve Polo Shirt,Polos,0,0,0,2023-12-01 00:00:00
p_tpv8fcqeja,Heather Gray Active Ankle Socks 3-Pack,Socks,0,0,0,2023-12-01 00:00:00
p_y6cg76w8k6,Heather Gray Half Crew Sock 3-Pack,Socks,0,0,0,2023-12-01 00:00:00
p_sgut9a5tns,Light Heather Gray Polo,Polos,0,0,0,2023-12-01 00:00:00
p_r5xrp6kuxu,True Red Short Sleeve Polo Shirt,Polos,0,0,0,2023-12-01 00:00:00
p_x285vx432e,White Ankle Socks 3-Pack,Socks,0,0,0,2023-12-01 00:00:00
p_3aup7bbqg3,Carbon Tall Long Sleeve T-Shirt,Shirt,0,0,0,2023-12-01 00:00:00
p_mxpb4sqvry,Charcoal Heather Gray Short Sleeve Tall Crew,T-Shirts,0,0,0,2023-12-01 00:00:00
p_92fw37ajex,Heather Seafarer Short Sleeve Tall Crew,Shirt,0,0,0,2023-12-01 00:00:00
p_rhk5rdjr7y,Heather Voyager Short Sleeve Tall Crew,T-Shirts,0,0,0,2023-12-01 00:00:00
p_hz3svpszdm,Military Green Tall Long Sleeve T-Shirt,T-Shirts,0,0,0,2023-12-01 00:00:00
p_3xnj548f3x,Sapphire Short Sleeve Tall Crew,T-Shirts,0,0,0,2023-12-01 00:00:00
p_j9huduq2g2,White Tall Straight Hem Crew Neck T-Shirt,T-Shirts,0,0,0,2023-12-01 00:00:00
p_ct8bqyz5rd,Bomber Jacket | Black,Bomber Jackets,0,0,0,2023-12-01 00:00:00
p_26x46r3gh3,Carbon Short Sleeve Tall Polo Shirt,Polos,0,0,0,2023-12-01 00:00:00
p_uwgqdnnawm,Charcoal Heather Gray Short Sleeve Tall Polo Shirt,Polos,0,0,0,2023-12-01 00:00:00
p_awt8ehv6fc,Heather Gray Short Sleeve Tall Polo Shirt,Polos,0,0,0,2023-12-01 00:00:00
p_ug78456eub,Mahogany Fleece French Terry Pullover Hoodie,Hoodie,0,0,0,2023-12-01 00:00:00
p_3hycs4vyy4,Mahogany Fleece French Terry Zip Hoodie,Hoodie,0,0,0,2023-12-01 00:00:00
p_487dnzupxz,Military Green Short Sleeve Tall Polo Shirt,Polos,0,0,0,2023-12-01 00:00:00
p_haens7aj79,Sapphire Short Sleeve Tall Polo Shirt,Polos,0,0,0,2023-12-01 00:00:00
p_n7npmmnfq3,Bomber Jacket | Army Green,Bomber Jackets,0,0,0,2023-12-01 00:00:00
p_vhct7fnamt,Sweater Fleece Jacket | Black,Jacket,0,0,0,2023-12-01 00:00:00
p_qvxdc36tay,Carbon Bomber Jacket,Bomber Jackets,0,0,0,2023-12-01 00:00:00
p_ubarpzrdvd,Gray Sweater Fleece Jacket,Knit Sweaters,0,0,0,2023-12-01 00:00:00
p_25m5nqdhtq,Gunmetal Puffer Jacket,Puffer Jackets,0,0,0,2023-12-01 00:00:00
p_9nq4jjbkbr,Military Green Puffer Jacket,Puffer Jackets,0,0,0,2023-12-01 00:00:00
p_6svhrtmsn3,Navy Bomber Jacket,Bomber Jackets,0,0,0,2023-12-01 00:00:00
p_dwbw45rvge,Navy Hooded Puffer Jacket,Puffer Jackets,0,0,0,2023-12-01 00:00:00
p_4yh4m8q3v7,Navy Puffer Jacket,Puffer Jackets,0,0,0,2023-12-01 00:00:00
p_e6pz5d7uh9,Navy Sweater Fleece Jacket,Hoodie,0,0,0,2023-12-01 00:00:00
p_4xmfcxsvq4,Puffer Jacket | Hooded | Black,Puffer Jackets,0,0,0,2023-12-01 00:00:00
p_zrt8e4hahp,Chino Pants | Straight | Twill | Black,Pants,0,0,0,2023-12-01 00:00:00
p_6bppe3h2jj,Centurion Slim Twill Chino,Pants,0,0,0,2023-12-01 00:00:00
p_zd6gtes7qp,Centurion Straight Twill Chino,Pants,0,0,0,2023-12-01 00:00:00
p_ja9tudbs9q,Dark Oak Straight Twill Chino,Pants,0,0,0,2023-12-01 00:00:00
p_yqusyfjxtf,Gunmetal Hooded Puffer Jacket,Puffer Jackets,0,0,0,2023-12-01 00:00:00
p_kkdff6r47e,Meadow Slim Twill Chino,Pants,0,0,0,2023-12-01 00:00:00
p_rnmhwn9kcu,Navy Slim Twill Chino,Pants,0,0,0,2023-12-01 00:00:00
p_y5u5gs4evr,Navy Straight Twill Chino,Pants,0,0,0,2023-12-01 00:00:00
p_vqc6jejd69,Long Sleeve Button Up Shirt | Do-It-All Comfort | Black,Button Down Shirts,0,0,0,2023-12-01 00:00:00
p_p8ep2jre98,Hoodie | Active | Black,Hoodie,0,0,0,2023-12-01 00:00:00
p_vubwwnzvnt,Dark Heather Cadet Long Sleeve Active Crew Neck,T-Shirts,0,0,0,2023-12-01 00:00:00
p_e2426ac79u,Dark Heather Tempest Long Sleeve Active Crew Neck,Sweatshirt,0,0,0,2023-12-01 00:00:00
p_cjzvdmswjf,White Active Hoodie,Hoodie,0,0,0,2023-12-01 00:00:00
p_ncwnq5usm5,"Shorts | Active Training | 7"" | Slate Green",Athletic Shorts,0,0,0,2023-12-01 00:00:00
p_x443echvnq,"Chino Shorts | Comfort | 7"" | Military Green",Shorts,0,0,0,2023-12-01 00:00:00
p_qhjjf5kjgd,"Chino Shorts | Comfort | 7"" | Rosewood",Shorts,0,0,0,2023-12-01 00:00:00
p_f8rywmvjsy,"Chino Shorts | Comfort | 7"" | Sapphire",Shorts,0,0,0,2023-12-01 00:00:00
p_6kxr6rztwd,"Chino Shorts | Comfort | 7"" | Slate Green",Shorts,0,0,0,2023-12-01 00:00:00
p_56zbdasvhd,"Chino Shorts | Comfort | 9"" | Sapphire",Shorts,0,0,0,2023-12-01 00:00:00
p_xpmubyp2yg,"Chino Shorts | Comfort | 9"" | Slate Green",Shorts,0,0,0,2023-12-01 00:00:00
p_saytmbtmak,"Shorts | Classic Twill | 9"" | Black",Shorts,0,0,0,2023-12-01 00:00:00
p_aytxzkck8x,"Shorts | Classic Twill | 7"" | Black",Shorts,0,0,0,2023-12-01 00:00:00
p_fhdff8x3jt,"Shorts | Classic Twill | 7"" | Harbor",Shorts,0,0,0,2023-12-01 00:00:00
p_q2935cukf5,"Shorts | Classic Twill | 7"" | Khaki",Shorts,0,0,0,2023-12-01 00:00:00
p_qr5wafyaq4,"Shorts | Classic Twill | 7"" | Moss",Shorts,0,0,0,2023-12-01 00:00:00
p_j48puxsej5,"Shorts | Classic Twill | 7"" | Sandstone",Shorts,0,0,0,2023-12-01 00:00:00
p_b2wv3hqta7,"Shorts | Classic Twill | 9"" | Centurion",Shorts,0,0,0,2023-12-01 00:00:00
p_wungd9j4dh,"Shorts | Active Training | 7"" | Black",Shorts,0,0,0,2023-12-01 00:00:00
p_r9rn7a2dy5,"Shorts | Active Training | 7"" | Carbon",Shorts,0,0,0,2023-12-01 00:00:00
p_n9qtgjygdv,"Shorts | Active Training | 7"" | Sandstone",Athletic Shorts,0,0,0,2023-12-01 00:00:00
p_nu9kcajw2z,"Chino Shorts | Comfort | 7"" | Black",Shorts,0,0,0,2023-12-01 00:00:00
p_hmp7dkjce9,"Chino Shorts | Comfort | 7"" | Carbon",Shorts,0,0,0,2023-12-01 00:00:00
p_25upswaptj,"Chino Shorts | Comfort | 7"" | Khaki",Shorts,0,0,0,2023-12-01 00:00:00
p_kaq2j39v2p,"Chino Shorts | Comfort | 7"" | Navy",Shorts,0,0,0,2023-12-01 00:00:00
p_utfqrxy94f,Shorts | Commuter | Black,Shorts,0,0,0,2023-12-01 00:00:00
p_prrc5xwre5,Khaki Commuter Short,Shorts,0,0,0,2023-12-01 00:00:00
p_bj4epra3sv,Shorts | Fleece French Terry | Black,Shorts,0,0,0,2023-12-01 00:00:00
p_fvgyjfheyt,Sandstone Commuter Short,Shorts,0,0,0,2023-12-01 00:00:00
p_epuubwwz7s,Military Green Fleece French Terry Short,Shorts,0,0,0,2023-12-01 00:00:00
p_j4bf77xx5v,"Chino Shorts | Comfort | 9"" | Black",Shorts,0,0,0,2023-12-01 00:00:00
p_74gmgsy6yv,Navy Fleece French Terry Short,Shorts,0,0,0,2023-12-01 00:00:00
p_m5f29n89jy,"Chino Shorts | Comfort | 9"" | Carbon",Shorts,0,0,0,2023-12-01 00:00:00
p_47meu4bybx,"Chino Shorts | Comfort |  9"" | Ivory",Shorts,0,0,0,2023-12-01 00:00:00
p_5za8gj7unh,"Chino Shorts | Comfort | 9"" | Khaki",Shorts,0,0,0,2023-12-01 00:00:00
p_arxdch5qcv,"Chino Shorts | Comfort | 9"" | Military Green",Shorts,0,0,0,2023-12-01 00:00:00
p_en8vndps74,"Chino Shorts | Comfort | 9"" | Navy",Shorts,0,0,0,2023-12-01 00:00:00
p_rquj6mrdex,Dark Heather Navy Active Comfort Short,Shorts,0,0,0,2023-12-01 00:00:00
p_6ra9g27e7u,Burgundy Active Quick Dry Short with Liner,Swim Shorts,0,0,0,2023-12-01 00:00:00
p_5ek32kjgzp,Navy Active Quick Dry Short with Liner,Swim Shorts,0,0,0,2023-12-01 00:00:00
p_bp7w9cp3k9,Pants | Commuter | Black,Pants,0,0,0,2023-12-01 00:00:00
p_5p5sgcwp5f,"Shorts | Active Training | 7"" | Navy",Shorts,0,0,0,2023-12-01 00:00:00
p_47uf2puagk,"Shorts | Classic Twill | 7"" | Navy",Shorts,0,0,0,2023-12-01 00:00:00
p_9a5tjqerw5,"Shorts | Classic Twill | 9"" | Meadow",Shorts,0,0,0,2023-12-01 00:00:00
p_a69bzurkgs,Joggers | Active | Black,Sweatpants & Joggers,0,0,0,2023-12-01 00:00:00
p_2bkrkbfbk9,Classic Polarized Sunglasses | Black,Sunglasses,0,0,0,2023-12-01 00:00:00
p_vvkaza7v48,Long Sleeve Button Up Shirt | Commuter | Black,Button Down Shirts,0,0,0,2023-12-01 00:00:00
p_egq2tewvm7,Long Sleeve Henley | Black,T-Shirts,0,0,0,2023-12-01 00:00:00
p_yp2v99qxbf,Classic Polarized Sunglasses | Black Mirror,Sunglasses,0,0,0,2023-12-01 00:00:00
p_mef5fue56y,Dress Shirt | Lightweight Performance | Black,Button Down Shirts,0,0,0,2023-12-01 00:00:00
p_fpmkw85rke,Short Sleeve Polo Shirt | Black,Polos,0,0,0,2023-12-01 00:00:00
p_s7c853uk5c,Puffer Jacket | Black,Puffer Jackets,0,0,0,2023-12-01 00:00:00
p_8nhyuguh4z,Chino Pants | Slim | Twill | Black,Pants,0,0,0,2023-12-01 00:00:00
p_ka5fa3ne6y,Slippers | Black,Slippers,0,0,0,2023-12-01 00:00:00
p_6wnwzma24v,Long Sleeve Button Up Shirt | Stretch Oxford | Black,Button Down Shirts,0,0,0,2023-12-01 00:00:00
p_u3ffx96ehp,Short Sleeve T-Shirt | Tall | Active Crew Neck | Black,T-Shirts,0,0,0,2023-12-01 00:00:00
p_ufjg6nn927,Long Sleeve T-Shirt | Tall | Black,T-Shirts,0,0,0,2023-12-01 00:00:00
p_enhxmmv3xa,Polo Shirt | Tall | Black,Polos,0,0,0,2023-12-01 00:00:00
p_gqfhmx28rz,Blue Quartz Short Sleeve Crew Neck T-Shirt,T-Shirts,0,0,0,2023-12-01 00:00:00
p_6ccw4zmdj6,Bluestone Tall Round Hem Crew Neck T-Shirt,T-Shirts,0,0,0,2023-12-01 00:00:00
p_ryght7etrs,Bluestone V-Neck Short Sleeve T-Shirt,T-Shirts,0,0,0,2023-12-01 00:00:00
p_5q95b4bjyg,Burgundy Short Sleeve Crew Neck T-Shirt,T-Shirts,0,0,0,2023-12-01 00:00:00
p_2sxe2kvxmc,Burgundy Long Sleeve Crew Neck T-Shirt,T-Shirts,0,0,0,2023-12-01 00:00:00
p_srwzc2wwq6,Burgundy Long Sleeve Henley,T-Shirts,0,0,0,2023-12-01 00:00:00
p_8p9z2j6eqt,Burgundy Short Sleeve V-Neck T-Shirt,T-Shirts,0,0,0,2023-12-01 00:00:00
p_dnq23rfcgu,"Carbon 7"" 2-in-1 Training Short",Athletic Shorts,0,0,0,2023-12-01 00:00:00
p_9tz4xs4maw,Carbon Commuter Long Sleeve Button Up Shirt,Button Down Shirts,0,0,0,2023-12-01 00:00:00
p_82erf6xepz,Carbon Commuter Pant,Pants,0,0,0,2023-12-01 00:00:00
p_gxqdqumwae,Carbon Short Sleeve Crew Neck T-Shirt,T-Shirts,0,0,0,2023-12-01 00:00:00
p_nmb6y3r32b,Carbon Fleece French Terry Jogger,Sweatpants & Joggers,0,0,0,2023-12-01 00:00:00
p_mqhey6peq9,Carbon Fleece French Terry Pullover Crew Neck Sweatshirt,Sweatshirt,0,0,0,2023-12-01 00:00:00
p_pgvy4mwya6,Carbon Fleece French Terry Pullover Hoodie,Hoodie,0,0,0,2023-12-01 00:00:00
p_dcfsb4qj5s,Carbon Performance Lightweight Dress Shirt,Button Down Shirts,0,0,0,2023-12-01 00:00:00
p_q9e4tw2vgn,Carbon Tall Active Crew Neck T-Shirt,T-Shirts,0,0,0,2023-12-01 00:00:00
p_3mznzzvw2f,Carbon Tall Round Hem Crew Neck T-Shirt,T-Shirts,0,0,0,2023-12-01 00:00:00
p_fcv57d39m8,Carbon Short Sleeve V-Neck T-Shirt,T-Shirts,0,0,0,2023-12-01 00:00:00
p_n6hvkgussy,Carbon Waffle Hoodie,Hoodie,0,0,0,2023-12-01 00:00:00
p_yg5234hu8z,Centurion Short Sleeve Sweater Polo Shirt,Polos,0,0,0,2023-12-01 00:00:00
p_qcw7eb8td6,Charcoal Heather Active Comfort Full Zip Hoodie,Hoodie,0,0,0,2023-12-01 00:00:00
p_agkp4c43e4,Charcoal Heather Active Comfort Pullover Hoodie,Hoodie,0,0,0,2023-12-01 00:00:00
p_cn8axvjmp9,Charcoal Heather Gray Active Comfort Short,Athletic Shorts,0,0,0,2023-12-01 00:00:00
p_6c6nrcr2c3, Short Sleeve T-Shirt | Active Crew Neck | Charcoal Heather Gray,T-Shirts,0,0,0,2023-12-01 00:00:00
p_znfcswnte7,Charcoal Heather Gray Active Hoodie,Hoodie,0,0,0,2023-12-01 00:00:00
p_bdbtrvs35c,Charcoal Heather Gray Active Joggers,Sweatpants & Joggers,0,0,0,2023-12-01 00:00:00
p_pxnmvcumyj,Charcoal Heather Gray Do-It-All Comfort Long Sleeve Button Up Shirt,Button Down Shirts,0,0,0,2023-12-01 00:00:00
p_yra4pxjn2n,Charcoal Heather Gray Fleece French Terry Full Zip,Hoodie,0,0,0,2023-12-01 00:00:00
p_k727r3s7q8,Charcoal Heather Gray Fleece French Terry Jogger,Sweatpants & Joggers,0,0,0,2023-12-01 00:00:00
p_qsxubmrtfw,Long Sleeve Tee | Loungewear | Charcoal Heather Gray,T-Shirts,0,0,0,2023-12-01 00:00:00
p_hrqsaa2u6g,Charcoal Heather Gray Loungewear Pant,Pants,0,0,0,2023-12-01 00:00:00
p_z9gg92dcqx,Charcoal Heather Gray Short Sleeve Polo Shirt,Polos,0,0,0,2023-12-01 00:00:00
p_3shyn5zkky,Charcoal Heather Gray Tall Crew T-Shirt,T-Shirts,0,0,0,2023-12-01 00:00:00
p_mvqwbcmhah,Charcoal Heather Gray Tall Round Hem Crew Neck T-Shirt,T-Shirts,0,0,0,2023-12-01 00:00:00
p_yupfqc6yfm,Charcoal Heather Gray Short Sleeve V-Neck T-Shirt,T-Shirts,0,0,0,2023-12-01 00:00:00
p_6k245nh69q,Crimson Long Sleeve Crew Neck T-Shirt,T-Shirts,0,0,0,2023-12-01 00:00:00
p_rhxjthz5x8,Dark Heather Burgundy Active Comfort Short,Swim Shorts,0,0,0,2023-12-01 00:00:00
p_ucy8r4cqe3,Dark Heather Burgundy Active Joggers,Sweatpants & Joggers,0,0,0,2023-12-01 00:00:00
p_2eh6mejec7,Dark Heather Cadet Active Crew Neck T-Shirt,T-Shirts,0,0,0,2023-12-01 00:00:00
p_sfn5q4bv26,Dark Heather Cadet Short Sleeve Active Polo Shirt,Polos,0,0,0,2023-12-01 00:00:00
p_ncvpa3z4h7,Dark Heather Cadet Long Sleeve Active Crew Neck T-Shirt,T-Shirts,0,0,0,2023-12-01 00:00:00
p_6njreat3aq,Dark Heather Cocoa Active Crew Neck T-Shirt,T-Shirts,0,0,0,2023-12-01 00:00:00
p_mjrxd2wgtf,Dark Heather Cocoa Short Sleeve Active Polo Shirt,Polos,0,0,0,2023-12-01 00:00:00
p_zf9muhc3as,Dark Heather Indigo Active Comfort Short,Shorts,0,0,0,2023-12-01 00:00:00
p_x5p88uuzy5,Dark Heather Indigo Active Joggers,Sweatpants & Joggers,0,0,0,2023-12-01 00:00:00
p_npx42jpcmt,Dark Heather Military Green Active Comfort Short,Shorts,0,0,0,2023-12-01 00:00:00
p_9m3e7uj62s,Dark Heather Military Green Active Joggers,Sweatpants & Joggers,0,0,0,2023-12-01 00:00:00
p_t2tpzxuynp,Dark Heather Navy Active Joggers,Sweatpants & Joggers,0,0,0,2023-12-01 00:00:00
p_vybqnpjdfb,Dark Heather Tempest Active Crew Neck T-Shirt,T-Shirts,0,0,0,2023-12-01 00:00:00
p_gzgm33n9cz,Dark Heather Tempest Short Sleeve Active Polo Shirt,Polos,0,0,0,2023-12-01 00:00:00
p_sph8dsebwy,Dark Oak Fleece French Terry Pullover Crew Neck Sweatshirt,Sweatshirt,0,0,0,2023-12-01 00:00:00
p_zpj5m6rzbh,Dark Oak Fleece French Terry Pullover Hoodie,Hoodie,0,0,0,2023-12-01 00:00:00
p_bvsv82u2jt,Dark Oak Fleece French Terry Zip Hoodie,Hoodie,0,0,0,2023-12-01 00:00:00
p_xdyn8gxhhe,Dark Oak Long Sleeve Waffle Crew,Sweatshirt,0,0,0,2023-12-01 00:00:00
p_hvyht2dd2v,Dark Oak Slim Twill Chino Pant,Pants,0,0,0,2023-12-01 00:00:00
p_9mtccasba9,Dark Oak Waffle Hoodie,Hoodie,0,0,0,2023-12-01 00:00:00
p_2wxxfw7mca,Dark Olive Fleece Shacket,Shirt Jackets,0,0,0,2023-12-01 00:00:00
p_b3ppfm2vay,Dark Olive Long Sleeve Waffle Crew,Shirt,0,0,0,2023-12-01 00:00:00
p_a6yxedr8jx,Dark Purple Short Sleeve V-Neck T-Shirt ,T-Shirts,0,0,0,2023-12-01 00:00:00
p_zwwudtzed5,Deep Sea Blue Heather Active Hoodie,Hoodie,0,0,0,2023-12-01 00:00:00
p_9y7p8njxta,Deep Sea Blue Heather Active Long Sleeve Crew T-Shirt,T-Shirts,0,0,0,2023-12-01 00:00:00
p_wht3v5efkm,Deep Sea Blue Long Sleeve Waffle Crew,T-Shirts,0,0,0,2023-12-01 00:00:00
p_z7xekuufwm,Ecru Do-It-All Comfort Long Sleeve Button Up Shirt,Button Down Shirts,0,0,0,2023-12-01 00:00:00
p_kvuhf7884a,Electric Blue Short Sleeve Polo Shirt,Polos,0,0,0,2023-12-01 00:00:00
p_ysyjzgmtu6,Evergreen Heather Active Hoodie,Hoodie,0,0,0,2023-12-01 00:00:00
p_shc7xvk932,Evergreen Heather Active Long Sleeve Crew Neck T-Shirt,T-Shirts,0,0,0,2023-12-01 00:00:00
p_2d43kb3hj3,Evergreen Heather Long Sleeve Waffle Crew,Sweatshirt,0,0,0,2023-12-01 00:00:00
p_yszdpmgyju,Evergreen Sweater Scarf,Scarf,0,0,0,2023-12-01 00:00:00
p_ydptv6rbpw,Gradient Classic Polarized Sunglasses,Sunglasses,0,0,0,2023-12-01 00:00:00
p_3wdph5p4a5,Gunmetal Puffer Vest,Outerwear Vests,0,0,0,2023-12-01 00:00:00
p_2c7s8a7bmw,Heather Black Active Jogger,Sweatpants & Joggers,0,0,0,2023-12-01 00:00:00
p_dny6u2yy3n,Heather Burgundy Active Crew Neck T-Shirt,T-Shirts,0,0,0,2023-12-01 00:00:00
p_5a5sfcgqkq,Heather Burgundy Active Long Sleeve Crew Neck T-Shirt,T-Shirts,0,0,0,2023-12-01 00:00:00
p_ctw749pxad,Heather Burgundy Long Sleeve Crew Neck T-Shirt,T-Shirts,0,0,0,2023-12-01 00:00:00
p_pqwkc9p2hu,Heather Burgundy Short Sleeve Crew Neck T-Shirt,T-Shirts,0,0,0,2023-12-01 00:00:00
p_a2wcem7cms,Heather Burgundy Short Sleeve V-Neck T-Shirt,T-Shirts,0,0,0,2023-12-01 00:00:00
p_25hy766nzk,Heather Cayenne Short Sleeve Crew Neck T-Shirt,T-Shirts,0,0,0,2023-12-01 00:00:00
p_x7cgdhmyp3,Heather Navy Short Sleeve Polo Shirt,Polos,0,0,0,2023-12-01 00:00:00
p_2hkre8aznc,Military Green Tall Straight Hem Crew Neck T-Shirt,T-Shirts,0,0,0,2023-12-01 00:00:00
p_73kjt62een,Heather Cayenne Short Sleeve Polo Shirt,Polos,0,0,0,2023-12-01 00:00:00
p_dpgtwv5dut,Heather Cayenne Short Sleeve Tall Polo,Polos,0,0,0,2023-12-01 00:00:00
p_rpenkmstmg,Heather Centurion Active Crew Neck T-Shirt,T-Shirts,0,0,0,2023-12-01 00:00:00
p_kzqm93unyy,Heather Cocoa Active Crew Neck T-Shirt,T-Shirts,0,0,0,2023-12-01 00:00:00
p_rua2yj3jmt,Heather Dark Oak Crew Short Sleeve Neck T-Shirt,T-Shirts,0,0,0,2023-12-01 00:00:00
p_cve5gy56m8,Heather Dark Oak Short Sleeve V-Neck T-Shirt,T-Shirts,0,0,0,2023-12-01 00:00:00
p_cvrhss99ts,Heather Dark Orchid Short Sleeve V-Neck T-Shirt,Shirt,0,0,0,2023-12-01 00:00:00
p_y3r2ug2mpu,Heather Forest Active Crew Neck T-Shirt,T-Shirts,0,0,0,2023-12-01 00:00:00
p_h75hjs7973,Heather Forest Short Sleeve Active Polo Shirt,Polos,0,0,0,2023-12-01 00:00:00
p_x5pshyk4q9,Heather Graphite Short Sleeve Polo Shirt,Polos,0,0,0,2023-12-01 00:00:00
p_g4xkdswn5e,Heather Gray Active Comfort Short,Shorts,0,0,0,2023-12-01 00:00:00
p_9p8bns7rmp,Heather Gray Active Crew Socks 3-Pack,Socks,0,0,0,2023-12-01 00:00:00
p_bjecaeres5,Heather Gray Active Never Show Socks 3-Pack,Socks,0,0,0,2023-12-01 00:00:00
p_nw97q8x9x2,Heather Gray Ankle Socks 3-Pack,Socks,0,0,0,2023-12-01 00:00:00
p_n3jnq4u8q7,Heather Gray Crew Neck Sweater,Knit Sweaters,0,0,0,2023-12-01 00:00:00
p_gbh9ypmsjv,Heather Gray Do-It-All Comfort Long Sleeve Button Up Shirt,Button Down Shirts,0,0,0,2023-12-01 00:00:00
p_bz2jmxhgzb,Heather Gray Fleece French Terry Joggers,Sweatpants & Joggers,0,0,0,2023-12-01 00:00:00
p_dvj7aj4rxq,Heather Gray Fleece French Terry Pullover Crew Neck Sweatshirt,Sweatshirt,0,0,0,2023-12-01 00:00:00
p_ttdapkruav,Heather Gray Fleece French Terry Pullover Hoodie,Hoodie,0,0,0,2023-12-01 00:00:00
p_e3w27784ez,Heather Gray Long Sleeve Lightweight Flannel Shirt,Button Down Shirts,0,0,0,2023-12-01 00:00:00
p_7cvqeq727k,Heather Gray Long Sleeve Polo Shirt,Polos,0,0,0,2023-12-01 00:00:00
p_36tjt6cs8z,Heather Gray Pique Crew Sweater,Knit Sweaters,0,0,0,2023-12-01 00:00:00
p_mbdbf8ya5d,Heather Gray Sweater Long Sleeve Button Up Shirt,Button Down Shirts,0,0,0,2023-12-01 00:00:00
p_gzymf76rmw,Heather Navy Loungewear Jogger,Sweatpants & Joggers,0,0,0,2023-12-01 00:00:00
p_8nxyvmkrbc,Heather Navy Loungewear Pant,Pants,0,0,0,2023-12-01 00:00:00
p_yb98yp2sqv,Indigo Rinse Slim Authentic Stretch Jeans,Jeans,0,0,0,2023-12-01 00:00:00
p_juu2rq3qu8,Indigo Rinse Straight Authentic Stretch Jeans,Jeans,0,0,0,2023-12-01 00:00:00
p_jwjqtb338j,Khaki Comfort Chino Pants,Pants,0,0,0,2023-12-01 00:00:00
p_t83m3bqcj4,Khaki Commuter Pant,Pants,0,0,0,2023-12-01 00:00:00
p_spf5g5jf32,Khaki Slim Twill Chino,Pants,0,0,0,2023-12-01 00:00:00
p_jx3q5n329x,Khaki Straight Twill Chino,Pants,0,0,0,2023-12-01 00:00:00
p_rhugz6jch8,Light Indigo Wash Slim Authentic Stretch Jeans,Jeans,0,0,0,2023-12-01 00:00:00
p_katetzgtwe,Light Indigo Wash Straight Authentic Stretch Jeans,Jeans,0,0,0,2023-12-01 00:00:00
p_s57sjtnm4q,Meadow Straight Twill Chino,Pants,0,0,0,2023-12-01 00:00:00
p_d3c8r9bpvv,Medium Indigo Wash Slim Authentic Stretch Jeans,Jeans,0,0,0,2023-12-01 00:00:00
p_xgzt58skmg,Medium Indigo Wash Straight Authentic Stretch Jeans,Jeans,0,0,0,2023-12-01 00:00:00
p_egd9fym6xg,Navy Commuter Pant,Pants,0,0,0,2023-12-01 00:00:00
p_ymb5bq3vdv,Navy Fleece Shacket,Shirt Jackets,0,0,0,2023-12-01 00:00:00
p_accagka8uw,Reversible Dress Belt,Belt,0,0,0,2023-12-01 00:00:00
p_pjpnhtycns,Sandstone Commuter Pant,Pants,0,0,0,2023-12-01 00:00:00
p_dks9q92uqc,Heather Gray Tall Round Hem Crew Neck T-Shirt,T-Shirts,0,0,0,2023-12-01 00:00:00
p_udqn8s72v2,Navy Tall Round Hem Crew Neck T-Shirt,T-Shirts,0,0,0,2023-12-01 00:00:00
p_8y5vsf82td,Heather Emerald Short Sleeve Crew Neck T-Shirt,T-Shirts,0,0,0,2023-12-01 00:00:00
p_xqh3f9cwus,Heather Emerald Short Sleeve V-Neck T-Shirt,T-Shirts,0,0,0,2023-12-01 00:00:00
p_vst6extntp,Heather Gray Active Jogger,Sweatpants & Joggers,0,0,0,2023-12-01 00:00:00
p_75cz36rfz9,Heather Gray Sweater Hoodie,Hoodie,0,0,0,2023-12-01 00:00:00
p_6cj8gtxf2x,Heather Gray Tall Long Sleeve T-Shirt,Shirt,0,0,0,2023-12-01 00:00:00
p_34upddt2cp,Heather Gray Tall Straight Hem Crew Neck T-Shirt,T-Shirts,0,0,0,2023-12-01 00:00:00
p_behk4g2psv,Heather Gray Short Sleeve V-Neck T-Shirt,T-Shirts,0,0,0,2023-12-01 00:00:00
p_kgcgy98rwb,Heather Gray Waffle Hoodie,Hoodie,0,0,0,2023-12-01 00:00:00
p_6suxvjsvfc,Heather Indigo Tall Round Hem Crew Neck T-Shirt,T-Shirts,0,0,0,2023-12-01 00:00:00
p_jpmpa7s5yw,Heather Indigo Short Sleeve V-Neck T-Shirt,T-Shirts,0,0,0,2023-12-01 00:00:00
p_4pdddcg9t6,Heather Military Green Long Sleeve Crew T-Shirt,T-Shirts,0,0,0,2023-12-01 00:00:00
p_284qkebjr8,Heather Military Green Short Sleeve Polo Shirt,Polos,0,0,0,2023-12-01 00:00:00
p_tbp6wvu828,Heather Military Green Short Sleeve V-Neck T-Shirt,T-Shirts,0,0,0,2023-12-01 00:00:00
p_x8z28nbvwg,Heather Mist Short Sleeve Crew Neck T-Shirt,T-Shirts,0,0,0,2023-12-01 00:00:00
p_rejmm7td92,Heather Mist Short Sleeve V-Neck T-Shirt,T-Shirts,0,0,0,2023-12-01 00:00:00
p_6wj7x98tcn,Heather Navy Active Comfort Crew Sweatshirt,Sweatshirt,0,0,0,2023-12-01 00:00:00
p_mtqhyqahab,Heather Navy Active Comfort Pullover Hoodie,Hoodie,0,0,0,2023-12-01 00:00:00
p_bxnehsqcdv,Heather Navy Short Sleeve Active Polo Shirt,Polos,0,0,0,2023-12-01 00:00:00
p_7bmuq9q6qw,Heather Navy Long Sleeve Ripstop Commuter Shirt,Shirt,0,0,0,2023-12-01 00:00:00
p_g6dg3x3nta,Heather Navy Pique Crew Sweater,Knit Sweaters,0,0,0,2023-12-01 00:00:00
p_5gc6jyy4vw,Heather Navy Tall Round Hem Crew Neck T-Shirt,T-Shirts,0,0,0,2023-12-01 00:00:00
p_u4zzshtv4s,Heather Navy Short Sleeve V-Neck T-Shirt,Shirt,0,0,0,2023-12-01 00:00:00
p_7tce4kfut5,Heather Oatmeal Crew Neck Sweater,Knit Sweaters,0,0,0,2023-12-01 00:00:00
p_eyc8fnh7za,Heather Purple Short Sleeve Crew Neck T-Shirt,T-Shirts,0,0,0,2023-12-01 00:00:00
p_fzwwcz6x6s,Heather Sage Short Sleeve Crew Neck T-Shirt,T-Shirts,0,0,0,2023-12-01 00:00:00
p_xvg4py479t,Heather Sage V-Neck Short Sleeve T-Shirt,T-Shirts,0,0,0,2023-12-01 00:00:00
p_up97jdnnsw,Heather Sapphire Short Sleeve Crew Neck T-Shirt,T-Shirts,0,0,0,2023-12-01 00:00:00
p_84xru5kzx9,Heather Dusty Pink Short Sleeve Crew Neck T-Shirt,T-Shirts,0,0,0,2023-12-01 00:00:00
p_xrvchd55bc,Heather Military Green Short Sleeve Tall Crew,Screen Printed T-Shirts,0,0,0,2023-12-01 00:00:00
p_xqcme6qpqk,Heather Navy Active Comfort Full Zip Hoodie,Hoodie,0,0,0,2023-12-01 00:00:00
p_5f676x59tf,Long Sleeve Tee | Loungewear | Heather Navy,T-Shirts,0,0,0,2023-12-01 00:00:00
p_ztgcvk5gkn,Short Sleeve Tee | Loungewear | Heather Navy,T-Shirts,0,0,0,2023-12-01 00:00:00
p_spgwfvgehe,Heather Navy Sweater Long Sleeve Button Up Shirt,Button Down Shirts,0,0,0,2023-12-01 00:00:00
p_6mr5zpx479,Indigo Wash Straight Fit Comfort Jeans,Jeans,0,0,0,2023-12-01 00:00:00
p_5bvpjy99x9,Ivory Active Jacket,Jacket,0,0,0,2023-12-01 00:00:00
p_23ej4qec4x,Khaki Coaches Jacket,Jacket,0,0,0,2023-12-01 00:00:00
p_ukpa96wyhm,Light Gray Stretch Oxford Long Sleeve Button Up Shirt,Button Down Shirts,0,0,0,2023-12-01 00:00:00
p_mzcrkdhuvj,Light Heather Gray Tall Round Hem Crew Neck T-Shirt,T-Shirts,0,0,0,2023-12-01 00:00:00
p_f7jft6kfqg,Light Indigo Wash Long Sleeve Chambray Shirt,Shirt,0,0,0,2023-12-01 00:00:00
p_ae6rxxhgmc,Medium Indigo Wash Long Sleeve Chambray Shirt,Shirt,0,0,0,2023-12-01 00:00:00
p_4axmubbqfb,Medium Indigo Wash Slim Fit Comfort Jeans,Jeans,0,0,0,2023-12-01 00:00:00
p_6b6wk8uxa6,Military Green Comfort Chino Pants,Pants,0,0,0,2023-12-01 00:00:00
p_ewa8pkqm8u,Military Green Fleece French Terry Jogger,Sweatpants & Joggers,0,0,0,2023-12-01 00:00:00
p_9fu3j9tbue,Military Green Tall Round Hem Crew Neck T-Shirt,T-Shirts,0,0,0,2023-12-01 00:00:00
p_26dpvscejy,Navy Comfort Chino Pants,Pants,0,0,0,2023-12-01 00:00:00
p_gqs2hwpkjy,Navy Commuter Long Sleeve Button Up Shirt,Shirt,0,0,0,2023-12-01 00:00:00
p_e58dmnpc9e,Navy Fleece French Terry Jogger,Sweatpants & Joggers,0,0,0,2023-12-01 00:00:00
p_r3gbt3j2kw,Navy Long Sleeve Button Up Shirt,Shirt,0,0,0,2023-12-01 00:00:00
p_byy2kmxasx,Navy Long Sleeve Lightweight Flannel Shirt,Shirt,0,0,0,2023-12-01 00:00:00
p_dr2dsqwwjd,Navy Performance Lightweight Dress Shirt,Button Down Shirts,0,0,0,2023-12-01 00:00:00
p_2d9wqf9yrd,Navy Puffer Vest,Outerwear Vests,0,0,0,2023-12-01 00:00:00
p_m753ak35t9,Navy Stretch Oxford Long Sleeve Button Up Shirt,Shirt,0,0,0,2023-12-01 00:00:00
p_wzprzguypw,Sandstone Comfort Chino Pants,Pants,0,0,0,2023-12-01 00:00:00
p_fyejvaduhb,Stone Blue Active Jogger,Sweatpants & Joggers,0,0,0,2023-12-01 00:00:00
p_gv8hh5kma3,Stone Stretch Oxford Long Sleeve Button Up Shirt,Button Down Shirts,0,0,0,2023-12-01 00:00:00
p_9absn9mpzt,Suede Brown Comfort Chino Pant,Pants,0,0,0,2023-12-01 00:00:00
p_f3zjdpjr6y,White Active Ankle Socks 3-Pack,Socks,0,0,0,2023-12-01 00:00:00
p_vdzeqmc9rs,White Active Crew Socks 3-Pack,Socks,0,0,0,2023-12-01 00:00:00
p_u9kx69bqms,White Active Never Show Socks 3-Pack,Socks,0,0,0,2023-12-01 00:00:00
p_jybua995rp,White Long Sleeve Button Up Shirt,Button Down Shirts,0,0,0,2023-12-01 00:00:00
p_yabrk8yt6y,White Commuter Long Sleeve Button Up Shirt,Button Down Shirts,0,0,0,2023-12-01 00:00:00
p_jc3jqkdafw,White Commuter Short Sleeve Button Up,Button Down Shirts,0,0,0,2023-12-01 00:00:00
p_hvfwhakq9c,White Performance Lightweight Dress Shirt,Button Down Shirts,0,0,0,2023-12-01 00:00:00
p_btfq53bzn6,White Short Sleeve Active Polo Shirt,Polos,0,0,0,2023-12-01 00:00:00
p_p42j2ebh8r,White Short Sleeve Button Up Shirt,Shirt,0,0,0,2023-12-01 00:00:00
p_xug2xuwpqn,White Stretch Oxford Long Sleeve Button Up Shirt,Shirt,0,0,0,2023-12-01 00:00:00
p_2xrckgaktx,White Tall Round Hem Crew Neck T-Shirt,T-Shirts,0,0,0,2023-12-01 00:00:00
p_p29249kscd,White Waffle Hoodie,Hoodie,0,0,0,2023-12-01 00:00:00
p_395td7np9f,Heather Military Green Short Sleeve Tall Polo Shirt,Polos,0,0,0,2023-12-01 00:00:00
p_tmjb73g498,Heather Navy Short Sleeve Tall Polo Shirt,Polos,0,0,0,2023-12-01 00:00:00
p_p7dtyf9kd8,Heather Pale Blue Short Sleeve V-Neck T-Shirt,T-Shirts,0,0,0,2023-12-01 00:00:00
p_3fgxkpaxye,Heather Seafarer Short Sleeve Polo Shirt,Polos,0,0,0,2023-12-01 00:00:00
p_jre675wesy,Heather Seafarer Short Sleeve Tall Polo Shirt,Polos,0,0,0,2023-12-01 00:00:00
p_mqgpa9st88,Heather Sapphire Short Sleeve V-Neck T-Shirt,T-Shirts,0,0,0,2023-12-01 00:00:00
p_vaexg8brvb,Heather Navy Short Sleeve Tall Crew,T-Shirts,0,0,0,2023-12-01 00:00:00
p_dqknx7njuf,Heather Slate Green Short Sleeve Polo Shirt,Polos,0,0,0,2023-12-01 00:00:00
p_zscv6ea69y,Heather Voyager Short Sleeve Crew Neck T-Shirt,T-Shirts,0,0,0,2023-12-01 00:00:00
p_jzwpw7njj6,Heather Voyager Short Sleeve Polo Shirt,Polos,0,0,0,2023-12-01 00:00:00
p_6e9uas44v6,Heather Voyager Short Sleeve V-Neck T-Shirt,T-Shirts,0,0,0,2023-12-01 00:00:00
p_28xdw49sqx,Indigo Short Sleeve Crew Neck T-Shirt,T-Shirts,0,0,0,2023-12-01 00:00:00
p_79pyfxzssb,Indigo Short Sleeve V-Neck T-Shirt,T-Shirts,0,0,0,2023-12-01 00:00:00
p_cje82wcjgv,Iron Gray Active Crew Neck T-Shirt,T-Shirts,0,0,0,2023-12-01 00:00:00
p_42exp9424a,Light Heather Gray Active Crew Neck T-Shirt,T-Shirts,0,0,0,2023-12-01 00:00:00
p_8v2uvftad7,Light Heather Gray Short Sleeve Crew Neck T-Shirt,T-Shirts,0,0,0,2023-12-01 00:00:00
p_39k28x38p7,Light Heather Gray Short Sleeve Polo Shirt,Polos,0,0,0,2023-12-01 00:00:00
p_cgxstjpjhj,Light Khaki Short Sleeve Crew Neck T-Shirt,T-Shirts,0,0,0,2023-12-01 00:00:00
p_4rudftw6u6,Lilac Gray Short Sleeve V-Neck T-Shirt,T-Shirts,0,0,0,2023-12-01 00:00:00
p_zymrwj8fj9,Mahogany Short Sleeve Crew Neck T-Shirt,T-Shirts,0,0,0,2023-12-01 00:00:00
p_6b99p4bqsk,Mahogany Short Sleeve Polo Shirt,Polos,0,0,0,2023-12-01 00:00:00
p_tgudk6vxpb,Military Beige Short Sleeve V-Neck T-Shirt,T-Shirts,0,0,0,2023-12-01 00:00:00
p_cbxu2v3ntm,Military Green Short Sleeve Active Crew Neck T-Shirt,T-Shirts,0,0,0,2023-12-01 00:00:00
p_j9ak85wp57,Military Green Active Quick Dry Short with Liner,Shorts,0,0,0,2023-12-01 00:00:00
p_tfc9aqbuz4,Military Green Short Sleeve Crew Neck T-Shirt,T-Shirts,0,0,0,2023-12-01 00:00:00
p_ch6qn6a8en,Military Green Short Sleeve V-Neck T-Shirt,T-Shirts,0,0,0,2023-12-01 00:00:00
p_t4px9w63de,Navy Short Sleeve Crew Neck T-Shirt,T-Shirts,0,0,0,2023-12-01 00:00:00
p_cty4s4ehz9,Orange Short Sleeve V-Neck T-Shirt,T-Shirts,0,0,0,2023-12-01 00:00:00
p_wc3k5eupk3,Oxford Blue Short Sleeve V-Neck T-Shirt,T-Shirts,0,0,0,2023-12-01 00:00:00
p_zc2fube8nb,Periwinkle Blue Short Sleeve Polo Shirt,Polos,0,0,0,2023-12-01 00:00:00
p_hed6qt6arh,Raspberry Short Sleeve Polo Shirt,Polos,0,0,0,2023-12-01 00:00:00
p_uwx92gahmk,Mahogany Long Sleeve Henley,T-Shirts,0,0,0,2023-12-01 00:00:00
p_mdphbu2y54,Indigo Long Sleeve T-Shirt,T-Shirts,0,0,0,2023-12-01 00:00:00
p_vhh2e6dge7,Mellow Yellow Short Sleeve Crew Neck T-Shirt,T-Shirts,0,0,0,2023-12-01 00:00:00
p_w24fe8f3xz,Mellow Yellow Short Sleeve V-Neck T-Shirt,T-Shirts,0,0,0,2023-12-01 00:00:00
p_77barf9kfn,Mahogany Long Sleeve Waffle Crew,Sweatshirt,0,0,0,2023-12-01 00:00:00
p_624s29xq4x,Sweater Scarf | Black,Scarf,0,0,0,2023-12-01 00:00:00
p_c4xj5zhjn2,Heather Navy Sweater Button Up Shirt,Button Down Shirts,0,0,0,2023-12-01 00:00:00
p_qek9etj5vj,Heather Voyager Short Sleeve Crew Neck T-Shirt,Shirt,0,0,0,2023-12-01 00:00:00
p_u9qz9yabud,Indigo Wash Slim Fit Comfort Jeans,Jeans,0,0,0,2023-12-01 00:00:00
p_h5b94d3deu,Centurion Short Sleeve Sweater Polo,Polos,0,0,0,2023-12-01 00:00:00
p_erspmns4ce,Heather Seafarer Short Sleeve V-Neck Neck T-Shirt,Shirt,0,0,0,2023-12-01 00:00:00
p_q4h28hmd8q,Never Show Socks | Active | 3-Pack | Black,Socks,0,0,0,2023-12-01 00:00:00
p_aj2ry7xdv9,"Chino Shorts | Comfort | 7"" | Rosewood",Shorts,0,0,0,2023-12-01 00:00:00
p_9y7cp9jumm,"Shorts | Classic Twill | 9"" | Sandstone",Shorts,0,0,0,2023-12-01 00:00:00
p_3pskc4cwbp,"Shorts | Classic Twill | 9"" Khaki",Shorts,0,0,0,2023-12-01 00:00:00
p_6bn53rdnz2,"Shorts | Classic Twill | 9"" | Navy",Shorts,0,0,0,2023-12-01 00:00:00
p_h4877neu4n,Sandstone Commuter Short,Shorts,0,0,0,2023-12-01 00:00:00
p_xsbj94sm6q,Heather Gray Fleece French Terry Short,Shorts,0,0,0,2023-12-01 00:00:00
p_jqam2z9s7w,"Chino Shorts | Comfort | 9"" | Ivory",Shorts,0,0,0,2023-12-01 00:00:00
p_kvcynwabcy,"Chino Shorts | Comfort | 9"" | Sandstone",Shorts,0,0,0,2023-12-01 00:00:00
p_7y7ms9wtr4,Shorts | Active Comfort | Black,Shorts,0,0,0,2023-12-01 00:00:00
p_r5du83g9df,Shorts | Active | Quick Dry with Liner | Black,Swim Shorts,0,0,0,2023-12-01 00:00:00
p_7pvp4dcq5n,Carbon Active Quick Dry Short with Liner,Swim Shorts,0,0,0,2023-12-01 00:00:00
p_gmhetj6qvj,Long Sleeve Button Up Shirt | Stretch Oxford | Banker Blue,Button Down Shirts,0,0,0,2023-12-01 00:00:00
p_8q3s9r6qwu,Hoodie | Active Comfort | Full Zip | Black,Hoodie,0,0,0,2023-12-01 00:00:00
p_fc9era585c,Jacket | Active | Black,Athletic Jackets,0,0,0,2023-12-01 00:00:00
p_m26ckp2n6s,Black Tall Round Hem Crew Neck T-Shirt,T-Shirts,0,0,0,2023-12-01 00:00:00
p_cfg5xu3gvw,Dark Olive Short Sleeve Crew Neck T-Shirt,T-Shirts,0,0,0,2023-12-01 00:00:00
p_yhput7au44,Dark Olive Long Sleeve Henley,T-Shirts,0,0,0,2023-12-01 00:00:00
p_ez9ax3esv6,Emerald Long Sleeve Crew Neck T-Shirt,T-Shirts,0,0,0,2023-12-01 00:00:00
p_8vx6ygsmsd,Heather Gray Hooded Long Sleeve T-Shirt,Hoodie,0,0,0,2023-12-01 00:00:00
p_23ubcbvz89,Heather Gray Never Show Socks 3-Pack,Socks,0,0,0,2023-12-01 00:00:00
p_pz6x448p9t,Heather Gray Short Sleeve Sweater Polo Shirt,Knit Tops,0,0,0,2023-12-01 00:00:00
p_jg78h55jmw,Heather Gray Sweater Beanie,Beanie,0,0,0,2023-12-01 00:00:00
p_w7ysprckp8,Heather Navy Active Comfort Straight Leg Pant,Sweatpants & Joggers,0,0,0,2023-12-01 00:00:00
p_8nnyqj3ewe,Heather Emerald Tall Round Hem Crew Neck T-Shirt,T-Shirts,0,0,0,2023-12-01 00:00:00
p_ttezb89gxf,Heather Mauve Short Sleeve Crew Neck T-Shirt,T-Shirts,0,0,0,2023-12-01 00:00:00
p_qtjb9pcnn3,Heather Navy Active Shell Jacket,Jacket,0,0,0,2023-12-01 00:00:00
p_f92h3kv2cv,Heather Pale Blue Short Sleeve Crew Neck T-Shirt,T-Shirts,0,0,0,2023-12-01 00:00:00
p_vjgaj8nyrd,Heather Gray Sweater Scarf,Scarf,0,0,0,2023-12-01 00:00:00
p_dy7mjs4bpm,Sleeveless Muscle Tee | Active | Light Heather Gray,Tank Top,0,0,0,2023-12-01 00:00:00
p_6sdgsje2m3,Mahogany Fleece French Terry Jogger,Sweatpants & Joggers,0,0,0,2023-12-01 00:00:00
p_xfct3t2vkk,Mahogany Waffle Hoodie,Hoodie,0,0,0,2023-12-01 00:00:00
p_wtnvenruq9,Medium indigo Wash Straight Fit Comfort Jeans,Jeans,0,0,0,2023-12-01 00:00:00
p_v8pfb5wryd,Military Green Waffle Hoodie,Hoodie,0,0,0,2023-12-01 00:00:00
p_x525p5gyt4,Moss Short Sleeve Sweater Polo Shirt,T-Shirts,0,0,0,2023-12-01 00:00:00
p_t58yx24wsb,Navy Hooded Long Sleeve T-Shirt,Sweatshirt,0,0,0,2023-12-01 00:00:00
p_msfd479sz8,Navy Short Sleeve Button Up Shirt,Shirt,0,0,0,2023-12-01 00:00:00
p_mau5qbhasg,Navy Short Sleeve Sweater Polo Shirt,Knit Sweaters,0,0,0,2023-12-01 00:00:00
p_kccxqadagn,Navy Waffle Hoodie,Hoodie,0,0,0,2023-12-01 00:00:00
p_dbg2vhd8gn,Navy Waffle Long Sleeve Crew Neck,Sweatshirt,0,0,0,2023-12-01 00:00:00
p_7kzk6kwsxk,Oatmeal Sweater Hoodie,Hoodie,0,0,0,2023-12-01 00:00:00
p_xhubfpt2bh,Olive Long Sleeve Ripstop Commuter Shirt,Shirt,0,0,0,2023-12-01 00:00:00
p_29wrd4wkfa,Pale Blue Button Up Shirt,Button Down Shirts,0,0,0,2023-12-01 00:00:00
p_u2rhgedcvp,White Long Sleeve Polo Shirt,Polos,0,0,0,2023-12-01 00:00:00
p_5e7t6v6gv8,Heather Sapphire Short Sleeve V-Neck T-Shirt,T-Shirts,0,0,0,2023-12-01 00:00:00
p_wctjf5cy38,Heather Seafarer Short Sleeve Crew Neck T-Shirt,T-Shirts,0,0,0,2023-12-01 00:00:00
p_dxzcer2fk8,Heather Slate Green Short Sleeve Crew Neck T-Shirt,T-Shirts,0,0,0,2023-12-01 00:00:00
p_dbcpnaxxzz,Navy Boxer Briefs 3-Pack,Underwear,0,0,0,2023-12-01 00:00:00
p_4juc2hdg85,Navy Tall Straight Hem Crew Neck T-Shirt,T-Shirts,0,0,0,2023-12-01 00:00:00
p_drc7rrjfsv,Mahogany Long Sleeve T-Shirt,Shirt,0,0,0,2023-12-01 00:00:00
p_rpcku7uhxu,Mahogany Short Sleeve V-Neck T-Shirt,T-Shirts,0,0,0,2023-12-01 00:00:00
p_jj6vbqjbcj,Navy Boxer Trunks 3-Pack,Underwear,0,0,0,2023-12-01 00:00:00
p_zm5cpgbxrk,Sapphire Short Sleeve Crew Neck T-Shirt,T-Shirts,0,0,0,2023-12-01 00:00:00
p_npv4nzv5x2,Sapphire Short Sleeve Polo Shirt,Polos,0,0,0,2023-12-01 00:00:00
p_ps2ys9u9da,Short Sleeve T-Shirt | Crew Neck | Steel,T-Shirts,0,0,0,2023-12-01 00:00:00
p_wue6hk6hmr,Short Sleeve T-Shirt | V-Neck | Steel,T-Shirts,0,0,0,2023-12-01 00:00:00
p_avsdr3kjaw,Military Green Boxer Briefs 3-Pack,Underwear,0,0,0,2023-12-01 00:00:00
p_9xxg4dd5wv,Navy Tall Long Sleeve T-Shirt,Shirt,0,0,0,2023-12-01 00:00:00
p_4qvba3a9f7,Off White Short Sleeve Crew Neck T-Shirt,T-Shirts,0,0,0,2023-12-01 00:00:00
p_rh632vzkvf,Raspberry Short Sleeve Crew Neck T-Shirt,T-Shirts,0,0,0,2023-12-01 00:00:00
p_jgnjyyepyv,White Short Sleeve Crew Neck T-Shirt,T-Shirts,0,0,0,2023-12-01 00:00:00
p_2nzpxxx9qd,White Tall Long Sleeve T-Shirt,T-Shirts,0,0,0,2023-12-01 00:00:00
p_fsr8s5rfne,Navy Tall Active Crew Neck,T-Shirts,0,0,0,2023-12-01 00:00:00
p_xzhwz3h8uh,Heather Light Khaki Crew Neck,Sweatshirt,0,0,0,2023-12-01 00:00:00
p_g2f7b4qvq8,Kelly Green Short Sleeve Crew Neck T-Shirt,T-Shirts,0,0,0,2023-12-01 00:00:00
p_jdmt24d7hn,Pale Blue Short Sleeve Crew Neck T-Shirt,T-Shirts,0,0,0,2023-12-01 00:00:00
p_xx645fy2er,Pink Opal Short Sleeve Crew Neck T-Shirt,T-Shirts,0,0,0,2023-12-01 00:00:00
p_m9zcd62yqy,Sandstone Short Sleeve Crew Neck T-Shirt,T-Shirts,0,0,0,2023-12-01 00:00:00
p_4m97kku3wq,Tan 499 Short Sleeve Crew Neck T-Shirt,T-Shirts,0,0,0,2023-12-01 00:00:00
p_6q2v79acx5,Light Blue Short Sleeve V-Neck T-Shirt,T-Shirts,0,0,0,2023-12-01 00:00:00
p_ce7amvu2k2,Light Heather Short Sleeve Gray V-Neck T-Shirt,T-Shirts,0,0,0,2023-12-01 00:00:00
p_ar4zzgjk5p,Periwinkle Blue Short Sleeve Crew Neck T-Shirt,T-Shirts,0,0,0,2023-12-01 00:00:00
p_e34ttzx6kf,True Red Short Sleeve Crew Neck T-Shirt,T-Shirts,0,0,0,2023-12-01 00:00:00
p_qsrzg2ce35,Turquoise Short Sleeve Crew Neck T-Shirt,T-Shirts,0,0,0,2023-12-01 00:00:00
p_bg7f7edphc,Stone Blue Active Comfort Short,Shorts,0,0,0,2023-12-01 00:00:00
p_ka34xhhhr8,Indigo Boxer Briefs 3-Pack,Underwear,0,0,0,2023-12-01 00:00:00
p_axzk47pvme,Teal Boxer Briefs 3-Pack,Underwear,0,0,0,2023-12-01 00:00:00
p_cnrb9yncvy,White Half Crew Sock 3-Pack,Socks,0,0,0,2023-12-01 00:00:00
p_pkqtyg3hqm,White Never Show Socks 3-Pack,Socks,0,0,0,2023-12-01 00:00:00
p_8q6fwp8wgq,Yellow Short Sleeve Polo Shirt,Polos,0,0,0,2023-12-01 00:00:00
p_8497zwuxp3,Mahogany Fleece French Terry Pullover Crew Sweatshirt,Sweatshirt,0,0,0,2023-12-01 00:00:00
p_dcqnnrpypu,Long Sleeve Tee And Jogger Set | Loungewear | Charcoal Heather Gray,Sweatshirt,0,0,0,2023-12-01 00:00:00
p_cc9s42vn4x,Short Sleeve Tee And Pant Set | Loungewear | Charcoal Heather Gray,Sweatpants & Joggers,0,0,0,2023-12-01 00:00:00
p_zwuqmdbfnt,Charcoal Heather Gray Short Sleeve Tall Active Crew Neck,T-Shirts,0,0,0,2023-12-01 00:00:00
p_un65wg283k,Long Sleeve Tee And Jogger Set | Loungewear | Heather Navy,Sweatshirt,0,0,0,2023-12-01 00:00:00
p_pqxd5rn6d9,Short Sleeve Tee And Pant Set | Loungewear | Heather Navy,Lounge Sweatpants & Joggers,0,0,0,2023-12-01 00:00:00
p_pznn6yemfk,Heather Navy Quarter Zip Performance Shirt,Athletic Tops,0,0,0,2023-12-01 00:00:00
p_f8nexh4476,Heather Navy Short Sleeve Tall Active Crew Neck,T-Shirts,0,0,0,2023-12-01 00:00:00
p_v4vw7cyjx6,White Short Sleeve Tall Active Crew Neck,T-Shirts,0,0,0,2023-12-01 00:00:00
p_fbcq86jv23,Heather Dusty Pink Short Sleeve V-Neck T-Shirt,T-Shirts,0,0,0,2023-12-01 00:00:00
p_d47n8u8fab,Black Long Sleeve Henley,Shirt,0,0,0,2023-12-01 00:00:00
p_7ekanr458k,Heather Burgundy Active Crew Neck T-Shirt,Shirt,0,0,0,2023-12-01 00:00:00
p_adhb2jnwk7,Military Green Tall Straight Hem Crew Neck T-Shirt,T-Shirts,0,0,0,2023-12-01 00:00:00
p_4xegh3d2dq,White Short Sleeve Active Polo Shirt,Polos,0,0,0,2023-12-01 00:00:00
p_jgj485u9gx,Heather Gray Hooded Long Sleeve T-Shirt,Hoodie,0,0,0,2023-12-01 00:00:00
p_5uvd4uv28m,Mahogany Waffle Hoodie,Hoodie,0,0,0,2023-12-01 00:00:00
p_qh5ucmcku5,Military Green Waffle Hoodie,Hoodie,0,0,0,2023-12-01 00:00:00
p_wrcbv4f2uu,Navy Hooded Long Sleeve T-Shirt,Sweatshirt,0,0,0,2023-12-01 00:00:00
p_3rcm54jqbs,Navy Waffle Hoodie,Hoodie,0,0,0,2023-12-01 00:00:00
p_vjd833ph3z,White Waffle Hoodie,Hoodie,0,0,0,2023-12-01 00:00:00
p_5uapency29,Navy Waffle Long Sleeve Crew Neck,Sweatshirt,0,0,0,2023-12-01 00:00:00
p_4ssfur9upr,Pale Blue Button Up Shirt,Button Down Shirts,0,0,0,2023-12-01 00:00:00
p_u9t2zm725p,Short Sleeve Active Polo Shirt | Black,Polos,0,0,0,2023-12-01 00:00:00
p_mnk33hmpwg,White Short Sleeve Active Polo,Polos,0,0,0,2023-12-01 00:00:00
p_ch7bwuavhv,Heather Gray Sweater Scarf,Scarf,0,0,0,2023-12-01 00:00:00
p_5crt48k7v7,Navy Short Sleeve Button Up Shirt,Shirt,0,0,0,2023-12-01 00:00:00
p_r6t642amsw,White Short Sleeve Button Up Shirt,Shirt,0,0,0,2023-12-01 00:00:00
p_pzx9wvv4qb,Heather Mauve Short Sleeve Crew Neck T-Shirt,T-Shirts,0,0,0,2023-12-01 00:00:00
p_tvdv27amhe,Heather Navy Active Comfort Straight Leg Pant,Sweatpants & Joggers,0,0,0,2023-12-01 00:00:00
p_2rhbv3znrg,Heather Navy Active Shell Jacket,Jacket,0,0,0,2023-12-01 00:00:00
p_ne28r8hbv2,Heather Seafarer Short Sleeve Crew Neck T-Shirt,T-Shirts,0,0,0,2023-12-01 00:00:00
p_yxq99tj7cv,Heather Slate Green Short Sleeve Crew Neck T-Shirt,Shirt,0,0,0,2023-12-01 00:00:00
p_2mwcc7hpkx,Light Heather Gray Sleeveless Active Muscle Tee,Tank Top,0,0,0,2023-12-01 00:00:00
p_cyyubbh7u4,Mahogany Fleece French Terry Jogger,Sweatpants & Joggers,0,0,0,2023-12-01 00:00:00
p_fqsqmarq3k,Mahogany Long Sleeve T-Shirt,Shirt,0,0,0,2023-12-01 00:00:00
p_r6f5ekuzmt,Mahogany V-Neck T-Shirt,Shirt,0,0,0,2023-12-01 00:00:00
p_zm7a3rkwma,Navy Tall Straight Hem Crew Neck T-Shirt,T-Shirts,0,0,0,2023-12-01 00:00:00
p_qktubda8xw,Heather Sapphire Short Sleeve V-Neck T-Shirt,T-Shirts,0,0,0,2023-12-01 00:00:00
p_bpux6v6hy3,Moss Short Sleeve Sweater Polo Shirt,T-Shirts,0,0,0,2023-12-01 00:00:00
p_x53atty9z2,Steel Short Sleeve V-Neck T-Shirt,T-Shirts,0,0,0,2023-12-01 00:00:00
p_55tcz9qg6f,Black Boxer Briefs 3-Pack,Underwear,0,0,0,2023-12-01 00:00:00
p_3t9x6drd9q,Never Show Socks | 3-Pack | Black,Socks,0,0,0,2023-12-01 00:00:00
p_9u87cuwg9k,Carbon Boxer Briefs 3-Pack,Underwear,0,0,0,2023-12-01 00:00:00
p_wuqcj8q3tb,Heather Gray Never Show Socks 3-Pack,Socks,0,0,0,2023-12-01 00:00:00
p_hj4kerceu3,Heather Gray Sweater Beanie,Beanie,0,0,0,2023-12-01 00:00:00
p_zkfhub8juv,Indigo Boxer Briefs 3-Pack,Underwear,0,0,0,2023-12-01 00:00:00
p_gky7ujn5kk,Military Green Boxer Briefs 3-Pack,Underwear,0,0,0,2023-12-01 00:00:00
p_hcstkqf7xs,Navy Boxer Briefs 3-Pack,Underwear,0,0,0,2023-12-01 00:00:00
p_vvxrx4e62u,Navy Boxer Trunks 3-Pack,Underwear,0,0,0,2023-12-01 00:00:00
p_ebtxk5mjkc,Teal Boxer Briefs 3-Pack,Underwear,0,0,0,2023-12-01 00:00:00
p_n52bwwvypc,White Active Crew Socks 3-Pack,Socks,0,0,0,2023-12-01 00:00:00
p_ngty2gftav,White Active Never Show Socks 3-Pack,Socks,0,0,0,2023-12-01 00:00:00
p_kdjpvxj7fs,White Half Crew Sock 3-Pack,Socks,0,0,0,2023-12-01 00:00:00
p_yefeaupknw,White Never Show Socks 3-Pack,Socks,0,0,0,2023-12-01 00:00:00
p_39acmqrp48,White Never Show Socks 3-Pack,Socks,0,0,0,2023-12-01 00:00:00
p_ntuxn2s2c5,Yellow Polo,Polos,0,0,0,2023-12-01 00:00:00
p_d53wqyy6nw,Oatmeal Sweater Hoodie,Hoodie,0,0,0,2023-12-01 00:00:00
p_xqd85rvpxs,Black Puffer Jacket,Puffer Jackets,0,0,0,2023-12-01 00:00:00
p_cad333s5q5,Heather Burgundy Active Long Sleeve Crew Neck,Sweatshirt,0,0,0,2023-12-01 00:00:00
p_heevyaqhce,"9"" Sandstone Classic Twill Shorts",Shorts,0,0,0,2023-12-01 00:00:00
p_yptjy3dzdz,"Shorts | Classic Twill | 7"" | Navy",Shorts,0,0,0,2023-12-01 00:00:00
p_v7wa7rn4tb,"Shorts | Classic Twill | 9"" | Khaki",Shorts,0,0,0,2023-12-01 00:00:00
p_x53vukk5e9,"Shorts | Classic Twill | 9"" | Meadow",Shorts,0,0,0,2023-12-01 00:00:00
p_yacuttmhrh,"9"" Navy Classic Twill Shorts",Shorts,0,0,0,2023-12-01 00:00:00
p_2432p8f6a5,"Shorts | Active Training | 7"" | Navy",Shorts,0,0,0,2023-12-01 00:00:00
p_64vbv6tpdm,Heather Gray Fleece French Terry Shorts,Shorts,0,0,0,2023-12-01 00:00:00
p_bmga62pefz,"9"" Sandstone Comfort Chino Shorts",Shorts,0,0,0,2023-12-01 00:00:00
p_b9pagk3ugb,Shorts | Active Comfort | Black,Shorts,0,0,0,2023-12-01 00:00:00
p_yn26dfj46r,Dark Heather Burgundy Active Comfort Short,Swim Shorts,0,0,0,2023-12-01 00:00:00
p_pe2azubxe8,Dark Heather Indigo Active Comfort Short,Shorts,0,0,0,2023-12-01 00:00:00
p_p58c6d9vvb,Dark Heather Military Green Active Comfort Short,Shorts,0,0,0,2023-12-01 00:00:00
p_6uh7rmkygu,Black Active Quick Dry Short with Liner,Swim Shorts,0,0,0,2023-12-01 00:00:00
p_wdbckwxtef,Carbon Active Quick Dry Short with Liner,Swim Shorts,0,0,0,2023-12-01 00:00:00
p_use9g4kaed,Black Active Never Show Socks 3-Pack,Socks,0,0,0,2023-12-01 00:00:00
p_85umjtnpsy,Sweater Scarf | Black,Scarf,0,0,0,2023-12-01 00:00:00
p_atrr9sdp25,Charcoal Heather Gray Short Sleeve Tall Polo Shirt,Polos,0,0,0,2023-12-01 00:00:00
p_9h2qsu97ew,Dark Heather Navy Active Comfort Short,Shorts,0,0,0,2023-12-01 00:00:00
p_znadcksnfx,Reversible Casual Belt,Belt,0,0,0,2023-12-01 00:00:00
p_rbz7y8npg6,Indigo Wash Slim Fit Comfort Jeans,Jeans,0,0,0,2023-12-01 00:00:00
p_p54vvkv29d,Light Heather Gray Quarter Zip Performance Shirt,Athletic Tops,0,0,0,2023-12-01 00:00:00
p_rujp4wvbzv,Mahogany Long Sleeve Waffle Crew,Sweatshirt,0,0,0,2023-12-01 00:00:00
p_vsyjxxtp4a,Navy Short Sleeve Active Polo Shirt,Polos,0,0,0,2023-12-01 00:00:00
p_tfhcx4fbf5,Heather Gray Never Show Socks 3-Pack,Socks,0,0,0,2023-12-01 00:00:00
p_ggkq2n25rk,Carbon Waffle Hoodie,Hoodie,0,0,0,2023-12-01 00:00:00
p_fsar8whm4b,Dark Oak Waffle Hoodie,Hoodie,0,0,0,2023-12-01 00:00:00
p_nqbh5bzsfh,Heather Gray Long Sleeve Polo,Polos,0,0,0,2023-12-01 00:00:00
p_ter2rcscz6,Heather Gray Waffle Hoodie,Hoodie,0,0,0,2023-12-01 00:00:00
p_5z9rynrdat,Dark Oak Long Sleeve Waffle Crew,Sweatshirt,0,0,0,2023-12-01 00:00:00
p_ap2c64hjnc,Dark Olive Long Sleeve Waffle Crew,Shirt,0,0,0,2023-12-01 00:00:00
p_zwzpj7gynb,Deep Sea Blue Long Sleeve Waffle Crew,T-Shirts,0,0,0,2023-12-01 00:00:00
p_ejzn2bhevc,Evergreen Heather Long Sleeve Waffle Crew,Sweatshirt,0,0,0,2023-12-01 00:00:00
p_456rdfdknv,Navy Long Sleeve Button Up Shirt,Shirt,0,0,0,2023-12-01 00:00:00
p_9ueremsrcn,Heather Navy Short Sleeve Loungewear Tee,T-Shirts,0,0,0,2023-12-01 00:00:00
p_pxj9zkmurj,Charcoal Heather Active Comfort Pullover Hoodie,Hoodie,0,0,0,2023-12-01 00:00:00
p_ab6dzqm4qc,Charcoal Heather Gray Fleece French Terry Jogger,Sweatpants & Joggers,0,0,0,2023-12-01 00:00:00
p_r7g7s9ued2,Dark Olive Fleece Shacket,Jacket,0,0,0,2023-12-01 00:00:00
p_pevetyjchy,Heather Dark Oak V-Neck T-Shirt,Screen Printed T-Shirts,0,0,0,2023-12-01 00:00:00
p_7bmm7jjbng,Heather Gray Long Sleeve Lightweight Flannel Shirt,Button Down Shirts,0,0,0,2023-12-01 00:00:00
p_jdy7juawjw,Heather Gray Pique Crew Sweater,Knit Sweaters,0,0,0,2023-12-01 00:00:00
p_hdbwf4s669,Heather Gray Tall Straight Hem Crew Neck T-Shirt,T-Shirts,0,0,0,2023-12-01 00:00:00
p_zsnvka2svc,Heather Mist Short Sleeve Crew Neck T-Shirt,T-Shirts,0,0,0,2023-12-01 00:00:00
p_h4edseg6hf,Heather Navy Active Comfort Pullover Hoodie,Hoodie,0,0,0,2023-12-01 00:00:00
p_n6kve3ddkw,Heather Navy Long Sleeve Ripstop Commuter Shirt,Shirt,0,0,0,2023-12-01 00:00:00
p_h8jucbuvcu,Heather Navy Pique Crew Sweater,Knit Sweaters,0,0,0,2023-12-01 00:00:00
p_sxcevd7ww2,Heather Oatmeal Crew Neck Sweater,Knit Sweaters,0,0,0,2023-12-01 00:00:00
p_ex8zw8z5dh,Heather Sapphire Short Sleeve Crew Neck T-Shirt,T-Shirts,0,0,0,2023-12-01 00:00:00
p_fdgw8vn8mw,Indigo Wash Straight Fit Comfort Jeans,Jeans,0,0,0,2023-12-01 00:00:00
p_gkhuhrbvc5,Light Indigo Wash Long Sleeve Chambray Shirt,Shirt,0,0,0,2023-12-01 00:00:00
p_5ez35speq8,Medium Indigo Wash Long Sleeve Chambray Shirt,Shirt,0,0,0,2023-12-01 00:00:00
p_36tbyhq9p3,Navy Fleece Shacket,Shirt Jackets,0,0,0,2023-12-01 00:00:00
p_grdphsazq4,Reversible Dress Belt,Belt,0,0,0,2023-12-01 00:00:00
p_qj9xh26ctj,Sapphire Short Sleeve Crew Neck T-Shirt,Screen Printed T-Shirts,0,0,0,2023-12-01 00:00:00
p_7nraatq97j,Steel Short Sleeve Crew Neck T-Shirt,T-Shirts,0,0,0,2023-12-01 00:00:00
p_37z5p8b2wz,Heather Dark Orchid Short Sleeve Vee Neck T-Shirt,Shirt,0,0,0,2023-12-01 00:00:00
p_rr9yu69cdx,Heather Mist Short Sleeve Vee Neck T-Shirt,T-Shirts,0,0,0,2023-12-01 00:00:00
p_7fgbszq45t,Heather Voyager Short Sleeve Vee Neck T-Shirt,T-Shirts,0,0,0,2023-12-01 00:00:00
p_aj728cj6p2,Reversible Casual Belt,Belt,0,0,0,2023-12-01 00:00:00
p_wkggwhgxue,Navy Long Sleeve Lightweight Flannel Shirt,Shirt,0,0,0,2023-12-01 00:00:00
p_8fx2h79sez,Black Slippers,Slippers,0,0,0,2023-12-01 00:00:00
p_cguvv472kt,Heather Navy Loungewear Pant,Pants,0,0,0,2023-12-01 00:00:00
p_e6aypq2yyn,Charcoal Heather Active Comfort Full Zip Hoodie,Hoodie,0,0,0,2023-12-01 00:00:00
p_zg2kz56sep,Khaki Coaches Jacket,Jacket,0,0,0,2023-12-01 00:00:00
p_v6xzqb4euh,Electric Blue Polo,Polos,0,0,0,2023-12-01 00:00:00
p_kyjxexravk,Heather Gray Active Crew Socks 3-Pack,Socks,0,0,0,2023-12-01 00:00:00
p_v4pawc4ufa,Heather Gray Ankle Socks 3-Pack,Socks,0,0,0,2023-12-01 00:00:00
p_r3b5cqykd8,Heather Gray Never Show Socks 3-Pack,Socks,0,0,0,2023-12-01 00:00:00
p_xsa4epqty5,Mahogany Polo,Polos,0,0,0,2023-12-01 00:00:00
p_perj37fvaa,Periwinkle Blue Polo,Polos,0,0,0,2023-12-01 00:00:00
p_ump27mtkuq,Raspberry Polo,Polos,0,0,0,2023-12-01 00:00:00
p_szsv98dxsn,White Active Ankle Socks 3-Pack,Socks,0,0,0,2023-12-01 00:00:00
p_yvahsdbd7s,Heather Seafarer Short Sleeve Polo,Polos,0,0,0,2023-12-01 00:00:00
p_njb9h744v3,Indigo Rinse Straight Authentic Stretch Jeans,Jeans,0,0,0,2023-12-01 00:00:00
p_nyn3pcwdu8,Light Indigo Wash Slim Authentic Stretch Jeans,Jeans,0,0,0,2023-12-01 00:00:00
p_9f3wn27yj9,Indigo Rinse Slim Authentic Stretch Jeans,Jeans,0,0,0,2023-12-01 00:00:00
p_3dxryrdx2k,Medium Indigo Wash Slim Authentic Stretch Jeans,Jeans,0,0,0,2023-12-01 00:00:00
p_75westm75x,Light Indigo Wash Straight Authentic Stretch Jeans,Jeans,0,0,0,2023-12-01 00:00:00
p_7sfgw9sa4n,Medium Indigo Wash Straight Authentic Stretch Jeans,Jeans,0,0,0,2023-12-01 00:00:00
p_sy5ta2zsks,Heather Cayenne Short Sleeve Crew Neck T-Shirt,Shirt,0,0,0,2023-12-01 00:00:00
p_qcke957864,"Chino Shorts | Comfort | 7"" | Military Green",Shorts,0,0,0,2023-12-01 00:00:00
p_uy62gqzk94,"Shorts | Comfort Chino | 7"" | Sapphire",Shorts,0,0,0,2023-12-01 00:00:00
p_svgga79dfc,"Chino Shorts | Comfort | 7"" | Slate Green",Shorts,0,0,0,2023-12-01 00:00:00
p_n2cq64ucyu,"9"" Sapphire Comfort Chino Short",Shorts,0,0,0,2023-12-01 00:00:00
p_hubt8gp9tb,"9"" Slate Green Comfort Chino Short",Shorts,0,0,0,2023-12-01 00:00:00
p_vahhav9rn7,"Shorts | Classic Twill | 9"" | Black",Shorts,0,0,0,2023-12-01 00:00:00
p_jxeh4td3j3,"Shorts | 9"" | Classic Twill | Centurion",Shorts,0,0,0,2023-12-01 00:00:00
p_3mav9fu9q9,"Shorts | Active Training 7"" | Black",Shorts,0,0,0,2023-12-01 00:00:00
p_3he4jy8f99,"Shorts | Active Training | 7"" | Carbon",Shorts,0,0,0,2023-12-01 00:00:00
p_sdkp4ngqy8,"Shorts | Active Training | 7"" | Sandstone",Shorts,0,0,0,2023-12-01 00:00:00
p_n5vm5c3nb9,"Chino Shorts | Comfort | 7"" | Black",Shorts,0,0,0,2023-12-01 00:00:00
p_t3995sdwge,"Shorts | Comfort Chino | 7"" | Carbon",Shorts,0,0,0,2023-12-01 00:00:00
p_ys9u6f3mbt,"Chino Shorts | Comfort | 7"" | Khaki",Shorts,0,0,0,2023-12-01 00:00:00
p_2vpu7ymaay,Black Commuter Short,Shorts,0,0,0,2023-12-01 00:00:00
p_jnvzcqrwxp,Khaki Commuter Short,Shorts,0,0,0,2023-12-01 00:00:00
p_pgq6zgcvgq,Black Fleece French Terry Short,Shorts,0,0,0,2023-12-01 00:00:00
p_8hbywkfrwc,Military Green Fleece French Terry Short,Shorts,0,0,0,2023-12-01 00:00:00
p_v7655zp7an,"Chino Shorts | Comfort | 9"" | Black",Shorts,0,0,0,2023-12-01 00:00:00
p_29aky289rv,Navy Fleece French Terry Short,Shorts,0,0,0,2023-12-01 00:00:00
p_juczmrnmtc,"Shorts | Comfort Chino | 9"" | Carbon",Shorts,0,0,0,2023-12-01 00:00:00
p_jw2fyemxq7,"9"" Khaki Comfort Chino Short",Shorts,0,0,0,2023-12-01 00:00:00
p_uqn6yzvkpa,"9"" Navy Comfort Chino Short",Shorts,0,0,0,2023-12-01 00:00:00
p_8an2wybh3y,Charcoal Heather Gray Active Comfort Short,Athletic Shorts,0,0,0,2023-12-01 00:00:00
p_aw48ckctp9,Burgundy Active Quick Dry Short with Liner,Swim Shorts,0,0,0,2023-12-01 00:00:00
p_vey4w66jst,Military Green Active Quick Dry Short with Liner,Shorts,0,0,0,2023-12-01 00:00:00
p_nuk7mzc8jt,Navy Active Quick Dry Short with Liner,Swim Shorts,0,0,0,2023-12-01 00:00:00
p_r2e57cmagz,Joggers | Active | Black,Sweatpants & Joggers,0,0,0,2023-12-01 00:00:00
p_csr594d6ws,Heather Navy Loungewear Jogger,Sweatpants & Joggers,0,0,0,2023-12-01 00:00:00
p_2krzrc4m74,Carbon Fleece French Terry Jogger,Sweatpants & Joggers,0,0,0,2023-12-01 00:00:00
p_phdjj3n8yh,Heather Gray Fleece French Terry Joggers,Sweatpants & Joggers,0,0,0,2023-12-01 00:00:00
p_eaxfgdw35q,Medium Gray Wash Slim Fit Comfort Jeans,Jeans,0,0,0,2023-12-01 00:00:00
p_wcjsyc8zup,Medium Gray Wash Straight Fit Comfort Jeans,Jeans,0,0,0,2023-12-01 00:00:00
p_qjxt4q7gff,Military Green Coaches Jacket,Jacket,0,0,0,2023-12-01 00:00:00
p_fm6edfx4ep,Military Green Fleece French Terry Jogger,Sweatpants & Joggers,0,0,0,2023-12-01 00:00:00
p_28tc85jmdq,Military Green Waffle Long Sleeve Crew Neck,Sweatshirt,0,0,0,2023-12-01 00:00:00
p_mxsupz7eaq,Navy Coaches Jacket,Jacket,0,0,0,2023-12-01 00:00:00
p_qqk283mjjn,Navy Fleece French Terry Jogger,Sweatpants & Joggers,0,0,0,2023-12-01 00:00:00
p_xanpax5dbd,True Red Polo,Polos,0,0,0,2023-12-01 00:00:00
p_mrvwze8wph,White Ankle Socks 3-Pack,Socks,0,0,0,2023-12-01 00:00:00
p_ga52js5nmp,White Never Show Socks 3-Pack,Socks,0,0,0,2023-12-01 00:00:00
p_yhe8c62x9c,Heather Navy Quarter Zip Performance Shirt,Athletic Tops,0,0,0,2023-12-01 00:00:00
p_a7p3mw83t9,Heather Military Green Active Long Sleeve Crew Neck,T-Shirts,0,0,0,2023-12-01 00:00:00
p_rwwrukwyz9,Charcoal Heather Gray Short Sleeve Tall Active Crew Neck,T-Shirts,0,0,0,2023-12-01 00:00:00
p_qy223hzmfv,White Short Sleeve Tall Active Crew Neck,T-Shirts,0,0,0,2023-12-01 00:00:00
p_hfj965wa8c,Charcoal Heather Gray Loungewear Long Sleeve Tee And Jogger Set,Sweatshirt,0,0,0,2023-12-01 00:00:00
p_f3v8s3b963,Charcoal Heather Gray Loungewear Short Sleeve Tee And Pant Set,Sweatpants & Joggers,0,0,0,2023-12-01 00:00:00
p_3vtx7z4d8y,Heather Dusty Pink V-Neck T-Shirt,Screen Printed T-Shirts,0,0,0,2023-12-01 00:00:00
p_3kckyj2khu,Heather Navy Loungewear Short Sleeve Tee And Pant Set,Lounge Sweatpants & Joggers,0,0,0,2023-12-01 00:00:00
p_wj3u3m87yx,Short Sleeve T-Shirt | Active | Crew Neck | Black,T-Shirts,0,0,0,2024-01-01 00:00:00
p_svsvrfrcb6,Black Active Long Sleeve Crew Neck T-Shirt,T-Shirts,0,0,0,2024-01-01 00:00:00
p_vjfh4zw9pd,Short Sleeve Active Polo Shirt | Black,Polos,0,0,0,2024-01-01 00:00:00
p_2gwdmudpww,Long Sleeve Shirt | Crew Neck | Black,Shirt,0,0,0,2024-01-01 00:00:00
p_p6zw3xeg4v,Short Sleeve T-Shirt | Crew Neck | Black,T-Shirts,0,0,0,2024-01-01 00:00:00
p_8jmz33scf8,Sweatshirt | Pullover Crew Neck | Fleece French Terry | Black,Sweatshirt,0,0,0,2024-01-01 00:00:00
p_26twzeayzk,Pullover Hoodie | Fleece French Terry | Black,Hoodie,0,0,0,2024-01-01 00:00:00
p_xnzebcgf9j,Zip Hoodie | Fleece French Terry | Black,Hoodie,0,0,0,2024-01-01 00:00:00
p_v9vmgr3m4t,Polo Shirt | Black,Polos,0,0,0,2024-01-01 00:00:00
p_uwm4psyppk,Black Tall Straight Hem Crew Neck T-Shirt,T-Shirts,0,0,0,2024-01-01 00:00:00
p_s7yfamyjwt,Black V-Neck T-Shirt,T-Shirts,0,0,0,2024-01-01 00:00:00
p_htnnbrvvmk,Carbon Active Crew Neck,T-Shirts,0,0,0,2024-01-01 00:00:00
p_rgamhxuwjz,Carbon Crew Neck Long Sleeve,Shirt,0,0,0,2024-01-01 00:00:00
p_szpx92nwke,Carbon Fleece French Terry Zip Hoodie,Hoodie,0,0,0,2024-01-01 00:00:00
p_prm2runmas,Carbon Long Sleeve Henley,T-Shirts,0,0,0,2024-01-01 00:00:00
p_gf9pckvcm8,Carbon Short Sleeve Polo Shirt,Polos,0,0,0,2024-01-01 00:00:00
p_ujs2rxbwwy,Charcoal Heather Gray Active Long Sleeve Crew Neck,T-Shirts,0,0,0,2024-01-01 00:00:00
p_73vqwcfbpf,Charcoal Heather Gray Short Sleeve Active Polo Shirt,Polos,0,0,0,2024-01-01 00:00:00
p_9744mpdv5n,Charcoal Heather Gray Long Sleeve,Shirt,0,0,0,2024-01-01 00:00:00
p_3dh3myqfyq,Charcoal Heather Gray Polo,Polos,0,0,0,2024-01-01 00:00:00
p_yjazyejt4q,Charcoal Heather Gray V-Neck,Shirt,0,0,0,2024-01-01 00:00:00
p_xhhgk2nnba,Heather Burgundy Crew Neck T-Shirt,Shirt,0,0,0,2024-01-01 00:00:00
p_gbd3qsz25s,Heather Charcoal Gray Crew Neck T-Shirt,Shirt,0,0,0,2024-01-01 00:00:00
p_ea2gekbzfm,Heather Gray Crew Neck Long Sleeve,T-Shirts,0,0,0,2024-01-01 00:00:00
p_bdybxrzhhw,Heather Gray Fleece French Terry Pullover Hoodie,Hoodie,0,0,0,2024-01-01 00:00:00
p_cz4mtzemgt,Heather Gray Fleece French Terry Zip Hoodie,Hoodie,0,0,0,2024-01-01 00:00:00
p_ddgsdeyzu9,Heather Gray Long Sleeve Henley,T-Shirts,0,0,0,2024-01-01 00:00:00
p_5rc5ezqwny,Heather Gray Short Sleeve Polo Shirt,Polos,0,0,0,2024-01-01 00:00:00
p_shhxbvvxxp,Heather Indigo Active Crew Neck T-Shirt,T-Shirts,0,0,0,2024-01-01 00:00:00
p_4fs9u74y4x,Heather Indigo Crew Neck Long Sleeve,T-Shirts,0,0,0,2024-01-01 00:00:00
p_hmkhv4g497,Heather Indigo Crew Neck T-Shirt,Shirt,0,0,0,2024-01-01 00:00:00
p_s6hq3cbp99,Heather Indigo Short Sleeve Polo Shirt,Polos,0,0,0,2024-01-01 00:00:00
p_5q6tnqwruf,Heather Light Gray Active Long Sleeve Crew Neck,T-Shirts,0,0,0,2024-01-01 00:00:00
p_ggx5q9x8xm,Heather Military Green Active Crew Neck T-Shirt,Shirt,0,0,0,2024-01-01 00:00:00
p_xngupz8qg8,Heather Military Green Active Long Sleeve Crew Neck,T-Shirts,0,0,0,2024-01-01 00:00:00
p_pzg4uy9ru4,Heather Military Green Short Sleeve Active Polo Shirt,Polos,0,0,0,2024-01-01 00:00:00
p_kajnxmygka,Heather Military Green Crew Neck T-Shirt,Shirt,0,0,0,2024-01-01 00:00:00
p_95axe6dfn6,Heather Navy Active Crew Neck T-Shirt,T-Shirts,0,0,0,2024-01-01 00:00:00
p_5kpddtqty2,Heather Navy Active Long Sleeve Crew Neck,T-Shirts,0,0,0,2024-01-01 00:00:00
p_ccse4psnan,Heather Navy Crew Neck Long Sleeve,T-Shirts,0,0,0,2024-01-01 00:00:00
p_ug6duq4hvt,Heather Navy Crew Neck T-Shirt,Shirt,0,0,0,2024-01-01 00:00:00
p_vrmxbznmh9,Indigo Long Sleeve Henley,Shirt,0,0,0,2024-01-01 00:00:00
p_bhfd33ejhy,Indigo Short Sleeve Polo Shirt,Polos,0,0,0,2024-01-01 00:00:00
p_955cnseek9,Light Heather Gray Crew Neck Long Sleeve,T-Shirts,0,0,0,2024-01-01 00:00:00
p_6zjn28jf23,Military Green Crew Neck Long Sleeve,Shirt,0,0,0,2024-01-01 00:00:00
p_shcbhfeqaq,Military Green Fleece French Terry Pullover Crew Neck Sweatshirt,Sweatshirt,0,0,0,2024-01-01 00:00:00
p_3wz546brng,Military Green Fleece French Terry Pullover Hoodie,Hoodie,0,0,0,2024-01-01 00:00:00
p_8q6kvd32nc,Military Green Fleece French Terry Zip Hoodie,Hoodie,0,0,0,2024-01-01 00:00:00
p_brwwn6xkwh,Military Green Long Sleeve Henley,T-Shirts,0,0,0,2024-01-01 00:00:00
p_mwv4sjthwt,Military Green Short Sleeve Polo Shirt,Polos,0,0,0,2024-01-01 00:00:00
p_vtkmnr87v2,Navy Active Crew Neck T-Shirt,T-Shirts,0,0,0,2024-01-01 00:00:00
p_tpzfdnukzs,Navy Active Long Sleeve Crew Neck,T-Shirts,0,0,0,2024-01-01 00:00:00
p_bptwztkuks,Navy Short Sleeve Active Polo Shirt,Polos,0,0,0,2024-01-01 00:00:00
p_tjh5t8a6tw,Navy Crew Neck Long Sleeve,Shirt,0,0,0,2024-01-01 00:00:00
p_rezzg23bjy,Navy Fleece French Terry Pullover Crew Neck Sweatshirt,Sweatshirt,0,0,0,2024-01-01 00:00:00
p_k6s6hftqfe,Navy Fleece French Terry Pullover Hoodie,Hoodie,0,0,0,2024-01-01 00:00:00
p_h9z43a8zde,Navy Fleece French Terry Zip Hoodie,Hoodie,0,0,0,2024-01-01 00:00:00
p_ngbbqfwzd5,Navy Long Sleeve Henley,Shirt,0,0,0,2024-01-01 00:00:00
p_rhexhysfzs,Navy Short Sleeve Polo Shirt,Polos,0,0,0,2024-01-01 00:00:00
p_xa4dn5yc22,Navy Tall Short Sleeve Polo Shirt,Polos,0,0,0,2024-01-01 00:00:00
p_2wu3jtehp2,Navy Short Sleeve V-Neck T-Shirt,Shirt,0,0,0,2024-01-01 00:00:00
p_8rbvhb5tdc,White Active Crew Neck T-Shirt,Shirt,0,0,0,2024-01-01 00:00:00
p_r5gttk27sm,White Active Long Sleeve Crew Neck,Shirt,0,0,0,2024-01-01 00:00:00
p_2cus7843n6,White Crew Neck Long Sleeve,Shirt,0,0,0,2024-01-01 00:00:00
p_twpefb4vpq,White Long Sleeve Henley,T-Shirts,0,0,0,2024-01-01 00:00:00
p_6hvvy94kq4,White Short Sleeve Polo Shirt,Polos,0,0,0,2024-01-01 00:00:00
p_m6x758mjvq,White Short Sleeve Tall Polo Shirt,Polos,0,0,0,2024-01-01 00:00:00
p_s49r5jxnqq,White Short Sleeve V-Neck T-Shirt,T-Shirts,0,0,0,2024-01-01 00:00:00
p_fx25mpavbf,Long Sleeve T-Shirt | Hooded | Black,T-Shirts,0,0,0,2024-01-01 00:00:00
p_gawdf2gbfa,Long Sleeve Polo Shirt | Black,Polos,0,0,0,2024-01-01 00:00:00
p_xafkdxwnvm,Black Waffle Hoodie,Hoodie,0,0,0,2024-01-01 00:00:00
p_yev838e3bk,Dark Olive Waffle Hoodie,Hoodie,0,0,0,2024-01-01 00:00:00
p_3h5wxbdgfn,White Long Sleeve Polo Shirt,Polos,0,0,0,2024-01-01 00:00:00
p_g5xjgypbqs,Long Sleeve Button Up Shirt | Black,Button Down Shirts,0,0,0,2024-01-01 00:00:00
p_pqjyybc86f,Black Waffle Long Sleeve Crew Neck T-Shirt,T-Shirts,0,0,0,2024-01-01 00:00:00
p_5pqpzmazbr,Carbon Long Sleeve Button Up Shirt,Button Down Shirts,0,0,0,2024-01-01 00:00:00
p_anqd83cjye,Military Green Waffle Long Sleeve Crew Neck,Sweatshirt,0,0,0,2024-01-01 00:00:00
p_vp3anzz9s3,White Button Up Shirt,Button Down Shirts,0,0,0,2024-01-01 00:00:00
p_92vf4hpdrt,White Commuter Short Sleeve Button Up,Button Down Shirts,0,0,0,2024-01-01 00:00:00
p_85skykpy7r,Short Sleeve Button Up Shirt | Commuter | Black,Button Down Shirts,0,0,0,2024-01-01 00:00:00
p_v5bwyyhget,Carbon Commuter Short Sleeve Button Up,Button Down Shirts,0,0,0,2024-01-01 00:00:00
p_5kr9enrf6j,Short Sleeve Tee | Loungewear | Charcoal Heather Gray,T-Shirts,0,0,0,2024-01-01 00:00:00
p_rpwqburrmc,Dark Heather Cadet Active Polo,Polos,0,0,0,2024-01-01 00:00:00
p_8tryb2ahrp,Dark Heather Cocoa Active Polo,Polos,0,0,0,2024-01-01 00:00:00
p_vnexp6dh3m,Heather Centurion Short Sleeve Active Polo Shirt,Polos,0,0,0,2024-01-01 00:00:00
p_8pczdfc69m,Heather Cocoa Short Sleeve Active Polo Shirt,Polos,0,0,0,2024-01-01 00:00:00
p_xdyq8mewrc,Short Sleeve Button Up Shirt | Black,Button Down Shirts,0,0,0,2024-01-01 00:00:00
p_56qjzafa6s,Carbon Short Sleeve Button Up Shirt,Button Down Shirts,0,0,0,2024-01-01 00:00:00
p_7dyz93zegj,"Shorts | Active Training | 7"" | Sapphire",Athletic Shorts,0,0,0,2024-01-01 00:00:00
p_3pkg63ym5k,"Shorts | Active Training | 7"" | Steel",Shorts,0,0,0,2024-01-01 00:00:00
p_k5hymg84ez,"Shorts | Training | 7"" | 2-in-1 Black",Athletic Shorts,0,0,0,2024-01-01 00:00:00
p_mm5tbn6qza,Sweatshirt | Comfort Crew | Black,Sweatshirt,0,0,0,2024-01-01 00:00:00
p_2uptnqrxy2,Hoodie | Active Comfort | Pullover | Black,Hoodie,0,0,0,2024-01-01 00:00:00
p_ys335pw23m,Pants | Active Comfort | Straight Leg | Black,Sweatpants & Joggers,0,0,0,2024-01-01 00:00:00
p_9attt36kqt,Blazer | Black,Blazer,0,0,0,2024-01-01 00:00:00
p_84w66d79b8,Pants | Comfort Chino | Black,Pants,0,0,0,2024-01-01 00:00:00
p_349fd5fte5,Sweater | Crew Neck | Black,Knit Sweaters,0,0,0,2024-01-01 00:00:00
p_zzvxdda285,Fleece Shacket | Black,Jacket,0,0,0,2024-01-01 00:00:00
p_z7kat66jsb,Puffer Vest | Black,Outerwear Vests,0,0,0,2024-01-01 00:00:00
p_w99wqwtmd8,Performance Shirt | Quarter Zip | Black,Athletic Tops,0,0,0,2024-01-01 00:00:00
p_vkp29t8hpk,Sleeveless Muscle Tee | Active | Black,Athletic Tops,0,0,0,2024-01-01 00:00:00
p_bxpjzp3q34,Sweater Hoodie | Black,Hoodie,0,0,0,2024-01-01 00:00:00
p_j23j35syzx,Black Wash Long Sleeve Chambray Shirt,Shirt,0,0,0,2024-01-01 00:00:00
p_aaa5u2senn,Black Wash Slim Fit Comfort Jeans,Jeans,0,0,0,2024-01-01 00:00:00
p_mu7q5qx67m,Black Wash Straight Fit Comfort Jeans,Jeans,0,0,0,2024-01-01 00:00:00
p_kv4qxkyavb,Chino Pants | Comfort | Carbon,Pants,0,0,0,2024-01-01 00:00:00
p_av6ja2w28x,Charcoal Heather Active Comfort Crew Sweatshirt,Athletic Tops,0,0,0,2024-01-01 00:00:00
p_jqxjnq8mc8,Charcoal Heather Active Comfort Straight Leg Pant,Sweatpants & Joggers,0,0,0,2024-01-01 00:00:00
p_hzkzcd9ag9,Charcoal Heather Gray Long Sleeve Ripstop Commuter Shirt,Shirt,0,0,0,2024-01-01 00:00:00
p_zc74ftx9hy,Charcoal Heather Gray Pique Crew Sweater,Knit Sweaters,0,0,0,2024-01-01 00:00:00
p_4krqrmhc8s, Sleeveless Muscle Tee | Active | Charcoal Heather Gray,Athletic Tops,0,0,0,2024-01-01 00:00:00
p_qvscv7wqa7,Dark Oak Fleece French Terry Jogger,Sweatpants & Joggers,0,0,0,2024-01-01 00:00:00
p_yw7vvn467f,Dark Olive Long Sleeve Crew Neck T-Shirt,T-Shirts,0,0,0,2024-01-01 00:00:00
p_hc97kv4jxf,Deep Sea Blue Short Sleeve Crew Neck T-Shirt,T-Shirts,0,0,0,2024-01-01 00:00:00
p_zp4vn3rtz4,Deep Sea Blue Long Sleeve Crew Neck T-Shirt,T-Shirts,0,0,0,2024-01-01 00:00:00
p_8d5cs572ku,Evergreen Heather Short Sleeve Crew Neck T-Shirt,T-Shirts,0,0,0,2024-01-01 00:00:00
p_2qn4rb76qt,Evergreen Heather Long Sleeve Crew Neck T-Shirt,T-Shirts,0,0,0,2024-01-01 00:00:00
p_hun6quaf8f,Gray Wash Slim Fit Comfort Jeans,Jeans,0,0,0,2024-01-01 00:00:00
p_bn49najk97,Gray Wash Straight Fit Comfort Jeans,Jeans,0,0,0,2024-01-01 00:00:00
p_a66qgjtv8u, Sleeveless Muscle Tee | Active | Heather Cadet,Athletic Tops,0,0,0,2024-01-01 00:00:00
p_76w9v5r9gp,Heather Camel Pique Crew Sweater,Knit Sweaters,0,0,0,2024-01-01 00:00:00
p_m26nune3tt,Sleeveless Muscle Tee | Active | Heather Cocoa,Tank Top,0,0,0,2024-01-01 00:00:00
p_wtfwp7uyps,Heather Dark Oak Long Sleeve Crew Neck T-Shirt,T-Shirts,0,0,0,2024-01-01 00:00:00
p_guzmuvmxwg,Heather Dark Orchid Short Sleeve Crew Neck T-Shirt,T-Shirts,0,0,0,2024-01-01 00:00:00
p_auux7guqn5,Sleeveless Muscle Tee | Active| Heather Forest,Athletic Tops,0,0,0,2024-01-01 00:00:00
p_wvdzacyaq8,Heather Garnet Short Sleeve Crew Neck T-Shirt,T-Shirts,0,0,0,2024-01-01 00:00:00
p_59st4ejx9g,Heather Graphite Short Sleeve Crew Neck T-Shirt,T-Shirts,0,0,0,2024-01-01 00:00:00
p_mkhh2ymk98,Heather Navy Active Comfort Crew Sweatshirt,Sweatshirt,0,0,0,2024-01-01 00:00:00
p_4tw7w4865y,Medium Gray Wash Slim Fit Comfort Jeans,Jeans,0,0,0,2024-01-01 00:00:00
p_u25kmysesj,Medium Gray Wash Straight Fit Comfort Jeans,Jeans,0,0,0,2024-01-01 00:00:00
p_yrp9cazs3k,Olive Long Sleeve Ripstop Commuter Shirt,Shirt,0,0,0,2024-01-01 00:00:00
p_vjj8djm98g,"Voyager 7"" 2-in-1 Training Short",Athletic Shorts,0,0,0,2024-01-01 00:00:00
p_ens5k22dee,Coaches Jacket | Black,Jacket,0,0,0,2024-01-01 00:00:00
p_krqrvpb5nk,Short Sleeve Sweater Polo Shirt | Black,Polos,0,0,0,2024-01-01 00:00:00
p_ezjsg82fk7,Garnet Short Sleeve Sweater Polo Shirt,Polos,0,0,0,2024-01-01 00:00:00
p_zfqbnz8zdc,Heather Gray Short Sleeve Sweater Polo,Polos,0,0,0,2024-01-01 00:00:00
p_rdac8nxqpc,Navy Short Sleeve Sweater Polo,Polos,0,0,0,2024-01-01 00:00:00
p_tdz6dj3k93,Charcoal Heather Gray Active Shell Jacket,Jacket,0,0,0,2024-01-01 00:00:00
p_ef9p26sqwv,Navy Coaches Jacket,Jacket,0,0,0,2024-01-01 00:00:00
p_gvy838kdy9,Long Sleeve Button Up Sweater Shirt | Black + Carbon,Button Down Shirts,0,0,0,2024-01-01 00:00:00
p_cpfjz5js6m,Light Heather Gray Quarter Zip Performance Shirt,Athletic Tops,0,0,0,2024-01-01 00:00:00
p_encznv79zd,Charcoal Heather Gray Loungewear Jogger,Sweatpants & Joggers,0,0,0,2024-01-01 00:00:00
p_uqg73gd526,Dark Olive Short Sleeve V-Neck T-Shirt,T-Shirts,0,0,0,2024-01-01 00:00:00
p_dd7ynwa46b,Military Green Coaches Jacket,Jacket,0,0,0,2024-01-01 00:00:00
p_pds624ht98,Ankle Socks | Active | 3-Pack | Black,Socks,0,0,0,2024-01-01 00:00:00
p_h9thpv33ux,Crew Socks | Active | 3-Pack | Black,Socks,0,0,0,2024-01-01 00:00:00
p_vm4udwbmec,Ankle Socks | 3-Pack | Black,Socks,0,0,0,2024-01-01 00:00:00
p_hv5d9t5gb4,Black Boxer Trunks 3-Pack,Underwear,0,0,0,2024-01-01 00:00:00
p_eg72spursx,Half Crew Sock | 3-Pack | Black,Socks,0,0,0,2024-01-01 00:00:00
p_m5nrytn7g3,Boxer Briefs | Logo | 3-Pack | Black,Underwear,0,0,0,2024-01-01 00:00:00
p_7rzxq9sd8n,Never Show Socks | 3-Pack | Black,Socks,0,0,0,2024-01-01 00:00:00
p_h644hfsgj7,Sweater Beanie | Black,Beanie,0,0,0,2024-01-01 00:00:00
p_k8j2vzha5p,Burgundy Boxer Briefs 3-Pack,Underwear,0,0,0,2024-01-01 00:00:00
p_rd96dkwsx6,Carbon Boxer Trunks 3-Pack,Underwear,0,0,0,2024-01-01 00:00:00
p_3zf2yh34hr,Dark Olive Short Sleeve Polo Shirt,Polos,0,0,0,2024-01-01 00:00:00
p_fcgghnz6fh,Evergreen Sweater Beanie,Beanie,0,0,0,2024-01-01 00:00:00
p_vxfj55w6ma,Heather Burgundy Short Sleeve Polo Shirt,Polos,0,0,0,2024-01-01 00:00:00
p_tpv8fcqeja,Heather Gray Active Ankle Socks 3-Pack,Socks,0,0,0,2024-01-01 00:00:00
p_y6cg76w8k6,Heather Gray Half Crew Sock 3-Pack,Socks,0,0,0,2024-01-01 00:00:00
p_sgut9a5tns,Light Heather Gray Polo,Polos,0,0,0,2024-01-01 00:00:00
p_r5xrp6kuxu,True Red Short Sleeve Polo Shirt,Polos,0,0,0,2024-01-01 00:00:00
p_x285vx432e,White Ankle Socks 3-Pack,Socks,0,0,0,2024-01-01 00:00:00
p_3aup7bbqg3,Carbon Tall Long Sleeve T-Shirt,Shirt,0,0,0,2024-01-01 00:00:00
p_mxpb4sqvry,Charcoal Heather Gray Short Sleeve Tall Crew,T-Shirts,0,0,0,2024-01-01 00:00:00
p_92fw37ajex,Heather Seafarer Short Sleeve Tall Crew,Shirt,0,0,0,2024-01-01 00:00:00
p_rhk5rdjr7y,Heather Voyager Short Sleeve Tall Crew,T-Shirts,0,0,0,2024-01-01 00:00:00
p_hz3svpszdm,Military Green Tall Long Sleeve T-Shirt,T-Shirts,0,0,0,2024-01-01 00:00:00
p_3xnj548f3x,Sapphire Short Sleeve Tall Crew,T-Shirts,0,0,0,2024-01-01 00:00:00
p_j9huduq2g2,White Tall Straight Hem Crew Neck T-Shirt,T-Shirts,0,0,0,2024-01-01 00:00:00
p_ct8bqyz5rd,Bomber Jacket | Black,Bomber Jackets,0,0,0,2024-01-01 00:00:00
p_26x46r3gh3,Carbon Short Sleeve Tall Polo Shirt,Polos,0,0,0,2024-01-01 00:00:00
p_uwgqdnnawm,Charcoal Heather Gray Short Sleeve Tall Polo Shirt,Polos,0,0,0,2024-01-01 00:00:00
p_awt8ehv6fc,Heather Gray Short Sleeve Tall Polo Shirt,Polos,0,0,0,2024-01-01 00:00:00
p_ug78456eub,Mahogany Fleece French Terry Pullover Hoodie,Hoodie,0,0,0,2024-01-01 00:00:00
p_3hycs4vyy4,Mahogany Fleece French Terry Zip Hoodie,Hoodie,0,0,0,2024-01-01 00:00:00
p_487dnzupxz,Military Green Short Sleeve Tall Polo Shirt,Polos,0,0,0,2024-01-01 00:00:00
p_haens7aj79,Sapphire Short Sleeve Tall Polo Shirt,Polos,0,0,0,2024-01-01 00:00:00
p_n7npmmnfq3,Bomber Jacket | Army Green,Bomber Jackets,0,0,0,2024-01-01 00:00:00
p_vhct7fnamt,Sweater Fleece Jacket | Black,Jacket,0,0,0,2024-01-01 00:00:00
p_qvxdc36tay,Carbon Bomber Jacket,Bomber Jackets,0,0,0,2024-01-01 00:00:00
p_ubarpzrdvd,Gray Sweater Fleece Jacket,Knit Sweaters,0,0,0,2024-01-01 00:00:00
p_25m5nqdhtq,Gunmetal Puffer Jacket,Puffer Jackets,0,0,0,2024-01-01 00:00:00
p_9nq4jjbkbr,Military Green Puffer Jacket,Puffer Jackets,0,0,0,2024-01-01 00:00:00
p_6svhrtmsn3,Navy Bomber Jacket,Bomber Jackets,0,0,0,2024-01-01 00:00:00
p_dwbw45rvge,Navy Hooded Puffer Jacket,Puffer Jackets,0,0,0,2024-01-01 00:00:00
p_4yh4m8q3v7,Navy Puffer Jacket,Puffer Jackets,0,0,0,2024-01-01 00:00:00
p_e6pz5d7uh9,Navy Sweater Fleece Jacket,Hoodie,0,0,0,2024-01-01 00:00:00
p_4xmfcxsvq4,Puffer Jacket | Hooded | Black,Puffer Jackets,0,0,0,2024-01-01 00:00:00
p_zrt8e4hahp,Chino Pants | Straight | Twill | Black,Pants,0,0,0,2024-01-01 00:00:00
p_6bppe3h2jj,Centurion Slim Twill Chino,Pants,0,0,0,2024-01-01 00:00:00
p_zd6gtes7qp,Centurion Straight Twill Chino,Pants,0,0,0,2024-01-01 00:00:00
p_ja9tudbs9q,Dark Oak Straight Twill Chino,Pants,0,0,0,2024-01-01 00:00:00
p_yqusyfjxtf,Gunmetal Hooded Puffer Jacket,Puffer Jackets,0,0,0,2024-01-01 00:00:00
p_kkdff6r47e,Meadow Slim Twill Chino,Pants,0,0,0,2024-01-01 00:00:00
p_rnmhwn9kcu,Navy Slim Twill Chino,Pants,0,0,0,2024-01-01 00:00:00
p_y5u5gs4evr,Navy Straight Twill Chino,Pants,0,0,0,2024-01-01 00:00:00
p_vqc6jejd69,Long Sleeve Button Up Shirt | Do-It-All Comfort | Black,Button Down Shirts,0,0,0,2024-01-01 00:00:00
p_p8ep2jre98,Hoodie | Active | Black,Hoodie,0,0,0,2024-01-01 00:00:00
p_vubwwnzvnt,Dark Heather Cadet Long Sleeve Active Crew Neck,T-Shirts,0,0,0,2024-01-01 00:00:00
p_e2426ac79u,Dark Heather Tempest Long Sleeve Active Crew Neck,Sweatshirt,0,0,0,2024-01-01 00:00:00
p_cjzvdmswjf,White Active Hoodie,Hoodie,0,0,0,2024-01-01 00:00:00
p_ncwnq5usm5,"Shorts | Active Training | 7"" | Slate Green",Athletic Shorts,0,0,0,2024-01-01 00:00:00
p_x443echvnq,"Chino Shorts | Comfort | 7"" | Military Green",Shorts,0,0,0,2024-01-01 00:00:00
p_qhjjf5kjgd,"Chino Shorts | Comfort | 7"" | Rosewood",Shorts,0,0,0,2024-01-01 00:00:00
p_f8rywmvjsy,"Chino Shorts | Comfort | 7"" | Sapphire",Shorts,0,0,0,2024-01-01 00:00:00
p_6kxr6rztwd,"Chino Shorts | Comfort | 7"" | Slate Green",Shorts,0,0,0,2024-01-01 00:00:00
p_56zbdasvhd,"Chino Shorts | Comfort | 9"" | Sapphire",Shorts,0,0,0,2024-01-01 00:00:00
p_xpmubyp2yg,"Chino Shorts | Comfort | 9"" | Slate Green",Shorts,0,0,0,2024-01-01 00:00:00
p_saytmbtmak,"Shorts | Classic Twill | 9"" | Black",Shorts,0,0,0,2024-01-01 00:00:00
p_aytxzkck8x,"Shorts | Classic Twill | 7"" | Black",Shorts,0,0,0,2024-01-01 00:00:00
p_fhdff8x3jt,"Shorts | Classic Twill | 7"" | Harbor",Shorts,0,0,0,2024-01-01 00:00:00
p_q2935cukf5,"Shorts | Classic Twill | 7"" | Khaki",Shorts,0,0,0,2024-01-01 00:00:00
p_qr5wafyaq4,"Shorts | Classic Twill | 7"" | Moss",Shorts,0,0,0,2024-01-01 00:00:00
p_j48puxsej5,"Shorts | Classic Twill | 7"" | Sandstone",Shorts,0,0,0,2024-01-01 00:00:00
p_b2wv3hqta7,"Shorts | Classic Twill | 9"" | Centurion",Shorts,0,0,0,2024-01-01 00:00:00
p_wungd9j4dh,"Shorts | Active Training | 7"" | Black",Shorts,0,0,0,2024-01-01 00:00:00
p_r9rn7a2dy5,"Shorts | Active Training | 7"" | Carbon",Shorts,0,0,0,2024-01-01 00:00:00
p_n9qtgjygdv,"Shorts | Active Training | 7"" | Sandstone",Athletic Shorts,0,0,0,2024-01-01 00:00:00
p_nu9kcajw2z,"Chino Shorts | Comfort | 7"" | Black",Shorts,0,0,0,2024-01-01 00:00:00
p_hmp7dkjce9,"Chino Shorts | Comfort | 7"" | Carbon",Shorts,0,0,0,2024-01-01 00:00:00
p_25upswaptj,"Chino Shorts | Comfort | 7"" | Khaki",Shorts,0,0,0,2024-01-01 00:00:00
p_kaq2j39v2p,"Chino Shorts | Comfort | 7"" | Navy",Shorts,0,0,0,2024-01-01 00:00:00
p_utfqrxy94f,Shorts | Commuter | Black,Shorts,0,0,0,2024-01-01 00:00:00
p_prrc5xwre5,Khaki Commuter Short,Shorts,0,0,0,2024-01-01 00:00:00
p_bj4epra3sv,Shorts | Fleece French Terry | Black,Shorts,0,0,0,2024-01-01 00:00:00
p_fvgyjfheyt,Sandstone Commuter Short,Shorts,0,0,0,2024-01-01 00:00:00
p_epuubwwz7s,Military Green Fleece French Terry Short,Shorts,0,0,0,2024-01-01 00:00:00
p_j4bf77xx5v,"Chino Shorts | Comfort | 9"" | Black",Shorts,0,0,0,2024-01-01 00:00:00
p_74gmgsy6yv,Navy Fleece French Terry Short,Shorts,0,0,0,2024-01-01 00:00:00
p_m5f29n89jy,"Chino Shorts | Comfort | 9"" | Carbon",Shorts,0,0,0,2024-01-01 00:00:00
p_47meu4bybx,"Chino Shorts | Comfort |  9"" | Ivory",Shorts,0,0,0,2024-01-01 00:00:00
p_5za8gj7unh,"Chino Shorts | Comfort | 9"" | Khaki",Shorts,0,0,0,2024-01-01 00:00:00
p_arxdch5qcv,"Chino Shorts | Comfort | 9"" | Military Green",Shorts,0,0,0,2024-01-01 00:00:00
p_en8vndps74,"Chino Shorts | Comfort | 9"" | Navy",Shorts,0,0,0,2024-01-01 00:00:00
p_rquj6mrdex,Dark Heather Navy Active Comfort Short,Shorts,0,0,0,2024-01-01 00:00:00
p_6ra9g27e7u,Burgundy Active Quick Dry Short with Liner,Swim Shorts,0,0,0,2024-01-01 00:00:00
p_5ek32kjgzp,Navy Active Quick Dry Short with Liner,Swim Shorts,0,0,0,2024-01-01 00:00:00
p_bp7w9cp3k9,Pants | Commuter | Black,Pants,0,0,0,2024-01-01 00:00:00
p_5p5sgcwp5f,"Shorts | Active Training | 7"" | Navy",Shorts,0,0,0,2024-01-01 00:00:00
p_47uf2puagk,"Shorts | Classic Twill | 7"" | Navy",Shorts,0,0,0,2024-01-01 00:00:00
p_9a5tjqerw5,"Shorts | Classic Twill | 9"" | Meadow",Shorts,0,0,0,2024-01-01 00:00:00
p_a69bzurkgs,Joggers | Active | Black,Sweatpants & Joggers,0,0,0,2024-01-01 00:00:00
p_2bkrkbfbk9,Classic Polarized Sunglasses | Black,Sunglasses,0,0,0,2024-01-01 00:00:00
p_vvkaza7v48,Long Sleeve Button Up Shirt | Commuter | Black,Button Down Shirts,0,0,0,2024-01-01 00:00:00
p_egq2tewvm7,Long Sleeve Henley | Black,T-Shirts,0,0,0,2024-01-01 00:00:00
p_yp2v99qxbf,Classic Polarized Sunglasses | Black Mirror,Sunglasses,0,0,0,2024-01-01 00:00:00
p_mef5fue56y,Dress Shirt | Lightweight Performance | Black,Button Down Shirts,0,0,0,2024-01-01 00:00:00
p_fpmkw85rke,Short Sleeve Polo Shirt | Black,Polos,0,0,0,2024-01-01 00:00:00
p_s7c853uk5c,Puffer Jacket | Black,Puffer Jackets,0,0,0,2024-01-01 00:00:00
p_8nhyuguh4z,Chino Pants | Slim | Twill | Black,Pants,0,0,0,2024-01-01 00:00:00
p_ka5fa3ne6y,Slippers | Black,Slippers,0,0,0,2024-01-01 00:00:00
p_6wnwzma24v,Long Sleeve Button Up Shirt | Stretch Oxford | Black,Button Down Shirts,0,0,0,2024-01-01 00:00:00
p_u3ffx96ehp,Short Sleeve T-Shirt | Tall | Active Crew Neck | Black,T-Shirts,0,0,0,2024-01-01 00:00:00
p_ufjg6nn927,Long Sleeve T-Shirt | Tall | Black,T-Shirts,0,0,0,2024-01-01 00:00:00
p_enhxmmv3xa,Polo Shirt | Tall | Black,Polos,0,0,0,2024-01-01 00:00:00
p_gqfhmx28rz,Blue Quartz Short Sleeve Crew Neck T-Shirt,T-Shirts,0,0,0,2024-01-01 00:00:00
p_6ccw4zmdj6,Bluestone Tall Round Hem Crew Neck T-Shirt,T-Shirts,0,0,0,2024-01-01 00:00:00
p_ryght7etrs,Bluestone V-Neck Short Sleeve T-Shirt,T-Shirts,0,0,0,2024-01-01 00:00:00
p_5q95b4bjyg,Burgundy Short Sleeve Crew Neck T-Shirt,T-Shirts,0,0,0,2024-01-01 00:00:00
p_2sxe2kvxmc,Burgundy Long Sleeve Crew Neck T-Shirt,T-Shirts,0,0,0,2024-01-01 00:00:00
p_srwzc2wwq6,Burgundy Long Sleeve Henley,T-Shirts,0,0,0,2024-01-01 00:00:00
p_8p9z2j6eqt,Burgundy Short Sleeve V-Neck T-Shirt,T-Shirts,0,0,0,2024-01-01 00:00:00
p_dnq23rfcgu,"Carbon 7"" 2-in-1 Training Short",Athletic Shorts,0,0,0,2024-01-01 00:00:00
p_9tz4xs4maw,Carbon Commuter Long Sleeve Button Up Shirt,Button Down Shirts,0,0,0,2024-01-01 00:00:00
p_82erf6xepz,Carbon Commuter Pant,Pants,0,0,0,2024-01-01 00:00:00
p_gxqdqumwae,Carbon Short Sleeve Crew Neck T-Shirt,T-Shirts,0,0,0,2024-01-01 00:00:00
p_nmb6y3r32b,Carbon Fleece French Terry Jogger,Sweatpants & Joggers,0,0,0,2024-01-01 00:00:00
p_mqhey6peq9,Carbon Fleece French Terry Pullover Crew Neck Sweatshirt,Sweatshirt,0,0,0,2024-01-01 00:00:00
p_pgvy4mwya6,Carbon Fleece French Terry Pullover Hoodie,Hoodie,0,0,0,2024-01-01 00:00:00
p_dcfsb4qj5s,Carbon Performance Lightweight Dress Shirt,Button Down Shirts,0,0,0,2024-01-01 00:00:00
p_q9e4tw2vgn,Carbon Tall Active Crew Neck T-Shirt,T-Shirts,0,0,0,2024-01-01 00:00:00
p_3mznzzvw2f,Carbon Tall Round Hem Crew Neck T-Shirt,T-Shirts,0,0,0,2024-01-01 00:00:00
p_fcv57d39m8,Carbon Short Sleeve V-Neck T-Shirt,T-Shirts,0,0,0,2024-01-01 00:00:00
p_n6hvkgussy,Carbon Waffle Hoodie,Hoodie,0,0,0,2024-01-01 00:00:00
p_yg5234hu8z,Centurion Short Sleeve Sweater Polo Shirt,Polos,0,0,0,2024-01-01 00:00:00
p_qcw7eb8td6,Charcoal Heather Active Comfort Full Zip Hoodie,Hoodie,0,0,0,2024-01-01 00:00:00
p_agkp4c43e4,Charcoal Heather Active Comfort Pullover Hoodie,Hoodie,0,0,0,2024-01-01 00:00:00
p_cn8axvjmp9,Charcoal Heather Gray Active Comfort Short,Athletic Shorts,0,0,0,2024-01-01 00:00:00
p_6c6nrcr2c3, Short Sleeve T-Shirt | Active Crew Neck | Charcoal Heather Gray,T-Shirts,0,0,0,2024-01-01 00:00:00
p_znfcswnte7,Charcoal Heather Gray Active Hoodie,Hoodie,0,0,0,2024-01-01 00:00:00
p_bdbtrvs35c,Charcoal Heather Gray Active Joggers,Sweatpants & Joggers,0,0,0,2024-01-01 00:00:00
p_pxnmvcumyj,Charcoal Heather Gray Do-It-All Comfort Long Sleeve Button Up Shirt,Button Down Shirts,0,0,0,2024-01-01 00:00:00
p_yra4pxjn2n,Charcoal Heather Gray Fleece French Terry Full Zip,Hoodie,0,0,0,2024-01-01 00:00:00
p_k727r3s7q8,Charcoal Heather Gray Fleece French Terry Jogger,Sweatpants & Joggers,0,0,0,2024-01-01 00:00:00
p_qsxubmrtfw,Long Sleeve Tee | Loungewear | Charcoal Heather Gray,T-Shirts,0,0,0,2024-01-01 00:00:00
p_hrqsaa2u6g,Charcoal Heather Gray Loungewear Pant,Pants,0,0,0,2024-01-01 00:00:00
p_z9gg92dcqx,Charcoal Heather Gray Short Sleeve Polo Shirt,Polos,0,0,0,2024-01-01 00:00:00
p_3shyn5zkky,Charcoal Heather Gray Tall Crew T-Shirt,T-Shirts,0,0,0,2024-01-01 00:00:00
p_mvqwbcmhah,Charcoal Heather Gray Tall Round Hem Crew Neck T-Shirt,T-Shirts,0,0,0,2024-01-01 00:00:00
p_yupfqc6yfm,Charcoal Heather Gray Short Sleeve V-Neck T-Shirt,T-Shirts,0,0,0,2024-01-01 00:00:00
p_6k245nh69q,Crimson Long Sleeve Crew Neck T-Shirt,T-Shirts,0,0,0,2024-01-01 00:00:00
p_rhxjthz5x8,Dark Heather Burgundy Active Comfort Short,Swim Shorts,0,0,0,2024-01-01 00:00:00
p_ucy8r4cqe3,Dark Heather Burgundy Active Joggers,Sweatpants & Joggers,0,0,0,2024-01-01 00:00:00
p_2eh6mejec7,Dark Heather Cadet Active Crew Neck T-Shirt,T-Shirts,0,0,0,2024-01-01 00:00:00
p_sfn5q4bv26,Dark Heather Cadet Short Sleeve Active Polo Shirt,Polos,0,0,0,2024-01-01 00:00:00
p_ncvpa3z4h7,Dark Heather Cadet Long Sleeve Active Crew Neck T-Shirt,T-Shirts,0,0,0,2024-01-01 00:00:00
p_6njreat3aq,Dark Heather Cocoa Active Crew Neck T-Shirt,T-Shirts,0,0,0,2024-01-01 00:00:00
p_mjrxd2wgtf,Dark Heather Cocoa Short Sleeve Active Polo Shirt,Polos,0,0,0,2024-01-01 00:00:00
p_zf9muhc3as,Dark Heather Indigo Active Comfort Short,Shorts,0,0,0,2024-01-01 00:00:00
p_x5p88uuzy5,Dark Heather Indigo Active Joggers,Sweatpants & Joggers,0,0,0,2024-01-01 00:00:00
p_npx42jpcmt,Dark Heather Military Green Active Comfort Short,Shorts,0,0,0,2024-01-01 00:00:00
p_9m3e7uj62s,Dark Heather Military Green Active Joggers,Sweatpants & Joggers,0,0,0,2024-01-01 00:00:00
p_t2tpzxuynp,Dark Heather Navy Active Joggers,Sweatpants & Joggers,0,0,0,2024-01-01 00:00:00
p_vybqnpjdfb,Dark Heather Tempest Active Crew Neck T-Shirt,T-Shirts,0,0,0,2024-01-01 00:00:00
p_gzgm33n9cz,Dark Heather Tempest Short Sleeve Active Polo Shirt,Polos,0,0,0,2024-01-01 00:00:00
p_sph8dsebwy,Dark Oak Fleece French Terry Pullover Crew Neck Sweatshirt,Sweatshirt,0,0,0,2024-01-01 00:00:00
p_zpj5m6rzbh,Dark Oak Fleece French Terry Pullover Hoodie,Hoodie,0,0,0,2024-01-01 00:00:00
p_bvsv82u2jt,Dark Oak Fleece French Terry Zip Hoodie,Hoodie,0,0,0,2024-01-01 00:00:00
p_xdyn8gxhhe,Dark Oak Long Sleeve Waffle Crew,Sweatshirt,0,0,0,2024-01-01 00:00:00
p_hvyht2dd2v,Dark Oak Slim Twill Chino Pant,Pants,0,0,0,2024-01-01 00:00:00
p_9mtccasba9,Dark Oak Waffle Hoodie,Hoodie,0,0,0,2024-01-01 00:00:00
p_2wxxfw7mca,Dark Olive Fleece Shacket,Shirt Jackets,0,0,0,2024-01-01 00:00:00
p_b3ppfm2vay,Dark Olive Long Sleeve Waffle Crew,Shirt,0,0,0,2024-01-01 00:00:00
p_a6yxedr8jx,Dark Purple Short Sleeve V-Neck T-Shirt ,T-Shirts,0,0,0,2024-01-01 00:00:00
p_zwwudtzed5,Deep Sea Blue Heather Active Hoodie,Hoodie,0,0,0,2024-01-01 00:00:00
p_9y7p8njxta,Deep Sea Blue Heather Active Long Sleeve Crew T-Shirt,T-Shirts,0,0,0,2024-01-01 00:00:00
p_wht3v5efkm,Deep Sea Blue Long Sleeve Waffle Crew,T-Shirts,0,0,0,2024-01-01 00:00:00
p_z7xekuufwm,Ecru Do-It-All Comfort Long Sleeve Button Up Shirt,Button Down Shirts,0,0,0,2024-01-01 00:00:00
p_kvuhf7884a,Electric Blue Short Sleeve Polo Shirt,Polos,0,0,0,2024-01-01 00:00:00
p_ysyjzgmtu6,Evergreen Heather Active Hoodie,Hoodie,0,0,0,2024-01-01 00:00:00
p_shc7xvk932,Evergreen Heather Active Long Sleeve Crew Neck T-Shirt,T-Shirts,0,0,0,2024-01-01 00:00:00
p_2d43kb3hj3,Evergreen Heather Long Sleeve Waffle Crew,Sweatshirt,0,0,0,2024-01-01 00:00:00
p_yszdpmgyju,Evergreen Sweater Scarf,Scarf,0,0,0,2024-01-01 00:00:00
p_ydptv6rbpw,Gradient Classic Polarized Sunglasses,Sunglasses,0,0,0,2024-01-01 00:00:00
p_3wdph5p4a5,Gunmetal Puffer Vest,Outerwear Vests,0,0,0,2024-01-01 00:00:00
p_2c7s8a7bmw,Heather Black Active Jogger,Sweatpants & Joggers,0,0,0,2024-01-01 00:00:00
p_dny6u2yy3n,Heather Burgundy Active Crew Neck T-Shirt,T-Shirts,0,0,0,2024-01-01 00:00:00
p_5a5sfcgqkq,Heather Burgundy Active Long Sleeve Crew Neck T-Shirt,T-Shirts,0,0,0,2024-01-01 00:00:00
p_ctw749pxad,Heather Burgundy Long Sleeve Crew Neck T-Shirt,T-Shirts,0,0,0,2024-01-01 00:00:00
p_pqwkc9p2hu,Heather Burgundy Short Sleeve Crew Neck T-Shirt,T-Shirts,0,0,0,2024-01-01 00:00:00
p_a2wcem7cms,Heather Burgundy Short Sleeve V-Neck T-Shirt,T-Shirts,0,0,0,2024-01-01 00:00:00
p_25hy766nzk,Heather Cayenne Short Sleeve Crew Neck T-Shirt,T-Shirts,0,0,0,2024-01-01 00:00:00
p_x7cgdhmyp3,Heather Navy Short Sleeve Polo Shirt,Polos,0,0,0,2024-01-01 00:00:00
p_2hkre8aznc,Military Green Tall Straight Hem Crew Neck T-Shirt,T-Shirts,0,0,0,2024-01-01 00:00:00
p_73kjt62een,Heather Cayenne Short Sleeve Polo Shirt,Polos,0,0,0,2024-01-01 00:00:00
p_dpgtwv5dut,Heather Cayenne Short Sleeve Tall Polo,Polos,0,0,0,2024-01-01 00:00:00
p_rpenkmstmg,Heather Centurion Active Crew Neck T-Shirt,T-Shirts,0,0,0,2024-01-01 00:00:00
p_kzqm93unyy,Heather Cocoa Active Crew Neck T-Shirt,T-Shirts,0,0,0,2024-01-01 00:00:00
p_rua2yj3jmt,Heather Dark Oak Crew Short Sleeve Neck T-Shirt,T-Shirts,0,0,0,2024-01-01 00:00:00
p_cve5gy56m8,Heather Dark Oak Short Sleeve V-Neck T-Shirt,T-Shirts,0,0,0,2024-01-01 00:00:00
p_cvrhss99ts,Heather Dark Orchid Short Sleeve V-Neck T-Shirt,Shirt,0,0,0,2024-01-01 00:00:00
p_y3r2ug2mpu,Heather Forest Active Crew Neck T-Shirt,T-Shirts,0,0,0,2024-01-01 00:00:00
p_h75hjs7973,Heather Forest Short Sleeve Active Polo Shirt,Polos,0,0,0,2024-01-01 00:00:00
p_x5pshyk4q9,Heather Graphite Short Sleeve Polo Shirt,Polos,0,0,0,2024-01-01 00:00:00
p_g4xkdswn5e,Heather Gray Active Comfort Short,Shorts,0,0,0,2024-01-01 00:00:00
p_9p8bns7rmp,Heather Gray Active Crew Socks 3-Pack,Socks,0,0,0,2024-01-01 00:00:00
p_bjecaeres5,Heather Gray Active Never Show Socks 3-Pack,Socks,0,0,0,2024-01-01 00:00:00
p_nw97q8x9x2,Heather Gray Ankle Socks 3-Pack,Socks,0,0,0,2024-01-01 00:00:00
p_n3jnq4u8q7,Heather Gray Crew Neck Sweater,Knit Sweaters,0,0,0,2024-01-01 00:00:00
p_gbh9ypmsjv,Heather Gray Do-It-All Comfort Long Sleeve Button Up Shirt,Button Down Shirts,0,0,0,2024-01-01 00:00:00
p_bz2jmxhgzb,Heather Gray Fleece French Terry Joggers,Sweatpants & Joggers,0,0,0,2024-01-01 00:00:00
p_dvj7aj4rxq,Heather Gray Fleece French Terry Pullover Crew Neck Sweatshirt,Sweatshirt,0,0,0,2024-01-01 00:00:00
p_ttdapkruav,Heather Gray Fleece French Terry Pullover Hoodie,Hoodie,0,0,0,2024-01-01 00:00:00
p_e3w27784ez,Heather Gray Long Sleeve Lightweight Flannel Shirt,Button Down Shirts,0,0,0,2024-01-01 00:00:00
p_7cvqeq727k,Heather Gray Long Sleeve Polo Shirt,Polos,0,0,0,2024-01-01 00:00:00
p_36tjt6cs8z,Heather Gray Pique Crew Sweater,Knit Sweaters,0,0,0,2024-01-01 00:00:00
p_mbdbf8ya5d,Heather Gray Sweater Long Sleeve Button Up Shirt,Button Down Shirts,0,0,0,2024-01-01 00:00:00
p_gzymf76rmw,Heather Navy Loungewear Jogger,Sweatpants & Joggers,0,0,0,2024-01-01 00:00:00
p_8nxyvmkrbc,Heather Navy Loungewear Pant,Pants,0,0,0,2024-01-01 00:00:00
p_yb98yp2sqv,Indigo Rinse Slim Authentic Stretch Jeans,Jeans,0,0,0,2024-01-01 00:00:00
p_juu2rq3qu8,Indigo Rinse Straight Authentic Stretch Jeans,Jeans,0,0,0,2024-01-01 00:00:00
p_jwjqtb338j,Khaki Comfort Chino Pants,Pants,0,0,0,2024-01-01 00:00:00
p_t83m3bqcj4,Khaki Commuter Pant,Pants,0,0,0,2024-01-01 00:00:00
p_spf5g5jf32,Khaki Slim Twill Chino,Pants,0,0,0,2024-01-01 00:00:00
p_jx3q5n329x,Khaki Straight Twill Chino,Pants,0,0,0,2024-01-01 00:00:00
p_rhugz6jch8,Light Indigo Wash Slim Authentic Stretch Jeans,Jeans,0,0,0,2024-01-01 00:00:00
p_katetzgtwe,Light Indigo Wash Straight Authentic Stretch Jeans,Jeans,0,0,0,2024-01-01 00:00:00
p_s57sjtnm4q,Meadow Straight Twill Chino,Pants,0,0,0,2024-01-01 00:00:00
p_d3c8r9bpvv,Medium Indigo Wash Slim Authentic Stretch Jeans,Jeans,0,0,0,2024-01-01 00:00:00
p_xgzt58skmg,Medium Indigo Wash Straight Authentic Stretch Jeans,Jeans,0,0,0,2024-01-01 00:00:00
p_egd9fym6xg,Navy Commuter Pant,Pants,0,0,0,2024-01-01 00:00:00
p_ymb5bq3vdv,Navy Fleece Shacket,Shirt Jackets,0,0,0,2024-01-01 00:00:00
p_accagka8uw,Reversible Dress Belt,Belt,0,0,0,2024-01-01 00:00:00
p_pjpnhtycns,Sandstone Commuter Pant,Pants,0,0,0,2024-01-01 00:00:00
p_dks9q92uqc,Heather Gray Tall Round Hem Crew Neck T-Shirt,T-Shirts,0,0,0,2024-01-01 00:00:00
p_udqn8s72v2,Navy Tall Round Hem Crew Neck T-Shirt,T-Shirts,0,0,0,2024-01-01 00:00:00
p_8y5vsf82td,Heather Emerald Short Sleeve Crew Neck T-Shirt,T-Shirts,0,0,0,2024-01-01 00:00:00
p_xqh3f9cwus,Heather Emerald Short Sleeve V-Neck T-Shirt,T-Shirts,0,0,0,2024-01-01 00:00:00
p_vst6extntp,Heather Gray Active Jogger,Sweatpants & Joggers,0,0,0,2024-01-01 00:00:00
p_75cz36rfz9,Heather Gray Sweater Hoodie,Hoodie,0,0,0,2024-01-01 00:00:00
p_6cj8gtxf2x,Heather Gray Tall Long Sleeve T-Shirt,Shirt,0,0,0,2024-01-01 00:00:00
p_34upddt2cp,Heather Gray Tall Straight Hem Crew Neck T-Shirt,T-Shirts,0,0,0,2024-01-01 00:00:00
p_behk4g2psv,Heather Gray Short Sleeve V-Neck T-Shirt,T-Shirts,0,0,0,2024-01-01 00:00:00
p_kgcgy98rwb,Heather Gray Waffle Hoodie,Hoodie,0,0,0,2024-01-01 00:00:00
p_6suxvjsvfc,Heather Indigo Tall Round Hem Crew Neck T-Shirt,T-Shirts,0,0,0,2024-01-01 00:00:00
p_jpmpa7s5yw,Heather Indigo Short Sleeve V-Neck T-Shirt,T-Shirts,0,0,0,2024-01-01 00:00:00
p_4pdddcg9t6,Heather Military Green Long Sleeve Crew T-Shirt,T-Shirts,0,0,0,2024-01-01 00:00:00
p_284qkebjr8,Heather Military Green Short Sleeve Polo Shirt,Polos,0,0,0,2024-01-01 00:00:00
p_tbp6wvu828,Heather Military Green Short Sleeve V-Neck T-Shirt,T-Shirts,0,0,0,2024-01-01 00:00:00
p_x8z28nbvwg,Heather Mist Short Sleeve Crew Neck T-Shirt,T-Shirts,0,0,0,2024-01-01 00:00:00
p_rejmm7td92,Heather Mist Short Sleeve V-Neck T-Shirt,T-Shirts,0,0,0,2024-01-01 00:00:00
p_6wj7x98tcn,Heather Navy Active Comfort Crew Sweatshirt,Sweatshirt,0,0,0,2024-01-01 00:00:00
p_mtqhyqahab,Heather Navy Active Comfort Pullover Hoodie,Hoodie,0,0,0,2024-01-01 00:00:00
p_bxnehsqcdv,Heather Navy Short Sleeve Active Polo Shirt,Polos,0,0,0,2024-01-01 00:00:00
p_7bmuq9q6qw,Heather Navy Long Sleeve Ripstop Commuter Shirt,Shirt,0,0,0,2024-01-01 00:00:00
p_g6dg3x3nta,Heather Navy Pique Crew Sweater,Knit Sweaters,0,0,0,2024-01-01 00:00:00
p_5gc6jyy4vw,Heather Navy Tall Round Hem Crew Neck T-Shirt,T-Shirts,0,0,0,2024-01-01 00:00:00
p_u4zzshtv4s,Heather Navy Short Sleeve V-Neck T-Shirt,Shirt,0,0,0,2024-01-01 00:00:00
p_7tce4kfut5,Heather Oatmeal Crew Neck Sweater,Knit Sweaters,0,0,0,2024-01-01 00:00:00
p_eyc8fnh7za,Heather Purple Short Sleeve Crew Neck T-Shirt,T-Shirts,0,0,0,2024-01-01 00:00:00
p_fzwwcz6x6s,Heather Sage Short Sleeve Crew Neck T-Shirt,T-Shirts,0,0,0,2024-01-01 00:00:00
p_xvg4py479t,Heather Sage V-Neck Short Sleeve T-Shirt,T-Shirts,0,0,0,2024-01-01 00:00:00
p_up97jdnnsw,Heather Sapphire Short Sleeve Crew Neck T-Shirt,T-Shirts,0,0,0,2024-01-01 00:00:00
p_84xru5kzx9,Heather Dusty Pink Short Sleeve Crew Neck T-Shirt,T-Shirts,0,0,0,2024-01-01 00:00:00
p_xrvchd55bc,Heather Military Green Short Sleeve Tall Crew,Screen Printed T-Shirts,0,0,0,2024-01-01 00:00:00
p_xqcme6qpqk,Heather Navy Active Comfort Full Zip Hoodie,Hoodie,0,0,0,2024-01-01 00:00:00
p_5f676x59tf,Long Sleeve Tee | Loungewear | Heather Navy,T-Shirts,0,0,0,2024-01-01 00:00:00
p_ztgcvk5gkn,Short Sleeve Tee | Loungewear | Heather Navy,T-Shirts,0,0,0,2024-01-01 00:00:00
p_spgwfvgehe,Heather Navy Sweater Long Sleeve Button Up Shirt,Button Down Shirts,0,0,0,2024-01-01 00:00:00
p_6mr5zpx479,Indigo Wash Straight Fit Comfort Jeans,Jeans,0,0,0,2024-01-01 00:00:00
p_5bvpjy99x9,Ivory Active Jacket,Jacket,0,0,0,2024-01-01 00:00:00
p_23ej4qec4x,Khaki Coaches Jacket,Jacket,0,0,0,2024-01-01 00:00:00
p_ukpa96wyhm,Light Gray Stretch Oxford Long Sleeve Button Up Shirt,Button Down Shirts,0,0,0,2024-01-01 00:00:00
p_mzcrkdhuvj,Light Heather Gray Tall Round Hem Crew Neck T-Shirt,T-Shirts,0,0,0,2024-01-01 00:00:00
p_f7jft6kfqg,Light Indigo Wash Long Sleeve Chambray Shirt,Shirt,0,0,0,2024-01-01 00:00:00
p_ae6rxxhgmc,Medium Indigo Wash Long Sleeve Chambray Shirt,Shirt,0,0,0,2024-01-01 00:00:00
p_4axmubbqfb,Medium Indigo Wash Slim Fit Comfort Jeans,Jeans,0,0,0,2024-01-01 00:00:00
p_6b6wk8uxa6,Military Green Comfort Chino Pants,Pants,0,0,0,2024-01-01 00:00:00
p_ewa8pkqm8u,Military Green Fleece French Terry Jogger,Sweatpants & Joggers,0,0,0,2024-01-01 00:00:00
p_9fu3j9tbue,Military Green Tall Round Hem Crew Neck T-Shirt,T-Shirts,0,0,0,2024-01-01 00:00:00
p_26dpvscejy,Navy Comfort Chino Pants,Pants,0,0,0,2024-01-01 00:00:00
p_gqs2hwpkjy,Navy Commuter Long Sleeve Button Up Shirt,Shirt,0,0,0,2024-01-01 00:00:00
p_e58dmnpc9e,Navy Fleece French Terry Jogger,Sweatpants & Joggers,0,0,0,2024-01-01 00:00:00
p_r3gbt3j2kw,Navy Long Sleeve Button Up Shirt,Shirt,0,0,0,2024-01-01 00:00:00
p_byy2kmxasx,Navy Long Sleeve Lightweight Flannel Shirt,Shirt,0,0,0,2024-01-01 00:00:00
p_dr2dsqwwjd,Navy Performance Lightweight Dress Shirt,Button Down Shirts,0,0,0,2024-01-01 00:00:00
p_2d9wqf9yrd,Navy Puffer Vest,Outerwear Vests,0,0,0,2024-01-01 00:00:00
p_m753ak35t9,Navy Stretch Oxford Long Sleeve Button Up Shirt,Shirt,0,0,0,2024-01-01 00:00:00
p_wzprzguypw,Sandstone Comfort Chino Pants,Pants,0,0,0,2024-01-01 00:00:00
p_fyejvaduhb,Stone Blue Active Jogger,Sweatpants & Joggers,0,0,0,2024-01-01 00:00:00
p_gv8hh5kma3,Stone Stretch Oxford Long Sleeve Button Up Shirt,Button Down Shirts,0,0,0,2024-01-01 00:00:00
p_9absn9mpzt,Suede Brown Comfort Chino Pant,Pants,0,0,0,2024-01-01 00:00:00
p_f3zjdpjr6y,White Active Ankle Socks 3-Pack,Socks,0,0,0,2024-01-01 00:00:00
p_vdzeqmc9rs,White Active Crew Socks 3-Pack,Socks,0,0,0,2024-01-01 00:00:00
p_u9kx69bqms,White Active Never Show Socks 3-Pack,Socks,0,0,0,2024-01-01 00:00:00
p_jybua995rp,White Long Sleeve Button Up Shirt,Button Down Shirts,0,0,0,2024-01-01 00:00:00
p_yabrk8yt6y,White Commuter Long Sleeve Button Up Shirt,Button Down Shirts,0,0,0,2024-01-01 00:00:00
p_jc3jqkdafw,White Commuter Short Sleeve Button Up,Button Down Shirts,0,0,0,2024-01-01 00:00:00
p_hvfwhakq9c,White Performance Lightweight Dress Shirt,Button Down Shirts,0,0,0,2024-01-01 00:00:00
p_btfq53bzn6,White Short Sleeve Active Polo Shirt,Polos,0,0,0,2024-01-01 00:00:00
p_p42j2ebh8r,White Short Sleeve Button Up Shirt,Shirt,0,0,0,2024-01-01 00:00:00
p_xug2xuwpqn,White Stretch Oxford Long Sleeve Button Up Shirt,Shirt,0,0,0,2024-01-01 00:00:00
p_2xrckgaktx,White Tall Round Hem Crew Neck T-Shirt,T-Shirts,0,0,0,2024-01-01 00:00:00
p_p29249kscd,White Waffle Hoodie,Hoodie,0,0,0,2024-01-01 00:00:00
p_395td7np9f,Heather Military Green Short Sleeve Tall Polo Shirt,Polos,0,0,0,2024-01-01 00:00:00
p_tmjb73g498,Heather Navy Short Sleeve Tall Polo Shirt,Polos,0,0,0,2024-01-01 00:00:00
p_p7dtyf9kd8,Heather Pale Blue Short Sleeve V-Neck T-Shirt,T-Shirts,0,0,0,2024-01-01 00:00:00
p_3fgxkpaxye,Heather Seafarer Short Sleeve Polo Shirt,Polos,0,0,0,2024-01-01 00:00:00
p_jre675wesy,Heather Seafarer Short Sleeve Tall Polo Shirt,Polos,0,0,0,2024-01-01 00:00:00
p_mqgpa9st88,Heather Sapphire Short Sleeve V-Neck T-Shirt,T-Shirts,0,0,0,2024-01-01 00:00:00
p_vaexg8brvb,Heather Navy Short Sleeve Tall Crew,T-Shirts,0,0,0,2024-01-01 00:00:00
p_dqknx7njuf,Heather Slate Green Short Sleeve Polo Shirt,Polos,0,0,0,2024-01-01 00:00:00
p_zscv6ea69y,Heather Voyager Short Sleeve Crew Neck T-Shirt,T-Shirts,0,0,0,2024-01-01 00:00:00
p_jzwpw7njj6,Heather Voyager Short Sleeve Polo Shirt,Polos,0,0,0,2024-01-01 00:00:00
p_6e9uas44v6,Heather Voyager Short Sleeve V-Neck T-Shirt,T-Shirts,0,0,0,2024-01-01 00:00:00
p_28xdw49sqx,Indigo Short Sleeve Crew Neck T-Shirt,T-Shirts,0,0,0,2024-01-01 00:00:00
p_79pyfxzssb,Indigo Short Sleeve V-Neck T-Shirt,T-Shirts,0,0,0,2024-01-01 00:00:00
p_cje82wcjgv,Iron Gray Active Crew Neck T-Shirt,T-Shirts,0,0,0,2024-01-01 00:00:00
p_42exp9424a,Light Heather Gray Active Crew Neck T-Shirt,T-Shirts,0,0,0,2024-01-01 00:00:00
p_8v2uvftad7,Light Heather Gray Short Sleeve Crew Neck T-Shirt,T-Shirts,0,0,0,2024-01-01 00:00:00
p_39k28x38p7,Light Heather Gray Short Sleeve Polo Shirt,Polos,0,0,0,2024-01-01 00:00:00
p_cgxstjpjhj,Light Khaki Short Sleeve Crew Neck T-Shirt,T-Shirts,0,0,0,2024-01-01 00:00:00
p_4rudftw6u6,Lilac Gray Short Sleeve V-Neck T-Shirt,T-Shirts,0,0,0,2024-01-01 00:00:00
p_zymrwj8fj9,Mahogany Short Sleeve Crew Neck T-Shirt,T-Shirts,0,0,0,2024-01-01 00:00:00
p_6b99p4bqsk,Mahogany Short Sleeve Polo Shirt,Polos,0,0,0,2024-01-01 00:00:00
p_tgudk6vxpb,Military Beige Short Sleeve V-Neck T-Shirt,T-Shirts,0,0,0,2024-01-01 00:00:00
p_cbxu2v3ntm,Military Green Short Sleeve Active Crew Neck T-Shirt,T-Shirts,0,0,0,2024-01-01 00:00:00
p_j9ak85wp57,Military Green Active Quick Dry Short with Liner,Shorts,0,0,0,2024-01-01 00:00:00
p_tfc9aqbuz4,Military Green Short Sleeve Crew Neck T-Shirt,T-Shirts,0,0,0,2024-01-01 00:00:00
p_ch6qn6a8en,Military Green Short Sleeve V-Neck T-Shirt,T-Shirts,0,0,0,2024-01-01 00:00:00
p_t4px9w63de,Navy Short Sleeve Crew Neck T-Shirt,T-Shirts,0,0,0,2024-01-01 00:00:00
p_cty4s4ehz9,Orange Short Sleeve V-Neck T-Shirt,T-Shirts,0,0,0,2024-01-01 00:00:00
p_wc3k5eupk3,Oxford Blue Short Sleeve V-Neck T-Shirt,T-Shirts,0,0,0,2024-01-01 00:00:00
p_zc2fube8nb,Periwinkle Blue Short Sleeve Polo Shirt,Polos,0,0,0,2024-01-01 00:00:00
p_hed6qt6arh,Raspberry Short Sleeve Polo Shirt,Polos,0,0,0,2024-01-01 00:00:00
p_uwx92gahmk,Mahogany Long Sleeve Henley,T-Shirts,0,0,0,2024-01-01 00:00:00
p_mdphbu2y54,Indigo Long Sleeve T-Shirt,T-Shirts,0,0,0,2024-01-01 00:00:00
p_vhh2e6dge7,Mellow Yellow Short Sleeve Crew Neck T-Shirt,T-Shirts,0,0,0,2024-01-01 00:00:00
p_w24fe8f3xz,Mellow Yellow Short Sleeve V-Neck T-Shirt,T-Shirts,0,0,0,2024-01-01 00:00:00
p_77barf9kfn,Mahogany Long Sleeve Waffle Crew,Sweatshirt,0,0,0,2024-01-01 00:00:00
p_624s29xq4x,Sweater Scarf | Black,Scarf,0,0,0,2024-01-01 00:00:00
p_c4xj5zhjn2,Heather Navy Sweater Button Up Shirt,Button Down Shirts,0,0,0,2024-01-01 00:00:00
p_qek9etj5vj,Heather Voyager Short Sleeve Crew Neck T-Shirt,Shirt,0,0,0,2024-01-01 00:00:00
p_u9qz9yabud,Indigo Wash Slim Fit Comfort Jeans,Jeans,0,0,0,2024-01-01 00:00:00
p_h5b94d3deu,Centurion Short Sleeve Sweater Polo,Polos,0,0,0,2024-01-01 00:00:00
p_erspmns4ce,Heather Seafarer Short Sleeve V-Neck Neck T-Shirt,Shirt,0,0,0,2024-01-01 00:00:00
p_q4h28hmd8q,Never Show Socks | Active | 3-Pack | Black,Socks,0,0,0,2024-01-01 00:00:00
p_aj2ry7xdv9,"Chino Shorts | Comfort | 7"" | Rosewood",Shorts,0,0,0,2024-01-01 00:00:00
p_9y7cp9jumm,"Shorts | Classic Twill | 9"" | Sandstone",Shorts,0,0,0,2024-01-01 00:00:00
p_3pskc4cwbp,"Shorts | Classic Twill | 9"" Khaki",Shorts,0,0,0,2024-01-01 00:00:00
p_6bn53rdnz2,"Shorts | Classic Twill | 9"" | Navy",Shorts,0,0,0,2024-01-01 00:00:00
p_h4877neu4n,Sandstone Commuter Short,Shorts,0,0,0,2024-01-01 00:00:00
p_xsbj94sm6q,Heather Gray Fleece French Terry Short,Shorts,0,0,0,2024-01-01 00:00:00
p_jqam2z9s7w,"Chino Shorts | Comfort | 9"" | Ivory",Shorts,0,0,0,2024-01-01 00:00:00
p_kvcynwabcy,"Chino Shorts | Comfort | 9"" | Sandstone",Shorts,0,0,0,2024-01-01 00:00:00
p_7y7ms9wtr4,Shorts | Active Comfort | Black,Shorts,0,0,0,2024-01-01 00:00:00
p_r5du83g9df,Shorts | Active | Quick Dry with Liner | Black,Swim Shorts,0,0,0,2024-01-01 00:00:00
p_7pvp4dcq5n,Carbon Active Quick Dry Short with Liner,Swim Shorts,0,0,0,2024-01-01 00:00:00
p_gmhetj6qvj,Long Sleeve Button Up Shirt | Stretch Oxford | Banker Blue,Button Down Shirts,0,0,0,2024-01-01 00:00:00
p_8q3s9r6qwu,Hoodie | Active Comfort | Full Zip | Black,Hoodie,0,0,0,2024-01-01 00:00:00
p_fc9era585c,Jacket | Active | Black,Athletic Jackets,0,0,0,2024-01-01 00:00:00
p_m26ckp2n6s,Black Tall Round Hem Crew Neck T-Shirt,T-Shirts,0,0,0,2024-01-01 00:00:00
p_cfg5xu3gvw,Dark Olive Short Sleeve Crew Neck T-Shirt,T-Shirts,0,0,0,2024-01-01 00:00:00
p_yhput7au44,Dark Olive Long Sleeve Henley,T-Shirts,0,0,0,2024-01-01 00:00:00
p_ez9ax3esv6,Emerald Long Sleeve Crew Neck T-Shirt,T-Shirts,0,0,0,2024-01-01 00:00:00
p_8vx6ygsmsd,Heather Gray Hooded Long Sleeve T-Shirt,Hoodie,0,0,0,2024-01-01 00:00:00
p_23ubcbvz89,Heather Gray Never Show Socks 3-Pack,Socks,0,0,0,2024-01-01 00:00:00
p_pz6x448p9t,Heather Gray Short Sleeve Sweater Polo Shirt,Knit Tops,0,0,0,2024-01-01 00:00:00
p_jg78h55jmw,Heather Gray Sweater Beanie,Beanie,0,0,0,2024-01-01 00:00:00
p_w7ysprckp8,Heather Navy Active Comfort Straight Leg Pant,Sweatpants & Joggers,0,0,0,2024-01-01 00:00:00
p_8nnyqj3ewe,Heather Emerald Tall Round Hem Crew Neck T-Shirt,T-Shirts,0,0,0,2024-01-01 00:00:00
p_ttezb89gxf,Heather Mauve Short Sleeve Crew Neck T-Shirt,T-Shirts,0,0,0,2024-01-01 00:00:00
p_qtjb9pcnn3,Heather Navy Active Shell Jacket,Jacket,0,0,0,2024-01-01 00:00:00
p_f92h3kv2cv,Heather Pale Blue Short Sleeve Crew Neck T-Shirt,T-Shirts,0,0,0,2024-01-01 00:00:00
p_vjgaj8nyrd,Heather Gray Sweater Scarf,Scarf,0,0,0,2024-01-01 00:00:00
p_dy7mjs4bpm,Sleeveless Muscle Tee | Active | Light Heather Gray,Tank Top,0,0,0,2024-01-01 00:00:00
p_6sdgsje2m3,Mahogany Fleece French Terry Jogger,Sweatpants & Joggers,0,0,0,2024-01-01 00:00:00
p_xfct3t2vkk,Mahogany Waffle Hoodie,Hoodie,0,0,0,2024-01-01 00:00:00
p_wtnvenruq9,Medium indigo Wash Straight Fit Comfort Jeans,Jeans,0,0,0,2024-01-01 00:00:00
p_v8pfb5wryd,Military Green Waffle Hoodie,Hoodie,0,0,0,2024-01-01 00:00:00
p_x525p5gyt4,Moss Short Sleeve Sweater Polo Shirt,T-Shirts,0,0,0,2024-01-01 00:00:00
p_t58yx24wsb,Navy Hooded Long Sleeve T-Shirt,Sweatshirt,0,0,0,2024-01-01 00:00:00
p_msfd479sz8,Navy Short Sleeve Button Up Shirt,Shirt,0,0,0,2024-01-01 00:00:00
p_mau5qbhasg,Navy Short Sleeve Sweater Polo Shirt,Knit Sweaters,0,0,0,2024-01-01 00:00:00
p_kccxqadagn,Navy Waffle Hoodie,Hoodie,0,0,0,2024-01-01 00:00:00
p_dbg2vhd8gn,Navy Waffle Long Sleeve Crew Neck,Sweatshirt,0,0,0,2024-01-01 00:00:00
p_7kzk6kwsxk,Oatmeal Sweater Hoodie,Hoodie,0,0,0,2024-01-01 00:00:00
p_xhubfpt2bh,Olive Long Sleeve Ripstop Commuter Shirt,Shirt,0,0,0,2024-01-01 00:00:00
p_29wrd4wkfa,Pale Blue Button Up Shirt,Button Down Shirts,0,0,0,2024-01-01 00:00:00
p_u2rhgedcvp,White Long Sleeve Polo Shirt,Polos,0,0,0,2024-01-01 00:00:00
p_5e7t6v6gv8,Heather Sapphire Short Sleeve V-Neck T-Shirt,T-Shirts,0,0,0,2024-01-01 00:00:00
p_wctjf5cy38,Heather Seafarer Short Sleeve Crew Neck T-Shirt,T-Shirts,0,0,0,2024-01-01 00:00:00
p_dxzcer2fk8,Heather Slate Green Short Sleeve Crew Neck T-Shirt,T-Shirts,0,0,0,2024-01-01 00:00:00
p_dbcpnaxxzz,Navy Boxer Briefs 3-Pack,Underwear,0,0,0,2024-01-01 00:00:00
p_4juc2hdg85,Navy Tall Straight Hem Crew Neck T-Shirt,T-Shirts,0,0,0,2024-01-01 00:00:00
p_drc7rrjfsv,Mahogany Long Sleeve T-Shirt,Shirt,0,0,0,2024-01-01 00:00:00
p_rpcku7uhxu,Mahogany Short Sleeve V-Neck T-Shirt,T-Shirts,0,0,0,2024-01-01 00:00:00
p_jj6vbqjbcj,Navy Boxer Trunks 3-Pack,Underwear,0,0,0,2024-01-01 00:00:00
p_zm5cpgbxrk,Sapphire Short Sleeve Crew Neck T-Shirt,T-Shirts,0,0,0,2024-01-01 00:00:00
p_npv4nzv5x2,Sapphire Short Sleeve Polo Shirt,Polos,0,0,0,2024-01-01 00:00:00
p_ps2ys9u9da,Short Sleeve T-Shirt | Crew Neck | Steel,T-Shirts,0,0,0,2024-01-01 00:00:00
p_wue6hk6hmr,Short Sleeve T-Shirt | V-Neck | Steel,T-Shirts,0,0,0,2024-01-01 00:00:00
p_avsdr3kjaw,Military Green Boxer Briefs 3-Pack,Underwear,0,0,0,2024-01-01 00:00:00
p_9xxg4dd5wv,Navy Tall Long Sleeve T-Shirt,Shirt,0,0,0,2024-01-01 00:00:00
p_4qvba3a9f7,Off White Short Sleeve Crew Neck T-Shirt,T-Shirts,0,0,0,2024-01-01 00:00:00
p_rh632vzkvf,Raspberry Short Sleeve Crew Neck T-Shirt,T-Shirts,0,0,0,2024-01-01 00:00:00
p_jgnjyyepyv,White Short Sleeve Crew Neck T-Shirt,T-Shirts,0,0,0,2024-01-01 00:00:00
p_2nzpxxx9qd,White Tall Long Sleeve T-Shirt,T-Shirts,0,0,0,2024-01-01 00:00:00
p_fsr8s5rfne,Navy Tall Active Crew Neck,T-Shirts,0,0,0,2024-01-01 00:00:00
p_xzhwz3h8uh,Heather Light Khaki Crew Neck,Sweatshirt,0,0,0,2024-01-01 00:00:00
p_g2f7b4qvq8,Kelly Green Short Sleeve Crew Neck T-Shirt,T-Shirts,0,0,0,2024-01-01 00:00:00
p_jdmt24d7hn,Pale Blue Short Sleeve Crew Neck T-Shirt,T-Shirts,0,0,0,2024-01-01 00:00:00
p_xx645fy2er,Pink Opal Short Sleeve Crew Neck T-Shirt,T-Shirts,0,0,0,2024-01-01 00:00:00
p_m9zcd62yqy,Sandstone Short Sleeve Crew Neck T-Shirt,T-Shirts,0,0,0,2024-01-01 00:00:00
p_4m97kku3wq,Tan 499 Short Sleeve Crew Neck T-Shirt,T-Shirts,0,0,0,2024-01-01 00:00:00
p_6q2v79acx5,Light Blue Short Sleeve V-Neck T-Shirt,T-Shirts,0,0,0,2024-01-01 00:00:00
p_ce7amvu2k2,Light Heather Short Sleeve Gray V-Neck T-Shirt,T-Shirts,0,0,0,2024-01-01 00:00:00
p_ar4zzgjk5p,Periwinkle Blue Short Sleeve Crew Neck T-Shirt,T-Shirts,0,0,0,2024-01-01 00:00:00
p_e34ttzx6kf,True Red Short Sleeve Crew Neck T-Shirt,T-Shirts,0,0,0,2024-01-01 00:00:00
p_qsrzg2ce35,Turquoise Short Sleeve Crew Neck T-Shirt,T-Shirts,0,0,0,2024-01-01 00:00:00
p_bg7f7edphc,Stone Blue Active Comfort Short,Shorts,0,0,0,2024-01-01 00:00:00
p_ka34xhhhr8,Indigo Boxer Briefs 3-Pack,Underwear,0,0,0,2024-01-01 00:00:00
p_axzk47pvme,Teal Boxer Briefs 3-Pack,Underwear,0,0,0,2024-01-01 00:00:00
p_cnrb9yncvy,White Half Crew Sock 3-Pack,Socks,0,0,0,2024-01-01 00:00:00
p_pkqtyg3hqm,White Never Show Socks 3-Pack,Socks,0,0,0,2024-01-01 00:00:00
p_8q6fwp8wgq,Yellow Short Sleeve Polo Shirt,Polos,0,0,0,2024-01-01 00:00:00
p_8497zwuxp3,Mahogany Fleece French Terry Pullover Crew Sweatshirt,Sweatshirt,0,0,0,2024-01-01 00:00:00
p_dcqnnrpypu,Long Sleeve Tee And Jogger Set | Loungewear | Charcoal Heather Gray,Sweatshirt,0,0,0,2024-01-01 00:00:00
p_cc9s42vn4x,Short Sleeve Tee And Pant Set | Loungewear | Charcoal Heather Gray,Sweatpants & Joggers,0,0,0,2024-01-01 00:00:00
p_zwuqmdbfnt,Charcoal Heather Gray Short Sleeve Tall Active Crew Neck,T-Shirts,0,0,0,2024-01-01 00:00:00
p_un65wg283k,Long Sleeve Tee And Jogger Set | Loungewear | Heather Navy,Sweatshirt,0,0,0,2024-01-01 00:00:00
p_pqxd5rn6d9,Short Sleeve Tee And Pant Set | Loungewear | Heather Navy,Lounge Sweatpants & Joggers,0,0,0,2024-01-01 00:00:00
p_pznn6yemfk,Heather Navy Quarter Zip Performance Shirt,Athletic Tops,0,0,0,2024-01-01 00:00:00
p_f8nexh4476,Heather Navy Short Sleeve Tall Active Crew Neck,T-Shirts,0,0,0,2024-01-01 00:00:00
p_v4vw7cyjx6,White Short Sleeve Tall Active Crew Neck,T-Shirts,0,0,0,2024-01-01 00:00:00
p_fbcq86jv23,Heather Dusty Pink Short Sleeve V-Neck T-Shirt,T-Shirts,0,0,0,2024-01-01 00:00:00
p_d47n8u8fab,Black Long Sleeve Henley,Shirt,0,0,0,2024-01-01 00:00:00
p_7ekanr458k,Heather Burgundy Active Crew Neck T-Shirt,Shirt,0,0,0,2024-01-01 00:00:00
p_adhb2jnwk7,Military Green Tall Straight Hem Crew Neck T-Shirt,T-Shirts,0,0,0,2024-01-01 00:00:00
p_4xegh3d2dq,White Short Sleeve Active Polo Shirt,Polos,0,0,0,2024-01-01 00:00:00
p_jgj485u9gx,Heather Gray Hooded Long Sleeve T-Shirt,Hoodie,0,0,0,2024-01-01 00:00:00
p_5uvd4uv28m,Mahogany Waffle Hoodie,Hoodie,0,0,0,2024-01-01 00:00:00
p_qh5ucmcku5,Military Green Waffle Hoodie,Hoodie,0,0,0,2024-01-01 00:00:00
p_wrcbv4f2uu,Navy Hooded Long Sleeve T-Shirt,Sweatshirt,0,0,0,2024-01-01 00:00:00
p_3rcm54jqbs,Navy Waffle Hoodie,Hoodie,0,0,0,2024-01-01 00:00:00
p_vjd833ph3z,White Waffle Hoodie,Hoodie,0,0,0,2024-01-01 00:00:00
p_5uapency29,Navy Waffle Long Sleeve Crew Neck,Sweatshirt,0,0,0,2024-01-01 00:00:00
p_4ssfur9upr,Pale Blue Button Up Shirt,Button Down Shirts,0,0,0,2024-01-01 00:00:00
p_u9t2zm725p,Short Sleeve Active Polo Shirt | Black,Polos,0,0,0,2024-01-01 00:00:00
p_mnk33hmpwg,White Short Sleeve Active Polo,Polos,0,0,0,2024-01-01 00:00:00
p_ch7bwuavhv,Heather Gray Sweater Scarf,Scarf,0,0,0,2024-01-01 00:00:00
p_5crt48k7v7,Navy Short Sleeve Button Up Shirt,Shirt,0,0,0,2024-01-01 00:00:00
p_r6t642amsw,White Short Sleeve Button Up Shirt,Shirt,0,0,0,2024-01-01 00:00:00
p_pzx9wvv4qb,Heather Mauve Short Sleeve Crew Neck T-Shirt,T-Shirts,0,0,0,2024-01-01 00:00:00
p_tvdv27amhe,Heather Navy Active Comfort Straight Leg Pant,Sweatpants & Joggers,0,0,0,2024-01-01 00:00:00
p_2rhbv3znrg,Heather Navy Active Shell Jacket,Jacket,0,0,0,2024-01-01 00:00:00
p_ne28r8hbv2,Heather Seafarer Short Sleeve Crew Neck T-Shirt,T-Shirts,0,0,0,2024-01-01 00:00:00
p_yxq99tj7cv,Heather Slate Green Short Sleeve Crew Neck T-Shirt,Shirt,0,0,0,2024-01-01 00:00:00
p_2mwcc7hpkx,Light Heather Gray Sleeveless Active Muscle Tee,Tank Top,0,0,0,2024-01-01 00:00:00
p_cyyubbh7u4,Mahogany Fleece French Terry Jogger,Sweatpants & Joggers,0,0,0,2024-01-01 00:00:00
p_fqsqmarq3k,Mahogany Long Sleeve T-Shirt,Shirt,0,0,0,2024-01-01 00:00:00
p_r6f5ekuzmt,Mahogany V-Neck T-Shirt,Shirt,0,0,0,2024-01-01 00:00:00
p_zm7a3rkwma,Navy Tall Straight Hem Crew Neck T-Shirt,T-Shirts,0,0,0,2024-01-01 00:00:00
p_qktubda8xw,Heather Sapphire Short Sleeve V-Neck T-Shirt,T-Shirts,0,0,0,2024-01-01 00:00:00
p_bpux6v6hy3,Moss Short Sleeve Sweater Polo Shirt,T-Shirts,0,0,0,2024-01-01 00:00:00
p_x53atty9z2,Steel Short Sleeve V-Neck T-Shirt,T-Shirts,0,0,0,2024-01-01 00:00:00
p_55tcz9qg6f,Black Boxer Briefs 3-Pack,Underwear,0,0,0,2024-01-01 00:00:00
p_3t9x6drd9q,Never Show Socks | 3-Pack | Black,Socks,0,0,0,2024-01-01 00:00:00
p_9u87cuwg9k,Carbon Boxer Briefs 3-Pack,Underwear,0,0,0,2024-01-01 00:00:00
p_wuqcj8q3tb,Heather Gray Never Show Socks 3-Pack,Socks,0,0,0,2024-01-01 00:00:00
p_hj4kerceu3,Heather Gray Sweater Beanie,Beanie,0,0,0,2024-01-01 00:00:00
p_zkfhub8juv,Indigo Boxer Briefs 3-Pack,Underwear,0,0,0,2024-01-01 00:00:00
p_gky7ujn5kk,Military Green Boxer Briefs 3-Pack,Underwear,0,0,0,2024-01-01 00:00:00
p_hcstkqf7xs,Navy Boxer Briefs 3-Pack,Underwear,0,0,0,2024-01-01 00:00:00
p_vvxrx4e62u,Navy Boxer Trunks 3-Pack,Underwear,0,0,0,2024-01-01 00:00:00
p_ebtxk5mjkc,Teal Boxer Briefs 3-Pack,Underwear,0,0,0,2024-01-01 00:00:00
p_n52bwwvypc,White Active Crew Socks 3-Pack,Socks,0,0,0,2024-01-01 00:00:00
p_ngty2gftav,White Active Never Show Socks 3-Pack,Socks,0,0,0,2024-01-01 00:00:00
p_kdjpvxj7fs,White Half Crew Sock 3-Pack,Socks,0,0,0,2024-01-01 00:00:00
p_yefeaupknw,White Never Show Socks 3-Pack,Socks,0,0,0,2024-01-01 00:00:00
p_39acmqrp48,White Never Show Socks 3-Pack,Socks,0,0,0,2024-01-01 00:00:00
p_ntuxn2s2c5,Yellow Polo,Polos,0,0,0,2024-01-01 00:00:00
p_d53wqyy6nw,Oatmeal Sweater Hoodie,Hoodie,0,0,0,2024-01-01 00:00:00
p_xqd85rvpxs,Black Puffer Jacket,Puffer Jackets,0,0,0,2024-01-01 00:00:00
p_cad333s5q5,Heather Burgundy Active Long Sleeve Crew Neck,Sweatshirt,0,0,0,2024-01-01 00:00:00
p_heevyaqhce,"9"" Sandstone Classic Twill Shorts",Shorts,0,0,0,2024-01-01 00:00:00
p_yptjy3dzdz,"Shorts | Classic Twill | 7"" | Navy",Shorts,0,0,0,2024-01-01 00:00:00
p_v7wa7rn4tb,"Shorts | Classic Twill | 9"" | Khaki",Shorts,0,0,0,2024-01-01 00:00:00
p_x53vukk5e9,"Shorts | Classic Twill | 9"" | Meadow",Shorts,0,0,0,2024-01-01 00:00:00
p_yacuttmhrh,"9"" Navy Classic Twill Shorts",Shorts,0,0,0,2024-01-01 00:00:00
p_2432p8f6a5,"Shorts | Active Training | 7"" | Navy",Shorts,0,0,0,2024-01-01 00:00:00
p_64vbv6tpdm,Heather Gray Fleece French Terry Shorts,Shorts,0,0,0,2024-01-01 00:00:00
p_bmga62pefz,"9"" Sandstone Comfort Chino Shorts",Shorts,0,0,0,2024-01-01 00:00:00
p_b9pagk3ugb,Shorts | Active Comfort | Black,Shorts,0,0,0,2024-01-01 00:00:00
p_yn26dfj46r,Dark Heather Burgundy Active Comfort Short,Swim Shorts,0,0,0,2024-01-01 00:00:00
p_pe2azubxe8,Dark Heather Indigo Active Comfort Short,Shorts,0,0,0,2024-01-01 00:00:00
p_p58c6d9vvb,Dark Heather Military Green Active Comfort Short,Shorts,0,0,0,2024-01-01 00:00:00
p_6uh7rmkygu,Black Active Quick Dry Short with Liner,Swim Shorts,0,0,0,2024-01-01 00:00:00
p_wdbckwxtef,Carbon Active Quick Dry Short with Liner,Swim Shorts,0,0,0,2024-01-01 00:00:00
p_use9g4kaed,Black Active Never Show Socks 3-Pack,Socks,0,0,0,2024-01-01 00:00:00
p_85umjtnpsy,Sweater Scarf | Black,Scarf,0,0,0,2024-01-01 00:00:00
p_atrr9sdp25,Charcoal Heather Gray Short Sleeve Tall Polo Shirt,Polos,0,0,0,2024-01-01 00:00:00
p_9h2qsu97ew,Dark Heather Navy Active Comfort Short,Shorts,0,0,0,2024-01-01 00:00:00
p_znadcksnfx,Reversible Casual Belt,Belt,0,0,0,2024-01-01 00:00:00
p_rbz7y8npg6,Indigo Wash Slim Fit Comfort Jeans,Jeans,0,0,0,2024-01-01 00:00:00
p_p54vvkv29d,Light Heather Gray Quarter Zip Performance Shirt,Athletic Tops,0,0,0,2024-01-01 00:00:00
p_rujp4wvbzv,Mahogany Long Sleeve Waffle Crew,Sweatshirt,0,0,0,2024-01-01 00:00:00
p_vsyjxxtp4a,Navy Short Sleeve Active Polo Shirt,Polos,0,0,0,2024-01-01 00:00:00
p_tfhcx4fbf5,Heather Gray Never Show Socks 3-Pack,Socks,0,0,0,2024-01-01 00:00:00
p_ggkq2n25rk,Carbon Waffle Hoodie,Hoodie,0,0,0,2024-01-01 00:00:00
p_fsar8whm4b,Dark Oak Waffle Hoodie,Hoodie,0,0,0,2024-01-01 00:00:00
p_nqbh5bzsfh,Heather Gray Long Sleeve Polo,Polos,0,0,0,2024-01-01 00:00:00
p_ter2rcscz6,Heather Gray Waffle Hoodie,Hoodie,0,0,0,2024-01-01 00:00:00
p_5z9rynrdat,Dark Oak Long Sleeve Waffle Crew,Sweatshirt,0,0,0,2024-01-01 00:00:00
p_ap2c64hjnc,Dark Olive Long Sleeve Waffle Crew,Shirt,0,0,0,2024-01-01 00:00:00
p_zwzpj7gynb,Deep Sea Blue Long Sleeve Waffle Crew,T-Shirts,0,0,0,2024-01-01 00:00:00
p_ejzn2bhevc,Evergreen Heather Long Sleeve Waffle Crew,Sweatshirt,0,0,0,2024-01-01 00:00:00
p_456rdfdknv,Navy Long Sleeve Button Up Shirt,Shirt,0,0,0,2024-01-01 00:00:00
p_9ueremsrcn,Heather Navy Short Sleeve Loungewear Tee,T-Shirts,0,0,0,2024-01-01 00:00:00
p_pxj9zkmurj,Charcoal Heather Active Comfort Pullover Hoodie,Hoodie,0,0,0,2024-01-01 00:00:00
p_ab6dzqm4qc,Charcoal Heather Gray Fleece French Terry Jogger,Sweatpants & Joggers,0,0,0,2024-01-01 00:00:00
p_r7g7s9ued2,Dark Olive Fleece Shacket,Jacket,0,0,0,2024-01-01 00:00:00
p_pevetyjchy,Heather Dark Oak V-Neck T-Shirt,Screen Printed T-Shirts,0,0,0,2024-01-01 00:00:00
p_7bmm7jjbng,Heather Gray Long Sleeve Lightweight Flannel Shirt,Button Down Shirts,0,0,0,2024-01-01 00:00:00
p_jdy7juawjw,Heather Gray Pique Crew Sweater,Knit Sweaters,0,0,0,2024-01-01 00:00:00
p_hdbwf4s669,Heather Gray Tall Straight Hem Crew Neck T-Shirt,T-Shirts,0,0,0,2024-01-01 00:00:00
p_zsnvka2svc,Heather Mist Short Sleeve Crew Neck T-Shirt,T-Shirts,0,0,0,2024-01-01 00:00:00
p_h4edseg6hf,Heather Navy Active Comfort Pullover Hoodie,Hoodie,0,0,0,2024-01-01 00:00:00
p_n6kve3ddkw,Heather Navy Long Sleeve Ripstop Commuter Shirt,Shirt,0,0,0,2024-01-01 00:00:00
p_h8jucbuvcu,Heather Navy Pique Crew Sweater,Knit Sweaters,0,0,0,2024-01-01 00:00:00
p_sxcevd7ww2,Heather Oatmeal Crew Neck Sweater,Knit Sweaters,0,0,0,2024-01-01 00:00:00
p_ex8zw8z5dh,Heather Sapphire Short Sleeve Crew Neck T-Shirt,T-Shirts,0,0,0,2024-01-01 00:00:00
p_fdgw8vn8mw,Indigo Wash Straight Fit Comfort Jeans,Jeans,0,0,0,2024-01-01 00:00:00
p_gkhuhrbvc5,Light Indigo Wash Long Sleeve Chambray Shirt,Shirt,0,0,0,2024-01-01 00:00:00
p_5ez35speq8,Medium Indigo Wash Long Sleeve Chambray Shirt,Shirt,0,0,0,2024-01-01 00:00:00
p_36tbyhq9p3,Navy Fleece Shacket,Shirt Jackets,0,0,0,2024-01-01 00:00:00
p_grdphsazq4,Reversible Dress Belt,Belt,0,0,0,2024-01-01 00:00:00
p_qj9xh26ctj,Sapphire Short Sleeve Crew Neck T-Shirt,Screen Printed T-Shirts,0,0,0,2024-01-01 00:00:00
p_7nraatq97j,Steel Short Sleeve Crew Neck T-Shirt,T-Shirts,0,0,0,2024-01-01 00:00:00
p_37z5p8b2wz,Heather Dark Orchid Short Sleeve Vee Neck T-Shirt,Shirt,0,0,0,2024-01-01 00:00:00
p_rr9yu69cdx,Heather Mist Short Sleeve Vee Neck T-Shirt,T-Shirts,0,0,0,2024-01-01 00:00:00
p_7fgbszq45t,Heather Voyager Short Sleeve Vee Neck T-Shirt,T-Shirts,0,0,0,2024-01-01 00:00:00
p_aj728cj6p2,Reversible Casual Belt,Belt,0,0,0,2024-01-01 00:00:00
p_wkggwhgxue,Navy Long Sleeve Lightweight Flannel Shirt,Shirt,0,0,0,2024-01-01 00:00:00
p_8fx2h79sez,Black Slippers,Slippers,0,0,0,2024-01-01 00:00:00
p_cguvv472kt,Heather Navy Loungewear Pant,Pants,0,0,0,2024-01-01 00:00:00
p_e6aypq2yyn,Charcoal Heather Active Comfort Full Zip Hoodie,Hoodie,0,0,0,2024-01-01 00:00:00
p_zg2kz56sep,Khaki Coaches Jacket,Jacket,0,0,0,2024-01-01 00:00:00
p_v6xzqb4euh,Electric Blue Polo,Polos,0,0,0,2024-01-01 00:00:00
p_kyjxexravk,Heather Gray Active Crew Socks 3-Pack,Socks,0,0,0,2024-01-01 00:00:00
p_v4pawc4ufa,Heather Gray Ankle Socks 3-Pack,Socks,0,0,0,2024-01-01 00:00:00
p_r3b5cqykd8,Heather Gray Never Show Socks 3-Pack,Socks,0,0,0,2024-01-01 00:00:00
p_xsa4epqty5,Mahogany Polo,Polos,0,0,0,2024-01-01 00:00:00
p_perj37fvaa,Periwinkle Blue Polo,Polos,0,0,0,2024-01-01 00:00:00
p_ump27mtkuq,Raspberry Polo,Polos,0,0,0,2024-01-01 00:00:00
p_szsv98dxsn,White Active Ankle Socks 3-Pack,Socks,0,0,0,2024-01-01 00:00:00
p_yvahsdbd7s,Heather Seafarer Short Sleeve Polo,Polos,0,0,0,2024-01-01 00:00:00
p_njb9h744v3,Indigo Rinse Straight Authentic Stretch Jeans,Jeans,0,0,0,2024-01-01 00:00:00
p_nyn3pcwdu8,Light Indigo Wash Slim Authentic Stretch Jeans,Jeans,0,0,0,2024-01-01 00:00:00
p_9f3wn27yj9,Indigo Rinse Slim Authentic Stretch Jeans,Jeans,0,0,0,2024-01-01 00:00:00
p_3dxryrdx2k,Medium Indigo Wash Slim Authentic Stretch Jeans,Jeans,0,0,0,2024-01-01 00:00:00
p_75westm75x,Light Indigo Wash Straight Authentic Stretch Jeans,Jeans,0,0,0,2024-01-01 00:00:00
p_7sfgw9sa4n,Medium Indigo Wash Straight Authentic Stretch Jeans,Jeans,0,0,0,2024-01-01 00:00:00
p_sy5ta2zsks,Heather Cayenne Short Sleeve Crew Neck T-Shirt,Shirt,0,0,0,2024-01-01 00:00:00
p_qcke957864,"Chino Shorts | Comfort | 7"" | Military Green",Shorts,0,0,0,2024-01-01 00:00:00
p_uy62gqzk94,"Shorts | Comfort Chino | 7"" | Sapphire",Shorts,0,0,0,2024-01-01 00:00:00
p_svgga79dfc,"Chino Shorts | Comfort | 7"" | Slate Green",Shorts,0,0,0,2024-01-01 00:00:00
p_n2cq64ucyu,"9"" Sapphire Comfort Chino Short",Shorts,0,0,0,2024-01-01 00:00:00
p_hubt8gp9tb,"9"" Slate Green Comfort Chino Short",Shorts,0,0,0,2024-01-01 00:00:00
p_vahhav9rn7,"Shorts | Classic Twill | 9"" | Black",Shorts,0,0,0,2024-01-01 00:00:00
p_jxeh4td3j3,"Shorts | 9"" | Classic Twill | Centurion",Shorts,0,0,0,2024-01-01 00:00:00
p_3mav9fu9q9,"Shorts | Active Training 7"" | Black",Shorts,0,0,0,2024-01-01 00:00:00
p_3he4jy8f99,"Shorts | Active Training | 7"" | Carbon",Shorts,0,0,0,2024-01-01 00:00:00
p_sdkp4ngqy8,"Shorts | Active Training | 7"" | Sandstone",Shorts,0,0,0,2024-01-01 00:00:00
p_n5vm5c3nb9,"Chino Shorts | Comfort | 7"" | Black",Shorts,0,0,0,2024-01-01 00:00:00
p_t3995sdwge,"Shorts | Comfort Chino | 7"" | Carbon",Shorts,0,0,0,2024-01-01 00:00:00
p_ys9u6f3mbt,"Chino Shorts | Comfort | 7"" | Khaki",Shorts,0,0,0,2024-01-01 00:00:00
p_2vpu7ymaay,Black Commuter Short,Shorts,0,0,0,2024-01-01 00:00:00
p_jnvzcqrwxp,Khaki Commuter Short,Shorts,0,0,0,2024-01-01 00:00:00
p_pgq6zgcvgq,Black Fleece French Terry Short,Shorts,0,0,0,2024-01-01 00:00:00
p_8hbywkfrwc,Military Green Fleece French Terry Short,Shorts,0,0,0,2024-01-01 00:00:00
p_v7655zp7an,"Chino Shorts | Comfort | 9"" | Black",Shorts,0,0,0,2024-01-01 00:00:00
p_29aky289rv,Navy Fleece French Terry Short,Shorts,0,0,0,2024-01-01 00:00:00
p_juczmrnmtc,"Shorts | Comfort Chino | 9"" | Carbon",Shorts,0,0,0,2024-01-01 00:00:00
p_jw2fyemxq7,"9"" Khaki Comfort Chino Short",Shorts,0,0,0,2024-01-01 00:00:00
p_uqn6yzvkpa,"9"" Navy Comfort Chino Short",Shorts,0,0,0,2024-01-01 00:00:00
p_8an2wybh3y,Charcoal Heather Gray Active Comfort Short,Athletic Shorts,0,0,0,2024-01-01 00:00:00
p_aw48ckctp9,Burgundy Active Quick Dry Short with Liner,Swim Shorts,0,0,0,2024-01-01 00:00:00
p_vey4w66jst,Military Green Active Quick Dry Short with Liner,Shorts,0,0,0,2024-01-01 00:00:00
p_nuk7mzc8jt,Navy Active Quick Dry Short with Liner,Swim Shorts,0,0,0,2024-01-01 00:00:00
p_r2e57cmagz,Joggers | Active | Black,Sweatpants & Joggers,0,0,0,2024-01-01 00:00:00
p_csr594d6ws,Heather Navy Loungewear Jogger,Sweatpants & Joggers,0,0,0,2024-01-01 00:00:00
p_2krzrc4m74,Carbon Fleece French Terry Jogger,Sweatpants & Joggers,0,0,0,2024-01-01 00:00:00
p_phdjj3n8yh,Heather Gray Fleece French Terry Joggers,Sweatpants & Joggers,0,0,0,2024-01-01 00:00:00
p_eaxfgdw35q,Medium Gray Wash Slim Fit Comfort Jeans,Jeans,0,0,0,2024-01-01 00:00:00
p_wcjsyc8zup,Medium Gray Wash Straight Fit Comfort Jeans,Jeans,0,0,0,2024-01-01 00:00:00
p_qjxt4q7gff,Military Green Coaches Jacket,Jacket,0,0,0,2024-01-01 00:00:00
p_fm6edfx4ep,Military Green Fleece French Terry Jogger,Sweatpants & Joggers,0,0,0,2024-01-01 00:00:00
p_28tc85jmdq,Military Green Waffle Long Sleeve Crew Neck,Sweatshirt,0,0,0,2024-01-01 00:00:00
p_mxsupz7eaq,Navy Coaches Jacket,Jacket,0,0,0,2024-01-01 00:00:00
p_qqk283mjjn,Navy Fleece French Terry Jogger,Sweatpants & Joggers,0,0,0,2024-01-01 00:00:00
p_xanpax5dbd,True Red Polo,Polos,0,0,0,2024-01-01 00:00:00
p_mrvwze8wph,White Ankle Socks 3-Pack,Socks,0,0,0,2024-01-01 00:00:00
p_ga52js5nmp,White Never Show Socks 3-Pack,Socks,0,0,0,2024-01-01 00:00:00
p_yhe8c62x9c,Heather Navy Quarter Zip Performance Shirt,Athletic Tops,0,0,0,2024-01-01 00:00:00
p_a7p3mw83t9,Heather Military Green Active Long Sleeve Crew Neck,T-Shirts,0,0,0,2024-01-01 00:00:00
p_rwwrukwyz9,Charcoal Heather Gray Short Sleeve Tall Active Crew Neck,T-Shirts,0,0,0,2024-01-01 00:00:00
p_qy223hzmfv,White Short Sleeve Tall Active Crew Neck,T-Shirts,0,0,0,2024-01-01 00:00:00
p_hfj965wa8c,Charcoal Heather Gray Loungewear Long Sleeve Tee And Jogger Set,Sweatshirt,0,0,0,2024-01-01 00:00:00
p_f3v8s3b963,Charcoal Heather Gray Loungewear Short Sleeve Tee And Pant Set,Sweatpants & Joggers,0,0,0,2024-01-01 00:00:00
p_3vtx7z4d8y,Heather Dusty Pink V-Neck T-Shirt,Screen Printed T-Shirts,0,0,0,2024-01-01 00:00:00
p_3kckyj2khu,Heather Navy Loungewear Short Sleeve Tee And Pant Set,Lounge Sweatpants & Joggers,0,0,0,2024-01-01 00:00:00
p_wj3u3m87yx,Short Sleeve T-Shirt | Active | Crew Neck | Black,T-Shirts,0,0,0,2024-02-01 00:00:00
p_svsvrfrcb6,Black Active Long Sleeve Crew Neck T-Shirt,T-Shirts,0,0,0,2024-02-01 00:00:00
p_vjfh4zw9pd,Short Sleeve Active Polo Shirt | Black,Polos,0,0,0,2024-02-01 00:00:00
p_2gwdmudpww,Long Sleeve Shirt | Crew Neck | Black,Shirt,0,0,0,2024-02-01 00:00:00
p_p6zw3xeg4v,Short Sleeve T-Shirt | Crew Neck | Black,T-Shirts,0,0,0,2024-02-01 00:00:00
p_8jmz33scf8,Sweatshirt | Pullover Crew Neck | Fleece French Terry | Black,Sweatshirt,0,0,0,2024-02-01 00:00:00
p_26twzeayzk,Pullover Hoodie | Fleece French Terry | Black,Hoodie,0,0,0,2024-02-01 00:00:00
p_xnzebcgf9j,Zip Hoodie | Fleece French Terry | Black,Hoodie,0,0,0,2024-02-01 00:00:00
p_v9vmgr3m4t,Polo Shirt | Black,Polos,0,0,0,2024-02-01 00:00:00
p_uwm4psyppk,Black Tall Straight Hem Crew Neck T-Shirt,T-Shirts,0,0,0,2024-02-01 00:00:00
p_s7yfamyjwt,Black V-Neck T-Shirt,T-Shirts,0,0,0,2024-02-01 00:00:00
p_htnnbrvvmk,Carbon Active Crew Neck,T-Shirts,0,0,0,2024-02-01 00:00:00
p_rgamhxuwjz,Carbon Crew Neck Long Sleeve,Shirt,0,0,0,2024-02-01 00:00:00
p_szpx92nwke,Carbon Fleece French Terry Zip Hoodie,Hoodie,0,0,0,2024-02-01 00:00:00
p_prm2runmas,Carbon Long Sleeve Henley,T-Shirts,0,0,0,2024-02-01 00:00:00
p_gf9pckvcm8,Carbon Short Sleeve Polo Shirt,Polos,0,0,0,2024-02-01 00:00:00
p_ujs2rxbwwy,Charcoal Heather Gray Active Long Sleeve Crew Neck,T-Shirts,0,0,0,2024-02-01 00:00:00
p_73vqwcfbpf,Charcoal Heather Gray Short Sleeve Active Polo Shirt,Polos,0,0,0,2024-02-01 00:00:00
p_9744mpdv5n,Charcoal Heather Gray Long Sleeve,Shirt,0,0,0,2024-02-01 00:00:00
p_3dh3myqfyq,Charcoal Heather Gray Polo,Polos,0,0,0,2024-02-01 00:00:00
p_yjazyejt4q,Charcoal Heather Gray V-Neck,Shirt,0,0,0,2024-02-01 00:00:00
p_xhhgk2nnba,Heather Burgundy Crew Neck T-Shirt,Shirt,0,0,0,2024-02-01 00:00:00
p_gbd3qsz25s,Heather Charcoal Gray Crew Neck T-Shirt,Shirt,0,0,0,2024-02-01 00:00:00
p_ea2gekbzfm,Heather Gray Crew Neck Long Sleeve,T-Shirts,0,0,0,2024-02-01 00:00:00
p_bdybxrzhhw,Heather Gray Fleece French Terry Pullover Hoodie,Hoodie,0,0,0,2024-02-01 00:00:00
p_cz4mtzemgt,Heather Gray Fleece French Terry Zip Hoodie,Hoodie,0,0,0,2024-02-01 00:00:00
p_ddgsdeyzu9,Heather Gray Long Sleeve Henley,T-Shirts,0,0,0,2024-02-01 00:00:00
p_5rc5ezqwny,Heather Gray Short Sleeve Polo Shirt,Polos,0,0,0,2024-02-01 00:00:00
p_shhxbvvxxp,Heather Indigo Active Crew Neck T-Shirt,T-Shirts,0,0,0,2024-02-01 00:00:00
p_4fs9u74y4x,Heather Indigo Crew Neck Long Sleeve,T-Shirts,0,0,0,2024-02-01 00:00:00
p_hmkhv4g497,Heather Indigo Crew Neck T-Shirt,Shirt,0,0,0,2024-02-01 00:00:00
p_s6hq3cbp99,Heather Indigo Short Sleeve Polo Shirt,Polos,0,0,0,2024-02-01 00:00:00
p_5q6tnqwruf,Heather Light Gray Active Long Sleeve Crew Neck,T-Shirts,0,0,0,2024-02-01 00:00:00
p_ggx5q9x8xm,Heather Military Green Active Crew Neck T-Shirt,Shirt,0,0,0,2024-02-01 00:00:00
p_xngupz8qg8,Heather Military Green Active Long Sleeve Crew Neck,T-Shirts,0,0,0,2024-02-01 00:00:00
p_pzg4uy9ru4,Heather Military Green Short Sleeve Active Polo Shirt,Polos,0,0,0,2024-02-01 00:00:00
p_kajnxmygka,Heather Military Green Crew Neck T-Shirt,Shirt,0,0,0,2024-02-01 00:00:00
p_95axe6dfn6,Heather Navy Active Crew Neck T-Shirt,T-Shirts,0,0,0,2024-02-01 00:00:00
p_5kpddtqty2,Heather Navy Active Long Sleeve Crew Neck,T-Shirts,0,0,0,2024-02-01 00:00:00
p_ccse4psnan,Heather Navy Crew Neck Long Sleeve,T-Shirts,0,0,0,2024-02-01 00:00:00
p_ug6duq4hvt,Heather Navy Crew Neck T-Shirt,Shirt,0,0,0,2024-02-01 00:00:00
p_vrmxbznmh9,Indigo Long Sleeve Henley,Shirt,0,0,0,2024-02-01 00:00:00
p_bhfd33ejhy,Indigo Short Sleeve Polo Shirt,Polos,0,0,0,2024-02-01 00:00:00
p_955cnseek9,Light Heather Gray Crew Neck Long Sleeve,T-Shirts,0,0,0,2024-02-01 00:00:00
p_6zjn28jf23,Military Green Crew Neck Long Sleeve,Shirt,0,0,0,2024-02-01 00:00:00
p_shcbhfeqaq,Military Green Fleece French Terry Pullover Crew Neck Sweatshirt,Sweatshirt,0,0,0,2024-02-01 00:00:00
p_3wz546brng,Military Green Fleece French Terry Pullover Hoodie,Hoodie,0,0,0,2024-02-01 00:00:00
p_8q6kvd32nc,Military Green Fleece French Terry Zip Hoodie,Hoodie,0,0,0,2024-02-01 00:00:00
p_brwwn6xkwh,Military Green Long Sleeve Henley,T-Shirts,0,0,0,2024-02-01 00:00:00
p_mwv4sjthwt,Military Green Short Sleeve Polo Shirt,Polos,0,0,0,2024-02-01 00:00:00
p_vtkmnr87v2,Navy Active Crew Neck T-Shirt,T-Shirts,0,0,0,2024-02-01 00:00:00
p_tpzfdnukzs,Navy Active Long Sleeve Crew Neck,T-Shirts,0,0,0,2024-02-01 00:00:00
p_bptwztkuks,Navy Short Sleeve Active Polo Shirt,Polos,0,0,0,2024-02-01 00:00:00
p_tjh5t8a6tw,Navy Crew Neck Long Sleeve,Shirt,0,0,0,2024-02-01 00:00:00
p_rezzg23bjy,Navy Fleece French Terry Pullover Crew Neck Sweatshirt,Sweatshirt,0,0,0,2024-02-01 00:00:00
p_k6s6hftqfe,Navy Fleece French Terry Pullover Hoodie,Hoodie,0,0,0,2024-02-01 00:00:00
p_h9z43a8zde,Navy Fleece French Terry Zip Hoodie,Hoodie,0,0,0,2024-02-01 00:00:00
p_ngbbqfwzd5,Navy Long Sleeve Henley,Shirt,0,0,0,2024-02-01 00:00:00
p_rhexhysfzs,Navy Short Sleeve Polo Shirt,Polos,0,0,0,2024-02-01 00:00:00
p_xa4dn5yc22,Navy Tall Short Sleeve Polo Shirt,Polos,0,0,0,2024-02-01 00:00:00
p_2wu3jtehp2,Navy Short Sleeve V-Neck T-Shirt,Shirt,0,0,0,2024-02-01 00:00:00
p_8rbvhb5tdc,White Active Crew Neck T-Shirt,Shirt,0,0,0,2024-02-01 00:00:00
p_r5gttk27sm,White Active Long Sleeve Crew Neck,Shirt,0,0,0,2024-02-01 00:00:00
p_2cus7843n6,White Crew Neck Long Sleeve,Shirt,0,0,0,2024-02-01 00:00:00
p_twpefb4vpq,White Long Sleeve Henley,T-Shirts,0,0,0,2024-02-01 00:00:00
p_6hvvy94kq4,White Short Sleeve Polo Shirt,Polos,0,0,0,2024-02-01 00:00:00
p_m6x758mjvq,White Short Sleeve Tall Polo Shirt,Polos,0,0,0,2024-02-01 00:00:00
p_s49r5jxnqq,White Short Sleeve V-Neck T-Shirt,T-Shirts,0,0,0,2024-02-01 00:00:00
p_fx25mpavbf,Long Sleeve T-Shirt | Hooded | Black,T-Shirts,0,0,0,2024-02-01 00:00:00
p_gawdf2gbfa,Long Sleeve Polo Shirt | Black,Polos,0,0,0,2024-02-01 00:00:00
p_xafkdxwnvm,Black Waffle Hoodie,Hoodie,0,0,0,2024-02-01 00:00:00
p_yev838e3bk,Dark Olive Waffle Hoodie,Hoodie,0,0,0,2024-02-01 00:00:00
p_3h5wxbdgfn,White Long Sleeve Polo Shirt,Polos,0,0,0,2024-02-01 00:00:00
p_g5xjgypbqs,Long Sleeve Button Up Shirt | Black,Button Down Shirts,0,0,0,2024-02-01 00:00:00
p_pqjyybc86f,Black Waffle Long Sleeve Crew Neck T-Shirt,T-Shirts,0,0,0,2024-02-01 00:00:00
p_5pqpzmazbr,Carbon Long Sleeve Button Up Shirt,Button Down Shirts,0,0,0,2024-02-01 00:00:00
p_anqd83cjye,Military Green Waffle Long Sleeve Crew Neck,Sweatshirt,0,0,0,2024-02-01 00:00:00
p_vp3anzz9s3,White Button Up Shirt,Button Down Shirts,0,0,0,2024-02-01 00:00:00
p_92vf4hpdrt,White Commuter Short Sleeve Button Up,Button Down Shirts,0,0,0,2024-02-01 00:00:00
p_85skykpy7r,Short Sleeve Button Up Shirt | Commuter | Black,Button Down Shirts,0,0,0,2024-02-01 00:00:00
p_v5bwyyhget,Carbon Commuter Short Sleeve Button Up,Button Down Shirts,0,0,0,2024-02-01 00:00:00
p_5kr9enrf6j,Short Sleeve Tee | Loungewear | Charcoal Heather Gray,T-Shirts,0,0,0,2024-02-01 00:00:00
p_rpwqburrmc,Dark Heather Cadet Active Polo,Polos,0,0,0,2024-02-01 00:00:00
p_8tryb2ahrp,Dark Heather Cocoa Active Polo,Polos,0,0,0,2024-02-01 00:00:00
p_vnexp6dh3m,Heather Centurion Short Sleeve Active Polo Shirt,Polos,0,0,0,2024-02-01 00:00:00
p_8pczdfc69m,Heather Cocoa Short Sleeve Active Polo Shirt,Polos,0,0,0,2024-02-01 00:00:00
p_xdyq8mewrc,Short Sleeve Button Up Shirt | Black,Button Down Shirts,0,0,0,2024-02-01 00:00:00
p_56qjzafa6s,Carbon Short Sleeve Button Up Shirt,Button Down Shirts,0,0,0,2024-02-01 00:00:00
p_7dyz93zegj,"Shorts | Active Training | 7"" | Sapphire",Athletic Shorts,0,0,0,2024-02-01 00:00:00
p_3pkg63ym5k,"Shorts | Active Training | 7"" | Steel",Shorts,0,0,0,2024-02-01 00:00:00
p_k5hymg84ez,"Shorts | Training | 7"" | 2-in-1 Black",Athletic Shorts,0,0,0,2024-02-01 00:00:00
p_mm5tbn6qza,Sweatshirt | Comfort Crew | Black,Sweatshirt,0,0,0,2024-02-01 00:00:00
p_2uptnqrxy2,Hoodie | Active Comfort | Pullover | Black,Hoodie,0,0,0,2024-02-01 00:00:00
p_ys335pw23m,Pants | Active Comfort | Straight Leg | Black,Sweatpants & Joggers,0,0,0,2024-02-01 00:00:00
p_9attt36kqt,Blazer | Black,Blazer,0,0,0,2024-02-01 00:00:00
p_84w66d79b8,Pants | Comfort Chino | Black,Pants,0,0,0,2024-02-01 00:00:00
p_349fd5fte5,Sweater | Crew Neck | Black,Knit Sweaters,0,0,0,2024-02-01 00:00:00
p_zzvxdda285,Fleece Shacket | Black,Jacket,0,0,0,2024-02-01 00:00:00
p_z7kat66jsb,Puffer Vest | Black,Outerwear Vests,0,0,0,2024-02-01 00:00:00
p_w99wqwtmd8,Performance Shirt | Quarter Zip | Black,Athletic Tops,0,0,0,2024-02-01 00:00:00
p_vkp29t8hpk,Sleeveless Muscle Tee | Active | Black,Athletic Tops,0,0,0,2024-02-01 00:00:00
p_bxpjzp3q34,Sweater Hoodie | Black,Hoodie,0,0,0,2024-02-01 00:00:00
p_j23j35syzx,Black Wash Long Sleeve Chambray Shirt,Shirt,0,0,0,2024-02-01 00:00:00
p_aaa5u2senn,Black Wash Slim Fit Comfort Jeans,Jeans,0,0,0,2024-02-01 00:00:00
p_mu7q5qx67m,Black Wash Straight Fit Comfort Jeans,Jeans,0,0,0,2024-02-01 00:00:00
p_kv4qxkyavb,Chino Pants | Comfort | Carbon,Pants,0,0,0,2024-02-01 00:00:00
p_av6ja2w28x,Charcoal Heather Active Comfort Crew Sweatshirt,Athletic Tops,0,0,0,2024-02-01 00:00:00
p_jqxjnq8mc8,Charcoal Heather Active Comfort Straight Leg Pant,Sweatpants & Joggers,0,0,0,2024-02-01 00:00:00
p_hzkzcd9ag9,Charcoal Heather Gray Long Sleeve Ripstop Commuter Shirt,Shirt,0,0,0,2024-02-01 00:00:00
p_zc74ftx9hy,Charcoal Heather Gray Pique Crew Sweater,Knit Sweaters,0,0,0,2024-02-01 00:00:00
p_4krqrmhc8s, Sleeveless Muscle Tee | Active | Charcoal Heather Gray,Athletic Tops,0,0,0,2024-02-01 00:00:00
p_qvscv7wqa7,Dark Oak Fleece French Terry Jogger,Sweatpants & Joggers,0,0,0,2024-02-01 00:00:00
p_yw7vvn467f,Dark Olive Long Sleeve Crew Neck T-Shirt,T-Shirts,0,0,0,2024-02-01 00:00:00
p_hc97kv4jxf,Deep Sea Blue Short Sleeve Crew Neck T-Shirt,T-Shirts,0,0,0,2024-02-01 00:00:00
p_zp4vn3rtz4,Deep Sea Blue Long Sleeve Crew Neck T-Shirt,T-Shirts,0,0,0,2024-02-01 00:00:00
p_8d5cs572ku,Evergreen Heather Short Sleeve Crew Neck T-Shirt,T-Shirts,0,0,0,2024-02-01 00:00:00
p_2qn4rb76qt,Evergreen Heather Long Sleeve Crew Neck T-Shirt,T-Shirts,0,0,0,2024-02-01 00:00:00
p_hun6quaf8f,Gray Wash Slim Fit Comfort Jeans,Jeans,0,0,0,2024-02-01 00:00:00
p_bn49najk97,Gray Wash Straight Fit Comfort Jeans,Jeans,0,0,0,2024-02-01 00:00:00
p_a66qgjtv8u, Sleeveless Muscle Tee | Active | Heather Cadet,Athletic Tops,0,0,0,2024-02-01 00:00:00
p_76w9v5r9gp,Heather Camel Pique Crew Sweater,Knit Sweaters,0,0,0,2024-02-01 00:00:00
p_m26nune3tt,Sleeveless Muscle Tee | Active | Heather Cocoa,Tank Top,0,0,0,2024-02-01 00:00:00
p_wtfwp7uyps,Heather Dark Oak Long Sleeve Crew Neck T-Shirt,T-Shirts,0,0,0,2024-02-01 00:00:00
p_guzmuvmxwg,Heather Dark Orchid Short Sleeve Crew Neck T-Shirt,T-Shirts,0,0,0,2024-02-01 00:00:00
p_auux7guqn5,Sleeveless Muscle Tee | Active| Heather Forest,Athletic Tops,0,0,0,2024-02-01 00:00:00
p_wvdzacyaq8,Heather Garnet Short Sleeve Crew Neck T-Shirt,T-Shirts,0,0,0,2024-02-01 00:00:00
p_59st4ejx9g,Heather Graphite Short Sleeve Crew Neck T-Shirt,T-Shirts,0,0,0,2024-02-01 00:00:00
p_mkhh2ymk98,Heather Navy Active Comfort Crew Sweatshirt,Sweatshirt,0,0,0,2024-02-01 00:00:00
p_4tw7w4865y,Medium Gray Wash Slim Fit Comfort Jeans,Jeans,0,0,0,2024-02-01 00:00:00
p_u25kmysesj,Medium Gray Wash Straight Fit Comfort Jeans,Jeans,0,0,0,2024-02-01 00:00:00
p_yrp9cazs3k,Olive Long Sleeve Ripstop Commuter Shirt,Shirt,0,0,0,2024-02-01 00:00:00
p_vjj8djm98g,"Voyager 7"" 2-in-1 Training Short",Athletic Shorts,0,0,0,2024-02-01 00:00:00
p_ens5k22dee,Coaches Jacket | Black,Jacket,0,0,0,2024-02-01 00:00:00
p_krqrvpb5nk,Short Sleeve Sweater Polo Shirt | Black,Polos,0,0,0,2024-02-01 00:00:00
p_ezjsg82fk7,Garnet Short Sleeve Sweater Polo Shirt,Polos,0,0,0,2024-02-01 00:00:00
p_zfqbnz8zdc,Heather Gray Short Sleeve Sweater Polo,Polos,0,0,0,2024-02-01 00:00:00
p_rdac8nxqpc,Navy Short Sleeve Sweater Polo,Polos,0,0,0,2024-02-01 00:00:00
p_tdz6dj3k93,Charcoal Heather Gray Active Shell Jacket,Jacket,0,0,0,2024-02-01 00:00:00
p_ef9p26sqwv,Navy Coaches Jacket,Jacket,0,0,0,2024-02-01 00:00:00
p_gvy838kdy9,Long Sleeve Button Up Sweater Shirt | Black + Carbon,Button Down Shirts,0,0,0,2024-02-01 00:00:00
p_cpfjz5js6m,Light Heather Gray Quarter Zip Performance Shirt,Athletic Tops,0,0,0,2024-02-01 00:00:00
p_encznv79zd,Charcoal Heather Gray Loungewear Jogger,Sweatpants & Joggers,0,0,0,2024-02-01 00:00:00
p_uqg73gd526,Dark Olive Short Sleeve V-Neck T-Shirt,T-Shirts,0,0,0,2024-02-01 00:00:00
p_dd7ynwa46b,Military Green Coaches Jacket,Jacket,0,0,0,2024-02-01 00:00:00
p_pds624ht98,Ankle Socks | Active | 3-Pack | Black,Socks,0,0,0,2024-02-01 00:00:00
p_h9thpv33ux,Crew Socks | Active | 3-Pack | Black,Socks,0,0,0,2024-02-01 00:00:00
p_vm4udwbmec,Ankle Socks | 3-Pack | Black,Socks,0,0,0,2024-02-01 00:00:00
p_hv5d9t5gb4,Black Boxer Trunks 3-Pack,Underwear,0,0,0,2024-02-01 00:00:00
p_eg72spursx,Half Crew Sock | 3-Pack | Black,Socks,0,0,0,2024-02-01 00:00:00
p_m5nrytn7g3,Boxer Briefs | Logo | 3-Pack | Black,Underwear,0,0,0,2024-02-01 00:00:00
p_7rzxq9sd8n,Never Show Socks | 3-Pack | Black,Socks,0,0,0,2024-02-01 00:00:00
p_h644hfsgj7,Sweater Beanie | Black,Beanie,0,0,0,2024-02-01 00:00:00
p_k8j2vzha5p,Burgundy Boxer Briefs 3-Pack,Underwear,0,0,0,2024-02-01 00:00:00
p_rd96dkwsx6,Carbon Boxer Trunks 3-Pack,Underwear,0,0,0,2024-02-01 00:00:00
p_3zf2yh34hr,Dark Olive Short Sleeve Polo Shirt,Polos,0,0,0,2024-02-01 00:00:00
p_fcgghnz6fh,Evergreen Sweater Beanie,Beanie,0,0,0,2024-02-01 00:00:00
p_vxfj55w6ma,Heather Burgundy Short Sleeve Polo Shirt,Polos,0,0,0,2024-02-01 00:00:00
p_tpv8fcqeja,Heather Gray Active Ankle Socks 3-Pack,Socks,0,0,0,2024-02-01 00:00:00
p_y6cg76w8k6,Heather Gray Half Crew Sock 3-Pack,Socks,0,0,0,2024-02-01 00:00:00
p_sgut9a5tns,Light Heather Gray Polo,Polos,0,0,0,2024-02-01 00:00:00
p_r5xrp6kuxu,True Red Short Sleeve Polo Shirt,Polos,0,0,0,2024-02-01 00:00:00
p_x285vx432e,White Ankle Socks 3-Pack,Socks,0,0,0,2024-02-01 00:00:00
p_3aup7bbqg3,Carbon Tall Long Sleeve T-Shirt,Shirt,0,0,0,2024-02-01 00:00:00
p_mxpb4sqvry,Charcoal Heather Gray Short Sleeve Tall Crew,T-Shirts,0,0,0,2024-02-01 00:00:00
p_92fw37ajex,Heather Seafarer Short Sleeve Tall Crew,Shirt,0,0,0,2024-02-01 00:00:00
p_rhk5rdjr7y,Heather Voyager Short Sleeve Tall Crew,T-Shirts,0,0,0,2024-02-01 00:00:00
p_hz3svpszdm,Military Green Tall Long Sleeve T-Shirt,T-Shirts,0,0,0,2024-02-01 00:00:00
p_3xnj548f3x,Sapphire Short Sleeve Tall Crew,T-Shirts,0,0,0,2024-02-01 00:00:00
p_j9huduq2g2,White Tall Straight Hem Crew Neck T-Shirt,T-Shirts,0,0,0,2024-02-01 00:00:00
p_ct8bqyz5rd,Bomber Jacket | Black,Bomber Jackets,0,0,0,2024-02-01 00:00:00
p_26x46r3gh3,Carbon Short Sleeve Tall Polo Shirt,Polos,0,0,0,2024-02-01 00:00:00
p_uwgqdnnawm,Charcoal Heather Gray Short Sleeve Tall Polo Shirt,Polos,0,0,0,2024-02-01 00:00:00
p_awt8ehv6fc,Heather Gray Short Sleeve Tall Polo Shirt,Polos,0,0,0,2024-02-01 00:00:00
p_ug78456eub,Mahogany Fleece French Terry Pullover Hoodie,Hoodie,0,0,0,2024-02-01 00:00:00
p_3hycs4vyy4,Mahogany Fleece French Terry Zip Hoodie,Hoodie,0,0,0,2024-02-01 00:00:00
p_487dnzupxz,Military Green Short Sleeve Tall Polo Shirt,Polos,0,0,0,2024-02-01 00:00:00
p_haens7aj79,Sapphire Short Sleeve Tall Polo Shirt,Polos,0,0,0,2024-02-01 00:00:00
p_n7npmmnfq3,Bomber Jacket | Army Green,Bomber Jackets,0,0,0,2024-02-01 00:00:00
p_vhct7fnamt,Sweater Fleece Jacket | Black,Jacket,0,0,0,2024-02-01 00:00:00
p_qvxdc36tay,Carbon Bomber Jacket,Bomber Jackets,0,0,0,2024-02-01 00:00:00
p_ubarpzrdvd,Gray Sweater Fleece Jacket,Knit Sweaters,0,0,0,2024-02-01 00:00:00
p_25m5nqdhtq,Gunmetal Puffer Jacket,Puffer Jackets,0,0,0,2024-02-01 00:00:00
p_9nq4jjbkbr,Military Green Puffer Jacket,Puffer Jackets,0,0,0,2024-02-01 00:00:00
p_6svhrtmsn3,Navy Bomber Jacket,Bomber Jackets,0,0,0,2024-02-01 00:00:00
p_dwbw45rvge,Navy Hooded Puffer Jacket,Puffer Jackets,0,0,0,2024-02-01 00:00:00
p_4yh4m8q3v7,Navy Puffer Jacket,Puffer Jackets,0,0,0,2024-02-01 00:00:00
p_e6pz5d7uh9,Navy Sweater Fleece Jacket,Hoodie,0,0,0,2024-02-01 00:00:00
p_4xmfcxsvq4,Puffer Jacket | Hooded | Black,Puffer Jackets,0,0,0,2024-02-01 00:00:00
p_zrt8e4hahp,Chino Pants | Straight | Twill | Black,Pants,0,0,0,2024-02-01 00:00:00
p_6bppe3h2jj,Centurion Slim Twill Chino,Pants,0,0,0,2024-02-01 00:00:00
p_zd6gtes7qp,Centurion Straight Twill Chino,Pants,0,0,0,2024-02-01 00:00:00
p_ja9tudbs9q,Dark Oak Straight Twill Chino,Pants,0,0,0,2024-02-01 00:00:00
p_yqusyfjxtf,Gunmetal Hooded Puffer Jacket,Puffer Jackets,0,0,0,2024-02-01 00:00:00
p_kkdff6r47e,Meadow Slim Twill Chino,Pants,0,0,0,2024-02-01 00:00:00
p_rnmhwn9kcu,Navy Slim Twill Chino,Pants,0,0,0,2024-02-01 00:00:00
p_y5u5gs4evr,Navy Straight Twill Chino,Pants,0,0,0,2024-02-01 00:00:00
p_vqc6jejd69,Long Sleeve Button Up Shirt | Do-It-All Comfort | Black,Button Down Shirts,0,0,0,2024-02-01 00:00:00
p_p8ep2jre98,Hoodie | Active | Black,Hoodie,0,0,0,2024-02-01 00:00:00
p_vubwwnzvnt,Dark Heather Cadet Long Sleeve Active Crew Neck,T-Shirts,0,0,0,2024-02-01 00:00:00
p_e2426ac79u,Dark Heather Tempest Long Sleeve Active Crew Neck,Sweatshirt,0,0,0,2024-02-01 00:00:00
p_cjzvdmswjf,White Active Hoodie,Hoodie,0,0,0,2024-02-01 00:00:00
p_ncwnq5usm5,"Shorts | Active Training | 7"" | Slate Green",Athletic Shorts,0,0,0,2024-02-01 00:00:00
p_x443echvnq,"Chino Shorts | Comfort | 7"" | Military Green",Shorts,0,0,0,2024-02-01 00:00:00
p_qhjjf5kjgd,"Chino Shorts | Comfort | 7"" | Rosewood",Shorts,0,0,0,2024-02-01 00:00:00
p_f8rywmvjsy,"Chino Shorts | Comfort | 7"" | Sapphire",Shorts,0,0,0,2024-02-01 00:00:00
p_6kxr6rztwd,"Chino Shorts | Comfort | 7"" | Slate Green",Shorts,0,0,0,2024-02-01 00:00:00
p_56zbdasvhd,"Chino Shorts | Comfort | 9"" | Sapphire",Shorts,0,0,0,2024-02-01 00:00:00
p_xpmubyp2yg,"Chino Shorts | Comfort | 9"" | Slate Green",Shorts,0,0,0,2024-02-01 00:00:00
p_saytmbtmak,"Shorts | Classic Twill | 9"" | Black",Shorts,0,0,0,2024-02-01 00:00:00
p_aytxzkck8x,"Shorts | Classic Twill | 7"" | Black",Shorts,0,0,0,2024-02-01 00:00:00
p_fhdff8x3jt,"Shorts | Classic Twill | 7"" | Harbor",Shorts,0,0,0,2024-02-01 00:00:00
p_q2935cukf5,"Shorts | Classic Twill | 7"" | Khaki",Shorts,0,0,0,2024-02-01 00:00:00
p_qr5wafyaq4,"Shorts | Classic Twill | 7"" | Moss",Shorts,0,0,0,2024-02-01 00:00:00
p_j48puxsej5,"Shorts | Classic Twill | 7"" | Sandstone",Shorts,0,0,0,2024-02-01 00:00:00
p_b2wv3hqta7,"Shorts | Classic Twill | 9"" | Centurion",Shorts,0,0,0,2024-02-01 00:00:00
p_wungd9j4dh,"Shorts | Active Training | 7"" | Black",Shorts,0,0,0,2024-02-01 00:00:00
p_r9rn7a2dy5,"Shorts | Active Training | 7"" | Carbon",Shorts,0,0,0,2024-02-01 00:00:00
p_n9qtgjygdv,"Shorts | Active Training | 7"" | Sandstone",Athletic Shorts,0,0,0,2024-02-01 00:00:00
p_nu9kcajw2z,"Chino Shorts | Comfort | 7"" | Black",Shorts,0,0,0,2024-02-01 00:00:00
p_hmp7dkjce9,"Chino Shorts | Comfort | 7"" | Carbon",Shorts,0,0,0,2024-02-01 00:00:00
p_25upswaptj,"Chino Shorts | Comfort | 7"" | Khaki",Shorts,0,0,0,2024-02-01 00:00:00
p_kaq2j39v2p,"Chino Shorts | Comfort | 7"" | Navy",Shorts,0,0,0,2024-02-01 00:00:00
p_utfqrxy94f,Shorts | Commuter | Black,Shorts,0,0,0,2024-02-01 00:00:00
p_prrc5xwre5,Khaki Commuter Short,Shorts,0,0,0,2024-02-01 00:00:00
p_bj4epra3sv,Shorts | Fleece French Terry | Black,Shorts,0,0,0,2024-02-01 00:00:00
p_fvgyjfheyt,Sandstone Commuter Short,Shorts,0,0,0,2024-02-01 00:00:00
p_epuubwwz7s,Military Green Fleece French Terry Short,Shorts,0,0,0,2024-02-01 00:00:00
p_j4bf77xx5v,"Chino Shorts | Comfort | 9"" | Black",Shorts,0,0,0,2024-02-01 00:00:00
p_74gmgsy6yv,Navy Fleece French Terry Short,Shorts,0,0,0,2024-02-01 00:00:00
p_m5f29n89jy,"Chino Shorts | Comfort | 9"" | Carbon",Shorts,0,0,0,2024-02-01 00:00:00
p_47meu4bybx,"Chino Shorts | Comfort |  9"" | Ivory",Shorts,0,0,0,2024-02-01 00:00:00
p_5za8gj7unh,"Chino Shorts | Comfort | 9"" | Khaki",Shorts,0,0,0,2024-02-01 00:00:00
p_arxdch5qcv,"Chino Shorts | Comfort | 9"" | Military Green",Shorts,0,0,0,2024-02-01 00:00:00
p_en8vndps74,"Chino Shorts | Comfort | 9"" | Navy",Shorts,0,0,0,2024-02-01 00:00:00
p_rquj6mrdex,Dark Heather Navy Active Comfort Short,Shorts,0,0,0,2024-02-01 00:00:00
p_6ra9g27e7u,Burgundy Active Quick Dry Short with Liner,Swim Shorts,0,0,0,2024-02-01 00:00:00
p_5ek32kjgzp,Navy Active Quick Dry Short with Liner,Swim Shorts,0,0,0,2024-02-01 00:00:00
p_bp7w9cp3k9,Pants | Commuter | Black,Pants,0,0,0,2024-02-01 00:00:00
p_5p5sgcwp5f,"Shorts | Active Training | 7"" | Navy",Shorts,0,0,0,2024-02-01 00:00:00
p_47uf2puagk,"Shorts | Classic Twill | 7"" | Navy",Shorts,0,0,0,2024-02-01 00:00:00
p_9a5tjqerw5,"Shorts | Classic Twill | 9"" | Meadow",Shorts,0,0,0,2024-02-01 00:00:00
p_a69bzurkgs,Joggers | Active | Black,Sweatpants & Joggers,0,0,0,2024-02-01 00:00:00
p_2bkrkbfbk9,Classic Polarized Sunglasses | Black,Sunglasses,0,0,0,2024-02-01 00:00:00
p_vvkaza7v48,Long Sleeve Button Up Shirt | Commuter | Black,Button Down Shirts,0,0,0,2024-02-01 00:00:00
p_egq2tewvm7,Long Sleeve Henley | Black,T-Shirts,0,0,0,2024-02-01 00:00:00
p_yp2v99qxbf,Classic Polarized Sunglasses | Black Mirror,Sunglasses,0,0,0,2024-02-01 00:00:00
p_mef5fue56y,Dress Shirt | Lightweight Performance | Black,Button Down Shirts,0,0,0,2024-02-01 00:00:00
p_fpmkw85rke,Short Sleeve Polo Shirt | Black,Polos,0,0,0,2024-02-01 00:00:00
p_s7c853uk5c,Puffer Jacket | Black,Puffer Jackets,0,0,0,2024-02-01 00:00:00
p_8nhyuguh4z,Chino Pants | Slim | Twill | Black,Pants,0,0,0,2024-02-01 00:00:00
p_ka5fa3ne6y,Slippers | Black,Slippers,0,0,0,2024-02-01 00:00:00
p_6wnwzma24v,Long Sleeve Button Up Shirt | Stretch Oxford | Black,Button Down Shirts,0,0,0,2024-02-01 00:00:00
p_u3ffx96ehp,Short Sleeve T-Shirt | Tall | Active Crew Neck | Black,T-Shirts,0,0,0,2024-02-01 00:00:00
p_ufjg6nn927,Long Sleeve T-Shirt | Tall | Black,T-Shirts,0,0,0,2024-02-01 00:00:00
p_enhxmmv3xa,Polo Shirt | Tall | Black,Polos,0,0,0,2024-02-01 00:00:00
p_gqfhmx28rz,Blue Quartz Short Sleeve Crew Neck T-Shirt,T-Shirts,0,0,0,2024-02-01 00:00:00
p_6ccw4zmdj6,Bluestone Tall Round Hem Crew Neck T-Shirt,T-Shirts,0,0,0,2024-02-01 00:00:00
p_ryght7etrs,Bluestone V-Neck Short Sleeve T-Shirt,T-Shirts,0,0,0,2024-02-01 00:00:00
p_5q95b4bjyg,Burgundy Short Sleeve Crew Neck T-Shirt,T-Shirts,0,0,0,2024-02-01 00:00:00
p_2sxe2kvxmc,Burgundy Long Sleeve Crew Neck T-Shirt,T-Shirts,0,0,0,2024-02-01 00:00:00
p_srwzc2wwq6,Burgundy Long Sleeve Henley,T-Shirts,0,0,0,2024-02-01 00:00:00
p_8p9z2j6eqt,Burgundy Short Sleeve V-Neck T-Shirt,T-Shirts,0,0,0,2024-02-01 00:00:00
p_dnq23rfcgu,"Carbon 7"" 2-in-1 Training Short",Athletic Shorts,0,0,0,2024-02-01 00:00:00
p_9tz4xs4maw,Carbon Commuter Long Sleeve Button Up Shirt,Button Down Shirts,0,0,0,2024-02-01 00:00:00
p_82erf6xepz,Carbon Commuter Pant,Pants,0,0,0,2024-02-01 00:00:00
p_gxqdqumwae,Carbon Short Sleeve Crew Neck T-Shirt,T-Shirts,0,0,0,2024-02-01 00:00:00
p_nmb6y3r32b,Carbon Fleece French Terry Jogger,Sweatpants & Joggers,0,0,0,2024-02-01 00:00:00
p_mqhey6peq9,Carbon Fleece French Terry Pullover Crew Neck Sweatshirt,Sweatshirt,0,0,0,2024-02-01 00:00:00
p_pgvy4mwya6,Carbon Fleece French Terry Pullover Hoodie,Hoodie,0,0,0,2024-02-01 00:00:00
p_dcfsb4qj5s,Carbon Performance Lightweight Dress Shirt,Button Down Shirts,0,0,0,2024-02-01 00:00:00
p_q9e4tw2vgn,Carbon Tall Active Crew Neck T-Shirt,T-Shirts,0,0,0,2024-02-01 00:00:00
p_3mznzzvw2f,Carbon Tall Round Hem Crew Neck T-Shirt,T-Shirts,0,0,0,2024-02-01 00:00:00
p_fcv57d39m8,Carbon Short Sleeve V-Neck T-Shirt,T-Shirts,0,0,0,2024-02-01 00:00:00
p_n6hvkgussy,Carbon Waffle Hoodie,Hoodie,0,0,0,2024-02-01 00:00:00
p_yg5234hu8z,Centurion Short Sleeve Sweater Polo Shirt,Polos,0,0,0,2024-02-01 00:00:00
p_qcw7eb8td6,Charcoal Heather Active Comfort Full Zip Hoodie,Hoodie,0,0,0,2024-02-01 00:00:00
p_agkp4c43e4,Charcoal Heather Active Comfort Pullover Hoodie,Hoodie,0,0,0,2024-02-01 00:00:00
p_cn8axvjmp9,Charcoal Heather Gray Active Comfort Short,Athletic Shorts,0,0,0,2024-02-01 00:00:00
p_6c6nrcr2c3, Short Sleeve T-Shirt | Active Crew Neck | Charcoal Heather Gray,T-Shirts,0,0,0,2024-02-01 00:00:00
p_znfcswnte7,Charcoal Heather Gray Active Hoodie,Hoodie,0,0,0,2024-02-01 00:00:00
p_bdbtrvs35c,Charcoal Heather Gray Active Joggers,Sweatpants & Joggers,0,0,0,2024-02-01 00:00:00
p_pxnmvcumyj,Charcoal Heather Gray Do-It-All Comfort Long Sleeve Button Up Shirt,Button Down Shirts,0,0,0,2024-02-01 00:00:00
p_yra4pxjn2n,Charcoal Heather Gray Fleece French Terry Full Zip,Hoodie,0,0,0,2024-02-01 00:00:00
p_k727r3s7q8,Charcoal Heather Gray Fleece French Terry Jogger,Sweatpants & Joggers,0,0,0,2024-02-01 00:00:00
p_qsxubmrtfw,Long Sleeve Tee | Loungewear | Charcoal Heather Gray,T-Shirts,0,0,0,2024-02-01 00:00:00
p_hrqsaa2u6g,Charcoal Heather Gray Loungewear Pant,Pants,0,0,0,2024-02-01 00:00:00
p_z9gg92dcqx,Charcoal Heather Gray Short Sleeve Polo Shirt,Polos,0,0,0,2024-02-01 00:00:00
p_3shyn5zkky,Charcoal Heather Gray Tall Crew T-Shirt,T-Shirts,0,0,0,2024-02-01 00:00:00
p_mvqwbcmhah,Charcoal Heather Gray Tall Round Hem Crew Neck T-Shirt,T-Shirts,0,0,0,2024-02-01 00:00:00
p_yupfqc6yfm,Charcoal Heather Gray Short Sleeve V-Neck T-Shirt,T-Shirts,0,0,0,2024-02-01 00:00:00
p_6k245nh69q,Crimson Long Sleeve Crew Neck T-Shirt,T-Shirts,0,0,0,2024-02-01 00:00:00
p_rhxjthz5x8,Dark Heather Burgundy Active Comfort Short,Swim Shorts,0,0,0,2024-02-01 00:00:00
p_ucy8r4cqe3,Dark Heather Burgundy Active Joggers,Sweatpants & Joggers,0,0,0,2024-02-01 00:00:00
p_2eh6mejec7,Dark Heather Cadet Active Crew Neck T-Shirt,T-Shirts,0,0,0,2024-02-01 00:00:00
p_sfn5q4bv26,Dark Heather Cadet Short Sleeve Active Polo Shirt,Polos,0,0,0,2024-02-01 00:00:00
p_ncvpa3z4h7,Dark Heather Cadet Long Sleeve Active Crew Neck T-Shirt,T-Shirts,0,0,0,2024-02-01 00:00:00
p_6njreat3aq,Dark Heather Cocoa Active Crew Neck T-Shirt,T-Shirts,0,0,0,2024-02-01 00:00:00
p_mjrxd2wgtf,Dark Heather Cocoa Short Sleeve Active Polo Shirt,Polos,0,0,0,2024-02-01 00:00:00
p_zf9muhc3as,Dark Heather Indigo Active Comfort Short,Shorts,0,0,0,2024-02-01 00:00:00
p_x5p88uuzy5,Dark Heather Indigo Active Joggers,Sweatpants & Joggers,0,0,0,2024-02-01 00:00:00
p_npx42jpcmt,Dark Heather Military Green Active Comfort Short,Shorts,0,0,0,2024-02-01 00:00:00
p_9m3e7uj62s,Dark Heather Military Green Active Joggers,Sweatpants & Joggers,0,0,0,2024-02-01 00:00:00
p_t2tpzxuynp,Dark Heather Navy Active Joggers,Sweatpants & Joggers,0,0,0,2024-02-01 00:00:00
p_vybqnpjdfb,Dark Heather Tempest Active Crew Neck T-Shirt,T-Shirts,0,0,0,2024-02-01 00:00:00
p_gzgm33n9cz,Dark Heather Tempest Short Sleeve Active Polo Shirt,Polos,0,0,0,2024-02-01 00:00:00
p_sph8dsebwy,Dark Oak Fleece French Terry Pullover Crew Neck Sweatshirt,Sweatshirt,0,0,0,2024-02-01 00:00:00
p_zpj5m6rzbh,Dark Oak Fleece French Terry Pullover Hoodie,Hoodie,0,0,0,2024-02-01 00:00:00
p_bvsv82u2jt,Dark Oak Fleece French Terry Zip Hoodie,Hoodie,0,0,0,2024-02-01 00:00:00
p_xdyn8gxhhe,Dark Oak Long Sleeve Waffle Crew,Sweatshirt,0,0,0,2024-02-01 00:00:00
p_hvyht2dd2v,Dark Oak Slim Twill Chino Pant,Pants,0,0,0,2024-02-01 00:00:00
p_9mtccasba9,Dark Oak Waffle Hoodie,Hoodie,0,0,0,2024-02-01 00:00:00
p_2wxxfw7mca,Dark Olive Fleece Shacket,Shirt Jackets,0,0,0,2024-02-01 00:00:00
p_b3ppfm2vay,Dark Olive Long Sleeve Waffle Crew,Shirt,0,0,0,2024-02-01 00:00:00
p_a6yxedr8jx,Dark Purple Short Sleeve V-Neck T-Shirt ,T-Shirts,0,0,0,2024-02-01 00:00:00
p_zwwudtzed5,Deep Sea Blue Heather Active Hoodie,Hoodie,0,0,0,2024-02-01 00:00:00
p_9y7p8njxta,Deep Sea Blue Heather Active Long Sleeve Crew T-Shirt,T-Shirts,0,0,0,2024-02-01 00:00:00
p_wht3v5efkm,Deep Sea Blue Long Sleeve Waffle Crew,T-Shirts,0,0,0,2024-02-01 00:00:00
p_z7xekuufwm,Ecru Do-It-All Comfort Long Sleeve Button Up Shirt,Button Down Shirts,0,0,0,2024-02-01 00:00:00
p_kvuhf7884a,Electric Blue Short Sleeve Polo Shirt,Polos,0,0,0,2024-02-01 00:00:00
p_ysyjzgmtu6,Evergreen Heather Active Hoodie,Hoodie,0,0,0,2024-02-01 00:00:00
p_shc7xvk932,Evergreen Heather Active Long Sleeve Crew Neck T-Shirt,T-Shirts,0,0,0,2024-02-01 00:00:00
p_2d43kb3hj3,Evergreen Heather Long Sleeve Waffle Crew,Sweatshirt,0,0,0,2024-02-01 00:00:00
p_yszdpmgyju,Evergreen Sweater Scarf,Scarf,0,0,0,2024-02-01 00:00:00
p_ydptv6rbpw,Gradient Classic Polarized Sunglasses,Sunglasses,0,0,0,2024-02-01 00:00:00
p_3wdph5p4a5,Gunmetal Puffer Vest,Outerwear Vests,0,0,0,2024-02-01 00:00:00
p_2c7s8a7bmw,Heather Black Active Jogger,Sweatpants & Joggers,0,0,0,2024-02-01 00:00:00
p_dny6u2yy3n,Heather Burgundy Active Crew Neck T-Shirt,T-Shirts,0,0,0,2024-02-01 00:00:00
p_5a5sfcgqkq,Heather Burgundy Active Long Sleeve Crew Neck T-Shirt,T-Shirts,0,0,0,2024-02-01 00:00:00
p_ctw749pxad,Heather Burgundy Long Sleeve Crew Neck T-Shirt,T-Shirts,0,0,0,2024-02-01 00:00:00
p_pqwkc9p2hu,Heather Burgundy Short Sleeve Crew Neck T-Shirt,T-Shirts,0,0,0,2024-02-01 00:00:00
p_a2wcem7cms,Heather Burgundy Short Sleeve V-Neck T-Shirt,T-Shirts,0,0,0,2024-02-01 00:00:00
p_25hy766nzk,Heather Cayenne Short Sleeve Crew Neck T-Shirt,T-Shirts,0,0,0,2024-02-01 00:00:00
p_x7cgdhmyp3,Heather Navy Short Sleeve Polo Shirt,Polos,0,0,0,2024-02-01 00:00:00
p_2hkre8aznc,Military Green Tall Straight Hem Crew Neck T-Shirt,T-Shirts,0,0,0,2024-02-01 00:00:00
p_73kjt62een,Heather Cayenne Short Sleeve Polo Shirt,Polos,0,0,0,2024-02-01 00:00:00
p_dpgtwv5dut,Heather Cayenne Short Sleeve Tall Polo,Polos,0,0,0,2024-02-01 00:00:00
p_rpenkmstmg,Heather Centurion Active Crew Neck T-Shirt,T-Shirts,0,0,0,2024-02-01 00:00:00
p_kzqm93unyy,Heather Cocoa Active Crew Neck T-Shirt,T-Shirts,0,0,0,2024-02-01 00:00:00
p_rua2yj3jmt,Heather Dark Oak Crew Short Sleeve Neck T-Shirt,T-Shirts,0,0,0,2024-02-01 00:00:00
p_cve5gy56m8,Heather Dark Oak Short Sleeve V-Neck T-Shirt,T-Shirts,0,0,0,2024-02-01 00:00:00
p_cvrhss99ts,Heather Dark Orchid Short Sleeve V-Neck T-Shirt,Shirt,0,0,0,2024-02-01 00:00:00
p_y3r2ug2mpu,Heather Forest Active Crew Neck T-Shirt,T-Shirts,0,0,0,2024-02-01 00:00:00
p_h75hjs7973,Heather Forest Short Sleeve Active Polo Shirt,Polos,0,0,0,2024-02-01 00:00:00
p_x5pshyk4q9,Heather Graphite Short Sleeve Polo Shirt,Polos,0,0,0,2024-02-01 00:00:00
p_g4xkdswn5e,Heather Gray Active Comfort Short,Shorts,0,0,0,2024-02-01 00:00:00
p_9p8bns7rmp,Heather Gray Active Crew Socks 3-Pack,Socks,0,0,0,2024-02-01 00:00:00
p_bjecaeres5,Heather Gray Active Never Show Socks 3-Pack,Socks,0,0,0,2024-02-01 00:00:00
p_nw97q8x9x2,Heather Gray Ankle Socks 3-Pack,Socks,0,0,0,2024-02-01 00:00:00
p_n3jnq4u8q7,Heather Gray Crew Neck Sweater,Knit Sweaters,0,0,0,2024-02-01 00:00:00
p_gbh9ypmsjv,Heather Gray Do-It-All Comfort Long Sleeve Button Up Shirt,Button Down Shirts,0,0,0,2024-02-01 00:00:00
p_bz2jmxhgzb,Heather Gray Fleece French Terry Joggers,Sweatpants & Joggers,0,0,0,2024-02-01 00:00:00
p_dvj7aj4rxq,Heather Gray Fleece French Terry Pullover Crew Neck Sweatshirt,Sweatshirt,0,0,0,2024-02-01 00:00:00
p_ttdapkruav,Heather Gray Fleece French Terry Pullover Hoodie,Hoodie,0,0,0,2024-02-01 00:00:00
p_e3w27784ez,Heather Gray Long Sleeve Lightweight Flannel Shirt,Button Down Shirts,0,0,0,2024-02-01 00:00:00
p_7cvqeq727k,Heather Gray Long Sleeve Polo Shirt,Polos,0,0,0,2024-02-01 00:00:00
p_36tjt6cs8z,Heather Gray Pique Crew Sweater,Knit Sweaters,0,0,0,2024-02-01 00:00:00
p_mbdbf8ya5d,Heather Gray Sweater Long Sleeve Button Up Shirt,Button Down Shirts,0,0,0,2024-02-01 00:00:00
p_gzymf76rmw,Heather Navy Loungewear Jogger,Sweatpants & Joggers,0,0,0,2024-02-01 00:00:00
p_8nxyvmkrbc,Heather Navy Loungewear Pant,Pants,0,0,0,2024-02-01 00:00:00
p_yb98yp2sqv,Indigo Rinse Slim Authentic Stretch Jeans,Jeans,0,0,0,2024-02-01 00:00:00
p_juu2rq3qu8,Indigo Rinse Straight Authentic Stretch Jeans,Jeans,0,0,0,2024-02-01 00:00:00
p_jwjqtb338j,Khaki Comfort Chino Pants,Pants,0,0,0,2024-02-01 00:00:00
p_t83m3bqcj4,Khaki Commuter Pant,Pants,0,0,0,2024-02-01 00:00:00
p_spf5g5jf32,Khaki Slim Twill Chino,Pants,0,0,0,2024-02-01 00:00:00
p_jx3q5n329x,Khaki Straight Twill Chino,Pants,0,0,0,2024-02-01 00:00:00
p_rhugz6jch8,Light Indigo Wash Slim Authentic Stretch Jeans,Jeans,0,0,0,2024-02-01 00:00:00
p_katetzgtwe,Light Indigo Wash Straight Authentic Stretch Jeans,Jeans,0,0,0,2024-02-01 00:00:00
p_s57sjtnm4q,Meadow Straight Twill Chino,Pants,0,0,0,2024-02-01 00:00:00
p_d3c8r9bpvv,Medium Indigo Wash Slim Authentic Stretch Jeans,Jeans,0,0,0,2024-02-01 00:00:00
p_xgzt58skmg,Medium Indigo Wash Straight Authentic Stretch Jeans,Jeans,0,0,0,2024-02-01 00:00:00
p_egd9fym6xg,Navy Commuter Pant,Pants,0,0,0,2024-02-01 00:00:00
p_ymb5bq3vdv,Navy Fleece Shacket,Shirt Jackets,0,0,0,2024-02-01 00:00:00
p_accagka8uw,Reversible Dress Belt,Belt,0,0,0,2024-02-01 00:00:00
p_pjpnhtycns,Sandstone Commuter Pant,Pants,0,0,0,2024-02-01 00:00:00
p_dks9q92uqc,Heather Gray Tall Round Hem Crew Neck T-Shirt,T-Shirts,0,0,0,2024-02-01 00:00:00
p_udqn8s72v2,Navy Tall Round Hem Crew Neck T-Shirt,T-Shirts,0,0,0,2024-02-01 00:00:00
p_8y5vsf82td,Heather Emerald Short Sleeve Crew Neck T-Shirt,T-Shirts,0,0,0,2024-02-01 00:00:00
p_xqh3f9cwus,Heather Emerald Short Sleeve V-Neck T-Shirt,T-Shirts,0,0,0,2024-02-01 00:00:00
p_vst6extntp,Heather Gray Active Jogger,Sweatpants & Joggers,0,0,0,2024-02-01 00:00:00
p_75cz36rfz9,Heather Gray Sweater Hoodie,Hoodie,0,0,0,2024-02-01 00:00:00
p_6cj8gtxf2x,Heather Gray Tall Long Sleeve T-Shirt,Shirt,0,0,0,2024-02-01 00:00:00
p_34upddt2cp,Heather Gray Tall Straight Hem Crew Neck T-Shirt,T-Shirts,0,0,0,2024-02-01 00:00:00
p_behk4g2psv,Heather Gray Short Sleeve V-Neck T-Shirt,T-Shirts,0,0,0,2024-02-01 00:00:00
p_kgcgy98rwb,Heather Gray Waffle Hoodie,Hoodie,0,0,0,2024-02-01 00:00:00
p_6suxvjsvfc,Heather Indigo Tall Round Hem Crew Neck T-Shirt,T-Shirts,0,0,0,2024-02-01 00:00:00
p_jpmpa7s5yw,Heather Indigo Short Sleeve V-Neck T-Shirt,T-Shirts,0,0,0,2024-02-01 00:00:00
p_4pdddcg9t6,Heather Military Green Long Sleeve Crew T-Shirt,T-Shirts,0,0,0,2024-02-01 00:00:00
p_284qkebjr8,Heather Military Green Short Sleeve Polo Shirt,Polos,0,0,0,2024-02-01 00:00:00
p_tbp6wvu828,Heather Military Green Short Sleeve V-Neck T-Shirt,T-Shirts,0,0,0,2024-02-01 00:00:00
p_x8z28nbvwg,Heather Mist Short Sleeve Crew Neck T-Shirt,T-Shirts,0,0,0,2024-02-01 00:00:00
p_rejmm7td92,Heather Mist Short Sleeve V-Neck T-Shirt,T-Shirts,0,0,0,2024-02-01 00:00:00
p_6wj7x98tcn,Heather Navy Active Comfort Crew Sweatshirt,Sweatshirt,0,0,0,2024-02-01 00:00:00
p_mtqhyqahab,Heather Navy Active Comfort Pullover Hoodie,Hoodie,0,0,0,2024-02-01 00:00:00
p_bxnehsqcdv,Heather Navy Short Sleeve Active Polo Shirt,Polos,0,0,0,2024-02-01 00:00:00
p_7bmuq9q6qw,Heather Navy Long Sleeve Ripstop Commuter Shirt,Shirt,0,0,0,2024-02-01 00:00:00
p_g6dg3x3nta,Heather Navy Pique Crew Sweater,Knit Sweaters,0,0,0,2024-02-01 00:00:00
p_5gc6jyy4vw,Heather Navy Tall Round Hem Crew Neck T-Shirt,T-Shirts,0,0,0,2024-02-01 00:00:00
p_u4zzshtv4s,Heather Navy Short Sleeve V-Neck T-Shirt,Shirt,0,0,0,2024-02-01 00:00:00
p_7tce4kfut5,Heather Oatmeal Crew Neck Sweater,Knit Sweaters,0,0,0,2024-02-01 00:00:00
p_eyc8fnh7za,Heather Purple Short Sleeve Crew Neck T-Shirt,T-Shirts,0,0,0,2024-02-01 00:00:00
p_fzwwcz6x6s,Heather Sage Short Sleeve Crew Neck T-Shirt,T-Shirts,0,0,0,2024-02-01 00:00:00
p_xvg4py479t,Heather Sage V-Neck Short Sleeve T-Shirt,T-Shirts,0,0,0,2024-02-01 00:00:00
p_up97jdnnsw,Heather Sapphire Short Sleeve Crew Neck T-Shirt,T-Shirts,0,0,0,2024-02-01 00:00:00
p_84xru5kzx9,Heather Dusty Pink Short Sleeve Crew Neck T-Shirt,T-Shirts,0,0,0,2024-02-01 00:00:00
p_xrvchd55bc,Heather Military Green Short Sleeve Tall Crew,Screen Printed T-Shirts,0,0,0,2024-02-01 00:00:00
p_xqcme6qpqk,Heather Navy Active Comfort Full Zip Hoodie,Hoodie,0,0,0,2024-02-01 00:00:00
p_5f676x59tf,Long Sleeve Tee | Loungewear | Heather Navy,T-Shirts,0,0,0,2024-02-01 00:00:00
p_ztgcvk5gkn,Short Sleeve Tee | Loungewear | Heather Navy,T-Shirts,0,0,0,2024-02-01 00:00:00
p_spgwfvgehe,Heather Navy Sweater Long Sleeve Button Up Shirt,Button Down Shirts,0,0,0,2024-02-01 00:00:00
p_6mr5zpx479,Indigo Wash Straight Fit Comfort Jeans,Jeans,0,0,0,2024-02-01 00:00:00
p_5bvpjy99x9,Ivory Active Jacket,Jacket,0,0,0,2024-02-01 00:00:00
p_23ej4qec4x,Khaki Coaches Jacket,Jacket,0,0,0,2024-02-01 00:00:00
p_ukpa96wyhm,Light Gray Stretch Oxford Long Sleeve Button Up Shirt,Button Down Shirts,0,0,0,2024-02-01 00:00:00
p_mzcrkdhuvj,Light Heather Gray Tall Round Hem Crew Neck T-Shirt,T-Shirts,0,0,0,2024-02-01 00:00:00
p_f7jft6kfqg,Light Indigo Wash Long Sleeve Chambray Shirt,Shirt,0,0,0,2024-02-01 00:00:00
p_ae6rxxhgmc,Medium Indigo Wash Long Sleeve Chambray Shirt,Shirt,0,0,0,2024-02-01 00:00:00
p_4axmubbqfb,Medium Indigo Wash Slim Fit Comfort Jeans,Jeans,0,0,0,2024-02-01 00:00:00
p_6b6wk8uxa6,Military Green Comfort Chino Pants,Pants,0,0,0,2024-02-01 00:00:00
p_ewa8pkqm8u,Military Green Fleece French Terry Jogger,Sweatpants & Joggers,0,0,0,2024-02-01 00:00:00
p_9fu3j9tbue,Military Green Tall Round Hem Crew Neck T-Shirt,T-Shirts,0,0,0,2024-02-01 00:00:00
p_26dpvscejy,Navy Comfort Chino Pants,Pants,0,0,0,2024-02-01 00:00:00
p_gqs2hwpkjy,Navy Commuter Long Sleeve Button Up Shirt,Shirt,0,0,0,2024-02-01 00:00:00
p_e58dmnpc9e,Navy Fleece French Terry Jogger,Sweatpants & Joggers,0,0,0,2024-02-01 00:00:00
p_r3gbt3j2kw,Navy Long Sleeve Button Up Shirt,Shirt,0,0,0,2024-02-01 00:00:00
p_byy2kmxasx,Navy Long Sleeve Lightweight Flannel Shirt,Shirt,0,0,0,2024-02-01 00:00:00
p_dr2dsqwwjd,Navy Performance Lightweight Dress Shirt,Button Down Shirts,0,0,0,2024-02-01 00:00:00
p_2d9wqf9yrd,Navy Puffer Vest,Outerwear Vests,0,0,0,2024-02-01 00:00:00
p_m753ak35t9,Navy Stretch Oxford Long Sleeve Button Up Shirt,Shirt,0,0,0,2024-02-01 00:00:00
p_wzprzguypw,Sandstone Comfort Chino Pants,Pants,0,0,0,2024-02-01 00:00:00
p_fyejvaduhb,Stone Blue Active Jogger,Sweatpants & Joggers,0,0,0,2024-02-01 00:00:00
p_gv8hh5kma3,Stone Stretch Oxford Long Sleeve Button Up Shirt,Button Down Shirts,0,0,0,2024-02-01 00:00:00
p_9absn9mpzt,Suede Brown Comfort Chino Pant,Pants,0,0,0,2024-02-01 00:00:00
p_f3zjdpjr6y,White Active Ankle Socks 3-Pack,Socks,0,0,0,2024-02-01 00:00:00
p_vdzeqmc9rs,White Active Crew Socks 3-Pack,Socks,0,0,0,2024-02-01 00:00:00
p_u9kx69bqms,White Active Never Show Socks 3-Pack,Socks,0,0,0,2024-02-01 00:00:00
p_jybua995rp,White Long Sleeve Button Up Shirt,Button Down Shirts,0,0,0,2024-02-01 00:00:00
p_yabrk8yt6y,White Commuter Long Sleeve Button Up Shirt,Button Down Shirts,0,0,0,2024-02-01 00:00:00
p_jc3jqkdafw,White Commuter Short Sleeve Button Up,Button Down Shirts,0,0,0,2024-02-01 00:00:00
p_hvfwhakq9c,White Performance Lightweight Dress Shirt,Button Down Shirts,0,0,0,2024-02-01 00:00:00
p_btfq53bzn6,White Short Sleeve Active Polo Shirt,Polos,0,0,0,2024-02-01 00:00:00
p_p42j2ebh8r,White Short Sleeve Button Up Shirt,Shirt,0,0,0,2024-02-01 00:00:00
p_xug2xuwpqn,White Stretch Oxford Long Sleeve Button Up Shirt,Shirt,0,0,0,2024-02-01 00:00:00
p_2xrckgaktx,White Tall Round Hem Crew Neck T-Shirt,T-Shirts,0,0,0,2024-02-01 00:00:00
p_p29249kscd,White Waffle Hoodie,Hoodie,0,0,0,2024-02-01 00:00:00
p_395td7np9f,Heather Military Green Short Sleeve Tall Polo Shirt,Polos,0,0,0,2024-02-01 00:00:00
p_tmjb73g498,Heather Navy Short Sleeve Tall Polo Shirt,Polos,0,0,0,2024-02-01 00:00:00
p_p7dtyf9kd8,Heather Pale Blue Short Sleeve V-Neck T-Shirt,T-Shirts,0,0,0,2024-02-01 00:00:00
p_3fgxkpaxye,Heather Seafarer Short Sleeve Polo Shirt,Polos,0,0,0,2024-02-01 00:00:00
p_jre675wesy,Heather Seafarer Short Sleeve Tall Polo Shirt,Polos,0,0,0,2024-02-01 00:00:00
p_mqgpa9st88,Heather Sapphire Short Sleeve V-Neck T-Shirt,T-Shirts,0,0,0,2024-02-01 00:00:00
p_vaexg8brvb,Heather Navy Short Sleeve Tall Crew,T-Shirts,0,0,0,2024-02-01 00:00:00
p_dqknx7njuf,Heather Slate Green Short Sleeve Polo Shirt,Polos,0,0,0,2024-02-01 00:00:00
p_zscv6ea69y,Heather Voyager Short Sleeve Crew Neck T-Shirt,T-Shirts,0,0,0,2024-02-01 00:00:00
p_jzwpw7njj6,Heather Voyager Short Sleeve Polo Shirt,Polos,0,0,0,2024-02-01 00:00:00
p_6e9uas44v6,Heather Voyager Short Sleeve V-Neck T-Shirt,T-Shirts,0,0,0,2024-02-01 00:00:00
p_28xdw49sqx,Indigo Short Sleeve Crew Neck T-Shirt,T-Shirts,0,0,0,2024-02-01 00:00:00
p_79pyfxzssb,Indigo Short Sleeve V-Neck T-Shirt,T-Shirts,0,0,0,2024-02-01 00:00:00
p_cje82wcjgv,Iron Gray Active Crew Neck T-Shirt,T-Shirts,0,0,0,2024-02-01 00:00:00
p_42exp9424a,Light Heather Gray Active Crew Neck T-Shirt,T-Shirts,0,0,0,2024-02-01 00:00:00
p_8v2uvftad7,Light Heather Gray Short Sleeve Crew Neck T-Shirt,T-Shirts,0,0,0,2024-02-01 00:00:00
p_39k28x38p7,Light Heather Gray Short Sleeve Polo Shirt,Polos,0,0,0,2024-02-01 00:00:00
p_cgxstjpjhj,Light Khaki Short Sleeve Crew Neck T-Shirt,T-Shirts,0,0,0,2024-02-01 00:00:00
p_4rudftw6u6,Lilac Gray Short Sleeve V-Neck T-Shirt,T-Shirts,0,0,0,2024-02-01 00:00:00
p_zymrwj8fj9,Mahogany Short Sleeve Crew Neck T-Shirt,T-Shirts,0,0,0,2024-02-01 00:00:00
p_6b99p4bqsk,Mahogany Short Sleeve Polo Shirt,Polos,0,0,0,2024-02-01 00:00:00
p_tgudk6vxpb,Military Beige Short Sleeve V-Neck T-Shirt,T-Shirts,0,0,0,2024-02-01 00:00:00
p_cbxu2v3ntm,Military Green Short Sleeve Active Crew Neck T-Shirt,T-Shirts,0,0,0,2024-02-01 00:00:00
p_j9ak85wp57,Military Green Active Quick Dry Short with Liner,Shorts,0,0,0,2024-02-01 00:00:00
p_tfc9aqbuz4,Military Green Short Sleeve Crew Neck T-Shirt,T-Shirts,0,0,0,2024-02-01 00:00:00
p_ch6qn6a8en,Military Green Short Sleeve V-Neck T-Shirt,T-Shirts,0,0,0,2024-02-01 00:00:00
p_t4px9w63de,Navy Short Sleeve Crew Neck T-Shirt,T-Shirts,0,0,0,2024-02-01 00:00:00
p_cty4s4ehz9,Orange Short Sleeve V-Neck T-Shirt,T-Shirts,0,0,0,2024-02-01 00:00:00
p_wc3k5eupk3,Oxford Blue Short Sleeve V-Neck T-Shirt,T-Shirts,0,0,0,2024-02-01 00:00:00
p_zc2fube8nb,Periwinkle Blue Short Sleeve Polo Shirt,Polos,0,0,0,2024-02-01 00:00:00
p_hed6qt6arh,Raspberry Short Sleeve Polo Shirt,Polos,0,0,0,2024-02-01 00:00:00
p_uwx92gahmk,Mahogany Long Sleeve Henley,T-Shirts,0,0,0,2024-02-01 00:00:00
p_mdphbu2y54,Indigo Long Sleeve T-Shirt,T-Shirts,0,0,0,2024-02-01 00:00:00
p_vhh2e6dge7,Mellow Yellow Short Sleeve Crew Neck T-Shirt,T-Shirts,0,0,0,2024-02-01 00:00:00
p_w24fe8f3xz,Mellow Yellow Short Sleeve V-Neck T-Shirt,T-Shirts,0,0,0,2024-02-01 00:00:00
p_77barf9kfn,Mahogany Long Sleeve Waffle Crew,Sweatshirt,0,0,0,2024-02-01 00:00:00
p_624s29xq4x,Sweater Scarf | Black,Scarf,0,0,0,2024-02-01 00:00:00
p_c4xj5zhjn2,Heather Navy Sweater Button Up Shirt,Button Down Shirts,0,0,0,2024-02-01 00:00:00
p_qek9etj5vj,Heather Voyager Short Sleeve Crew Neck T-Shirt,Shirt,0,0,0,2024-02-01 00:00:00
p_u9qz9yabud,Indigo Wash Slim Fit Comfort Jeans,Jeans,0,0,0,2024-02-01 00:00:00
p_h5b94d3deu,Centurion Short Sleeve Sweater Polo,Polos,0,0,0,2024-02-01 00:00:00
p_erspmns4ce,Heather Seafarer Short Sleeve V-Neck Neck T-Shirt,Shirt,0,0,0,2024-02-01 00:00:00
p_q4h28hmd8q,Never Show Socks | Active | 3-Pack | Black,Socks,0,0,0,2024-02-01 00:00:00
p_aj2ry7xdv9,"Chino Shorts | Comfort | 7"" | Rosewood",Shorts,0,0,0,2024-02-01 00:00:00
p_9y7cp9jumm,"Shorts | Classic Twill | 9"" | Sandstone",Shorts,0,0,0,2024-02-01 00:00:00
p_3pskc4cwbp,"Shorts | Classic Twill | 9"" Khaki",Shorts,0,0,0,2024-02-01 00:00:00
p_6bn53rdnz2,"Shorts | Classic Twill | 9"" | Navy",Shorts,0,0,0,2024-02-01 00:00:00
p_h4877neu4n,Sandstone Commuter Short,Shorts,0,0,0,2024-02-01 00:00:00
p_xsbj94sm6q,Heather Gray Fleece French Terry Short,Shorts,0,0,0,2024-02-01 00:00:00
p_jqam2z9s7w,"Chino Shorts | Comfort | 9"" | Ivory",Shorts,0,0,0,2024-02-01 00:00:00
p_kvcynwabcy,"Chino Shorts | Comfort | 9"" | Sandstone",Shorts,0,0,0,2024-02-01 00:00:00
p_7y7ms9wtr4,Shorts | Active Comfort | Black,Shorts,0,0,0,2024-02-01 00:00:00
p_r5du83g9df,Shorts | Active | Quick Dry with Liner | Black,Swim Shorts,0,0,0,2024-02-01 00:00:00
p_7pvp4dcq5n,Carbon Active Quick Dry Short with Liner,Swim Shorts,0,0,0,2024-02-01 00:00:00
p_gmhetj6qvj,Long Sleeve Button Up Shirt | Stretch Oxford | Banker Blue,Button Down Shirts,0,0,0,2024-02-01 00:00:00
p_8q3s9r6qwu,Hoodie | Active Comfort | Full Zip | Black,Hoodie,0,0,0,2024-02-01 00:00:00
p_fc9era585c,Jacket | Active | Black,Athletic Jackets,0,0,0,2024-02-01 00:00:00
p_m26ckp2n6s,Black Tall Round Hem Crew Neck T-Shirt,T-Shirts,0,0,0,2024-02-01 00:00:00
p_cfg5xu3gvw,Dark Olive Short Sleeve Crew Neck T-Shirt,T-Shirts,0,0,0,2024-02-01 00:00:00
p_yhput7au44,Dark Olive Long Sleeve Henley,T-Shirts,0,0,0,2024-02-01 00:00:00
p_ez9ax3esv6,Emerald Long Sleeve Crew Neck T-Shirt,T-Shirts,0,0,0,2024-02-01 00:00:00
p_8vx6ygsmsd,Heather Gray Hooded Long Sleeve T-Shirt,Hoodie,0,0,0,2024-02-01 00:00:00
p_23ubcbvz89,Heather Gray Never Show Socks 3-Pack,Socks,0,0,0,2024-02-01 00:00:00
p_pz6x448p9t,Heather Gray Short Sleeve Sweater Polo Shirt,Knit Tops,0,0,0,2024-02-01 00:00:00
p_jg78h55jmw,Heather Gray Sweater Beanie,Beanie,0,0,0,2024-02-01 00:00:00
p_w7ysprckp8,Heather Navy Active Comfort Straight Leg Pant,Sweatpants & Joggers,0,0,0,2024-02-01 00:00:00
p_8nnyqj3ewe,Heather Emerald Tall Round Hem Crew Neck T-Shirt,T-Shirts,0,0,0,2024-02-01 00:00:00
p_ttezb89gxf,Heather Mauve Short Sleeve Crew Neck T-Shirt,T-Shirts,0,0,0,2024-02-01 00:00:00
p_qtjb9pcnn3,Heather Navy Active Shell Jacket,Jacket,0,0,0,2024-02-01 00:00:00
p_f92h3kv2cv,Heather Pale Blue Short Sleeve Crew Neck T-Shirt,T-Shirts,0,0,0,2024-02-01 00:00:00
p_vjgaj8nyrd,Heather Gray Sweater Scarf,Scarf,0,0,0,2024-02-01 00:00:00
p_dy7mjs4bpm,Sleeveless Muscle Tee | Active | Light Heather Gray,Tank Top,0,0,0,2024-02-01 00:00:00
p_6sdgsje2m3,Mahogany Fleece French Terry Jogger,Sweatpants & Joggers,0,0,0,2024-02-01 00:00:00
p_xfct3t2vkk,Mahogany Waffle Hoodie,Hoodie,0,0,0,2024-02-01 00:00:00
p_wtnvenruq9,Medium indigo Wash Straight Fit Comfort Jeans,Jeans,0,0,0,2024-02-01 00:00:00
p_v8pfb5wryd,Military Green Waffle Hoodie,Hoodie,0,0,0,2024-02-01 00:00:00
p_x525p5gyt4,Moss Short Sleeve Sweater Polo Shirt,T-Shirts,0,0,0,2024-02-01 00:00:00
p_t58yx24wsb,Navy Hooded Long Sleeve T-Shirt,Sweatshirt,0,0,0,2024-02-01 00:00:00
p_msfd479sz8,Navy Short Sleeve Button Up Shirt,Shirt,0,0,0,2024-02-01 00:00:00
p_mau5qbhasg,Navy Short Sleeve Sweater Polo Shirt,Knit Sweaters,0,0,0,2024-02-01 00:00:00
p_kccxqadagn,Navy Waffle Hoodie,Hoodie,0,0,0,2024-02-01 00:00:00
p_dbg2vhd8gn,Navy Waffle Long Sleeve Crew Neck,Sweatshirt,0,0,0,2024-02-01 00:00:00
p_7kzk6kwsxk,Oatmeal Sweater Hoodie,Hoodie,0,0,0,2024-02-01 00:00:00
p_xhubfpt2bh,Olive Long Sleeve Ripstop Commuter Shirt,Shirt,0,0,0,2024-02-01 00:00:00
p_29wrd4wkfa,Pale Blue Button Up Shirt,Button Down Shirts,0,0,0,2024-02-01 00:00:00
p_u2rhgedcvp,White Long Sleeve Polo Shirt,Polos,0,0,0,2024-02-01 00:00:00
p_5e7t6v6gv8,Heather Sapphire Short Sleeve V-Neck T-Shirt,T-Shirts,0,0,0,2024-02-01 00:00:00
p_wctjf5cy38,Heather Seafarer Short Sleeve Crew Neck T-Shirt,T-Shirts,0,0,0,2024-02-01 00:00:00
p_dxzcer2fk8,Heather Slate Green Short Sleeve Crew Neck T-Shirt,T-Shirts,0,0,0,2024-02-01 00:00:00
p_dbcpnaxxzz,Navy Boxer Briefs 3-Pack,Underwear,0,0,0,2024-02-01 00:00:00
p_4juc2hdg85,Navy Tall Straight Hem Crew Neck T-Shirt,T-Shirts,0,0,0,2024-02-01 00:00:00
p_drc7rrjfsv,Mahogany Long Sleeve T-Shirt,Shirt,0,0,0,2024-02-01 00:00:00
p_rpcku7uhxu,Mahogany Short Sleeve V-Neck T-Shirt,T-Shirts,0,0,0,2024-02-01 00:00:00
p_jj6vbqjbcj,Navy Boxer Trunks 3-Pack,Underwear,0,0,0,2024-02-01 00:00:00
p_zm5cpgbxrk,Sapphire Short Sleeve Crew Neck T-Shirt,T-Shirts,0,0,0,2024-02-01 00:00:00
p_npv4nzv5x2,Sapphire Short Sleeve Polo Shirt,Polos,0,0,0,2024-02-01 00:00:00
p_ps2ys9u9da,Short Sleeve T-Shirt | Crew Neck | Steel,T-Shirts,0,0,0,2024-02-01 00:00:00
p_wue6hk6hmr,Short Sleeve T-Shirt | V-Neck | Steel,T-Shirts,0,0,0,2024-02-01 00:00:00
p_avsdr3kjaw,Military Green Boxer Briefs 3-Pack,Underwear,0,0,0,2024-02-01 00:00:00
p_9xxg4dd5wv,Navy Tall Long Sleeve T-Shirt,Shirt,0,0,0,2024-02-01 00:00:00
p_4qvba3a9f7,Off White Short Sleeve Crew Neck T-Shirt,T-Shirts,0,0,0,2024-02-01 00:00:00
p_rh632vzkvf,Raspberry Short Sleeve Crew Neck T-Shirt,T-Shirts,0,0,0,2024-02-01 00:00:00
p_jgnjyyepyv,White Short Sleeve Crew Neck T-Shirt,T-Shirts,0,0,0,2024-02-01 00:00:00
p_2nzpxxx9qd,White Tall Long Sleeve T-Shirt,T-Shirts,0,0,0,2024-02-01 00:00:00
p_fsr8s5rfne,Navy Tall Active Crew Neck,T-Shirts,0,0,0,2024-02-01 00:00:00
p_xzhwz3h8uh,Heather Light Khaki Crew Neck,Sweatshirt,0,0,0,2024-02-01 00:00:00
p_g2f7b4qvq8,Kelly Green Short Sleeve Crew Neck T-Shirt,T-Shirts,0,0,0,2024-02-01 00:00:00
p_jdmt24d7hn,Pale Blue Short Sleeve Crew Neck T-Shirt,T-Shirts,0,0,0,2024-02-01 00:00:00
p_xx645fy2er,Pink Opal Short Sleeve Crew Neck T-Shirt,T-Shirts,0,0,0,2024-02-01 00:00:00
p_m9zcd62yqy,Sandstone Short Sleeve Crew Neck T-Shirt,T-Shirts,0,0,0,2024-02-01 00:00:00
p_4m97kku3wq,Tan 499 Short Sleeve Crew Neck T-Shirt,T-Shirts,0,0,0,2024-02-01 00:00:00
p_6q2v79acx5,Light Blue Short Sleeve V-Neck T-Shirt,T-Shirts,0,0,0,2024-02-01 00:00:00
p_ce7amvu2k2,Light Heather Short Sleeve Gray V-Neck T-Shirt,T-Shirts,0,0,0,2024-02-01 00:00:00
p_ar4zzgjk5p,Periwinkle Blue Short Sleeve Crew Neck T-Shirt,T-Shirts,0,0,0,2024-02-01 00:00:00
p_e34ttzx6kf,True Red Short Sleeve Crew Neck T-Shirt,T-Shirts,0,0,0,2024-02-01 00:00:00
p_qsrzg2ce35,Turquoise Short Sleeve Crew Neck T-Shirt,T-Shirts,0,0,0,2024-02-01 00:00:00
p_bg7f7edphc,Stone Blue Active Comfort Short,Shorts,0,0,0,2024-02-01 00:00:00
p_ka34xhhhr8,Indigo Boxer Briefs 3-Pack,Underwear,0,0,0,2024-02-01 00:00:00
p_axzk47pvme,Teal Boxer Briefs 3-Pack,Underwear,0,0,0,2024-02-01 00:00:00
p_cnrb9yncvy,White Half Crew Sock 3-Pack,Socks,0,0,0,2024-02-01 00:00:00
p_pkqtyg3hqm,White Never Show Socks 3-Pack,Socks,0,0,0,2024-02-01 00:00:00
p_8q6fwp8wgq,Yellow Short Sleeve Polo Shirt,Polos,0,0,0,2024-02-01 00:00:00
p_8497zwuxp3,Mahogany Fleece French Terry Pullover Crew Sweatshirt,Sweatshirt,0,0,0,2024-02-01 00:00:00
p_dcqnnrpypu,Long Sleeve Tee And Jogger Set | Loungewear | Charcoal Heather Gray,Sweatshirt,0,0,0,2024-02-01 00:00:00
p_cc9s42vn4x,Short Sleeve Tee And Pant Set | Loungewear | Charcoal Heather Gray,Sweatpants & Joggers,0,0,0,2024-02-01 00:00:00
p_zwuqmdbfnt,Charcoal Heather Gray Short Sleeve Tall Active Crew Neck,T-Shirts,0,0,0,2024-02-01 00:00:00
p_un65wg283k,Long Sleeve Tee And Jogger Set | Loungewear | Heather Navy,Sweatshirt,0,0,0,2024-02-01 00:00:00
p_pqxd5rn6d9,Short Sleeve Tee And Pant Set | Loungewear | Heather Navy,Lounge Sweatpants & Joggers,0,0,0,2024-02-01 00:00:00
p_pznn6yemfk,Heather Navy Quarter Zip Performance Shirt,Athletic Tops,0,0,0,2024-02-01 00:00:00
p_f8nexh4476,Heather Navy Short Sleeve Tall Active Crew Neck,T-Shirts,0,0,0,2024-02-01 00:00:00
p_v4vw7cyjx6,White Short Sleeve Tall Active Crew Neck,T-Shirts,0,0,0,2024-02-01 00:00:00
p_fbcq86jv23,Heather Dusty Pink Short Sleeve V-Neck T-Shirt,T-Shirts,0,0,0,2024-02-01 00:00:00
p_d47n8u8fab,Black Long Sleeve Henley,Shirt,0,0,0,2024-02-01 00:00:00
p_7ekanr458k,Heather Burgundy Active Crew Neck T-Shirt,Shirt,0,0,0,2024-02-01 00:00:00
p_adhb2jnwk7,Military Green Tall Straight Hem Crew Neck T-Shirt,T-Shirts,0,0,0,2024-02-01 00:00:00
p_4xegh3d2dq,White Short Sleeve Active Polo Shirt,Polos,0,0,0,2024-02-01 00:00:00
p_jgj485u9gx,Heather Gray Hooded Long Sleeve T-Shirt,Hoodie,0,0,0,2024-02-01 00:00:00
p_5uvd4uv28m,Mahogany Waffle Hoodie,Hoodie,0,0,0,2024-02-01 00:00:00
p_qh5ucmcku5,Military Green Waffle Hoodie,Hoodie,0,0,0,2024-02-01 00:00:00
p_wrcbv4f2uu,Navy Hooded Long Sleeve T-Shirt,Sweatshirt,0,0,0,2024-02-01 00:00:00
p_3rcm54jqbs,Navy Waffle Hoodie,Hoodie,0,0,0,2024-02-01 00:00:00
p_vjd833ph3z,White Waffle Hoodie,Hoodie,0,0,0,2024-02-01 00:00:00
p_5uapency29,Navy Waffle Long Sleeve Crew Neck,Sweatshirt,0,0,0,2024-02-01 00:00:00
p_4ssfur9upr,Pale Blue Button Up Shirt,Button Down Shirts,0,0,0,2024-02-01 00:00:00
p_u9t2zm725p,Short Sleeve Active Polo Shirt | Black,Polos,0,0,0,2024-02-01 00:00:00
p_mnk33hmpwg,White Short Sleeve Active Polo,Polos,0,0,0,2024-02-01 00:00:00
p_ch7bwuavhv,Heather Gray Sweater Scarf,Scarf,0,0,0,2024-02-01 00:00:00
p_5crt48k7v7,Navy Short Sleeve Button Up Shirt,Shirt,0,0,0,2024-02-01 00:00:00
p_r6t642amsw,White Short Sleeve Button Up Shirt,Shirt,0,0,0,2024-02-01 00:00:00
p_pzx9wvv4qb,Heather Mauve Short Sleeve Crew Neck T-Shirt,T-Shirts,0,0,0,2024-02-01 00:00:00
p_tvdv27amhe,Heather Navy Active Comfort Straight Leg Pant,Sweatpants & Joggers,0,0,0,2024-02-01 00:00:00
p_2rhbv3znrg,Heather Navy Active Shell Jacket,Jacket,0,0,0,2024-02-01 00:00:00
p_ne28r8hbv2,Heather Seafarer Short Sleeve Crew Neck T-Shirt,T-Shirts,0,0,0,2024-02-01 00:00:00
p_yxq99tj7cv,Heather Slate Green Short Sleeve Crew Neck T-Shirt,Shirt,0,0,0,2024-02-01 00:00:00
p_2mwcc7hpkx,Light Heather Gray Sleeveless Active Muscle Tee,Tank Top,0,0,0,2024-02-01 00:00:00
p_cyyubbh7u4,Mahogany Fleece French Terry Jogger,Sweatpants & Joggers,0,0,0,2024-02-01 00:00:00
p_fqsqmarq3k,Mahogany Long Sleeve T-Shirt,Shirt,0,0,0,2024-02-01 00:00:00
p_r6f5ekuzmt,Mahogany V-Neck T-Shirt,Shirt,0,0,0,2024-02-01 00:00:00
p_zm7a3rkwma,Navy Tall Straight Hem Crew Neck T-Shirt,T-Shirts,0,0,0,2024-02-01 00:00:00
p_qktubda8xw,Heather Sapphire Short Sleeve V-Neck T-Shirt,T-Shirts,0,0,0,2024-02-01 00:00:00
p_bpux6v6hy3,Moss Short Sleeve Sweater Polo Shirt,T-Shirts,0,0,0,2024-02-01 00:00:00
p_x53atty9z2,Steel Short Sleeve V-Neck T-Shirt,T-Shirts,0,0,0,2024-02-01 00:00:00
p_55tcz9qg6f,Black Boxer Briefs 3-Pack,Underwear,0,0,0,2024-02-01 00:00:00
p_3t9x6drd9q,Never Show Socks | 3-Pack | Black,Socks,0,0,0,2024-02-01 00:00:00
p_9u87cuwg9k,Carbon Boxer Briefs 3-Pack,Underwear,0,0,0,2024-02-01 00:00:00
p_wuqcj8q3tb,Heather Gray Never Show Socks 3-Pack,Socks,0,0,0,2024-02-01 00:00:00
p_hj4kerceu3,Heather Gray Sweater Beanie,Beanie,0,0,0,2024-02-01 00:00:00
p_zkfhub8juv,Indigo Boxer Briefs 3-Pack,Underwear,0,0,0,2024-02-01 00:00:00
p_gky7ujn5kk,Military Green Boxer Briefs 3-Pack,Underwear,0,0,0,2024-02-01 00:00:00
p_hcstkqf7xs,Navy Boxer Briefs 3-Pack,Underwear,0,0,0,2024-02-01 00:00:00
p_vvxrx4e62u,Navy Boxer Trunks 3-Pack,Underwear,0,0,0,2024-02-01 00:00:00
p_ebtxk5mjkc,Teal Boxer Briefs 3-Pack,Underwear,0,0,0,2024-02-01 00:00:00
p_n52bwwvypc,White Active Crew Socks 3-Pack,Socks,0,0,0,2024-02-01 00:00:00
p_ngty2gftav,White Active Never Show Socks 3-Pack,Socks,0,0,0,2024-02-01 00:00:00
p_kdjpvxj7fs,White Half Crew Sock 3-Pack,Socks,0,0,0,2024-02-01 00:00:00
p_yefeaupknw,White Never Show Socks 3-Pack,Socks,0,0,0,2024-02-01 00:00:00
p_39acmqrp48,White Never Show Socks 3-Pack,Socks,0,0,0,2024-02-01 00:00:00
p_ntuxn2s2c5,Yellow Polo,Polos,0,0,0,2024-02-01 00:00:00
p_d53wqyy6nw,Oatmeal Sweater Hoodie,Hoodie,0,0,0,2024-02-01 00:00:00
p_xqd85rvpxs,Black Puffer Jacket,Puffer Jackets,0,0,0,2024-02-01 00:00:00
p_cad333s5q5,Heather Burgundy Active Long Sleeve Crew Neck,Sweatshirt,0,0,0,2024-02-01 00:00:00
p_heevyaqhce,"9"" Sandstone Classic Twill Shorts",Shorts,0,0,0,2024-02-01 00:00:00
p_yptjy3dzdz,"Shorts | Classic Twill | 7"" | Navy",Shorts,0,0,0,2024-02-01 00:00:00
p_v7wa7rn4tb,"Shorts | Classic Twill | 9"" | Khaki",Shorts,0,0,0,2024-02-01 00:00:00
p_x53vukk5e9,"Shorts | Classic Twill | 9"" | Meadow",Shorts,0,0,0,2024-02-01 00:00:00
p_yacuttmhrh,"9"" Navy Classic Twill Shorts",Shorts,0,0,0,2024-02-01 00:00:00
p_2432p8f6a5,"Shorts | Active Training | 7"" | Navy",Shorts,0,0,0,2024-02-01 00:00:00
p_64vbv6tpdm,Heather Gray Fleece French Terry Shorts,Shorts,0,0,0,2024-02-01 00:00:00
p_bmga62pefz,"9"" Sandstone Comfort Chino Shorts",Shorts,0,0,0,2024-02-01 00:00:00
p_b9pagk3ugb,Shorts | Active Comfort | Black,Shorts,0,0,0,2024-02-01 00:00:00
p_yn26dfj46r,Dark Heather Burgundy Active Comfort Short,Swim Shorts,0,0,0,2024-02-01 00:00:00
p_pe2azubxe8,Dark Heather Indigo Active Comfort Short,Shorts,0,0,0,2024-02-01 00:00:00
p_p58c6d9vvb,Dark Heather Military Green Active Comfort Short,Shorts,0,0,0,2024-02-01 00:00:00
p_6uh7rmkygu,Black Active Quick Dry Short with Liner,Swim Shorts,0,0,0,2024-02-01 00:00:00
p_wdbckwxtef,Carbon Active Quick Dry Short with Liner,Swim Shorts,0,0,0,2024-02-01 00:00:00
p_use9g4kaed,Black Active Never Show Socks 3-Pack,Socks,0,0,0,2024-02-01 00:00:00
p_85umjtnpsy,Sweater Scarf | Black,Scarf,0,0,0,2024-02-01 00:00:00
p_atrr9sdp25,Charcoal Heather Gray Short Sleeve Tall Polo Shirt,Polos,0,0,0,2024-02-01 00:00:00
p_9h2qsu97ew,Dark Heather Navy Active Comfort Short,Shorts,0,0,0,2024-02-01 00:00:00
p_znadcksnfx,Reversible Casual Belt,Belt,0,0,0,2024-02-01 00:00:00
p_rbz7y8npg6,Indigo Wash Slim Fit Comfort Jeans,Jeans,0,0,0,2024-02-01 00:00:00
p_p54vvkv29d,Light Heather Gray Quarter Zip Performance Shirt,Athletic Tops,0,0,0,2024-02-01 00:00:00
p_rujp4wvbzv,Mahogany Long Sleeve Waffle Crew,Sweatshirt,0,0,0,2024-02-01 00:00:00
p_vsyjxxtp4a,Navy Short Sleeve Active Polo Shirt,Polos,0,0,0,2024-02-01 00:00:00
p_tfhcx4fbf5,Heather Gray Never Show Socks 3-Pack,Socks,0,0,0,2024-02-01 00:00:00
p_ggkq2n25rk,Carbon Waffle Hoodie,Hoodie,0,0,0,2024-02-01 00:00:00
p_fsar8whm4b,Dark Oak Waffle Hoodie,Hoodie,0,0,0,2024-02-01 00:00:00
p_nqbh5bzsfh,Heather Gray Long Sleeve Polo,Polos,0,0,0,2024-02-01 00:00:00
p_ter2rcscz6,Heather Gray Waffle Hoodie,Hoodie,0,0,0,2024-02-01 00:00:00
p_5z9rynrdat,Dark Oak Long Sleeve Waffle Crew,Sweatshirt,0,0,0,2024-02-01 00:00:00
p_ap2c64hjnc,Dark Olive Long Sleeve Waffle Crew,Shirt,0,0,0,2024-02-01 00:00:00
p_zwzpj7gynb,Deep Sea Blue Long Sleeve Waffle Crew,T-Shirts,0,0,0,2024-02-01 00:00:00
p_ejzn2bhevc,Evergreen Heather Long Sleeve Waffle Crew,Sweatshirt,0,0,0,2024-02-01 00:00:00
p_456rdfdknv,Navy Long Sleeve Button Up Shirt,Shirt,0,0,0,2024-02-01 00:00:00
p_9ueremsrcn,Heather Navy Short Sleeve Loungewear Tee,T-Shirts,0,0,0,2024-02-01 00:00:00
p_pxj9zkmurj,Charcoal Heather Active Comfort Pullover Hoodie,Hoodie,0,0,0,2024-02-01 00:00:00
p_ab6dzqm4qc,Charcoal Heather Gray Fleece French Terry Jogger,Sweatpants & Joggers,0,0,0,2024-02-01 00:00:00
p_r7g7s9ued2,Dark Olive Fleece Shacket,Jacket,0,0,0,2024-02-01 00:00:00
p_pevetyjchy,Heather Dark Oak V-Neck T-Shirt,Screen Printed T-Shirts,0,0,0,2024-02-01 00:00:00
p_7bmm7jjbng,Heather Gray Long Sleeve Lightweight Flannel Shirt,Button Down Shirts,0,0,0,2024-02-01 00:00:00
p_jdy7juawjw,Heather Gray Pique Crew Sweater,Knit Sweaters,0,0,0,2024-02-01 00:00:00
p_hdbwf4s669,Heather Gray Tall Straight Hem Crew Neck T-Shirt,T-Shirts,0,0,0,2024-02-01 00:00:00
p_zsnvka2svc,Heather Mist Short Sleeve Crew Neck T-Shirt,T-Shirts,0,0,0,2024-02-01 00:00:00
p_h4edseg6hf,Heather Navy Active Comfort Pullover Hoodie,Hoodie,0,0,0,2024-02-01 00:00:00
p_n6kve3ddkw,Heather Navy Long Sleeve Ripstop Commuter Shirt,Shirt,0,0,0,2024-02-01 00:00:00
p_h8jucbuvcu,Heather Navy Pique Crew Sweater,Knit Sweaters,0,0,0,2024-02-01 00:00:00
p_sxcevd7ww2,Heather Oatmeal Crew Neck Sweater,Knit Sweaters,0,0,0,2024-02-01 00:00:00
p_ex8zw8z5dh,Heather Sapphire Short Sleeve Crew Neck T-Shirt,T-Shirts,0,0,0,2024-02-01 00:00:00
p_fdgw8vn8mw,Indigo Wash Straight Fit Comfort Jeans,Jeans,0,0,0,2024-02-01 00:00:00
p_gkhuhrbvc5,Light Indigo Wash Long Sleeve Chambray Shirt,Shirt,0,0,0,2024-02-01 00:00:00
p_5ez35speq8,Medium Indigo Wash Long Sleeve Chambray Shirt,Shirt,0,0,0,2024-02-01 00:00:00
p_36tbyhq9p3,Navy Fleece Shacket,Shirt Jackets,0,0,0,2024-02-01 00:00:00
p_grdphsazq4,Reversible Dress Belt,Belt,0,0,0,2024-02-01 00:00:00
p_qj9xh26ctj,Sapphire Short Sleeve Crew Neck T-Shirt,Screen Printed T-Shirts,0,0,0,2024-02-01 00:00:00
p_7nraatq97j,Steel Short Sleeve Crew Neck T-Shirt,T-Shirts,0,0,0,2024-02-01 00:00:00
p_37z5p8b2wz,Heather Dark Orchid Short Sleeve Vee Neck T-Shirt,Shirt,0,0,0,2024-02-01 00:00:00
p_rr9yu69cdx,Heather Mist Short Sleeve Vee Neck T-Shirt,T-Shirts,0,0,0,2024-02-01 00:00:00
p_7fgbszq45t,Heather Voyager Short Sleeve Vee Neck T-Shirt,T-Shirts,0,0,0,2024-02-01 00:00:00
p_aj728cj6p2,Reversible Casual Belt,Belt,0,0,0,2024-02-01 00:00:00
p_wkggwhgxue,Navy Long Sleeve Lightweight Flannel Shirt,Shirt,0,0,0,2024-02-01 00:00:00
p_8fx2h79sez,Black Slippers,Slippers,0,0,0,2024-02-01 00:00:00
p_cguvv472kt,Heather Navy Loungewear Pant,Pants,0,0,0,2024-02-01 00:00:00
p_e6aypq2yyn,Charcoal Heather Active Comfort Full Zip Hoodie,Hoodie,0,0,0,2024-02-01 00:00:00
p_zg2kz56sep,Khaki Coaches Jacket,Jacket,0,0,0,2024-02-01 00:00:00
p_v6xzqb4euh,Electric Blue Polo,Polos,0,0,0,2024-02-01 00:00:00
p_kyjxexravk,Heather Gray Active Crew Socks 3-Pack,Socks,0,0,0,2024-02-01 00:00:00
p_v4pawc4ufa,Heather Gray Ankle Socks 3-Pack,Socks,0,0,0,2024-02-01 00:00:00
p_r3b5cqykd8,Heather Gray Never Show Socks 3-Pack,Socks,0,0,0,2024-02-01 00:00:00
p_xsa4epqty5,Mahogany Polo,Polos,0,0,0,2024-02-01 00:00:00
p_perj37fvaa,Periwinkle Blue Polo,Polos,0,0,0,2024-02-01 00:00:00
p_ump27mtkuq,Raspberry Polo,Polos,0,0,0,2024-02-01 00:00:00
p_szsv98dxsn,White Active Ankle Socks 3-Pack,Socks,0,0,0,2024-02-01 00:00:00
p_yvahsdbd7s,Heather Seafarer Short Sleeve Polo,Polos,0,0,0,2024-02-01 00:00:00
p_njb9h744v3,Indigo Rinse Straight Authentic Stretch Jeans,Jeans,0,0,0,2024-02-01 00:00:00
p_nyn3pcwdu8,Light Indigo Wash Slim Authentic Stretch Jeans,Jeans,0,0,0,2024-02-01 00:00:00
p_9f3wn27yj9,Indigo Rinse Slim Authentic Stretch Jeans,Jeans,0,0,0,2024-02-01 00:00:00
p_3dxryrdx2k,Medium Indigo Wash Slim Authentic Stretch Jeans,Jeans,0,0,0,2024-02-01 00:00:00
p_75westm75x,Light Indigo Wash Straight Authentic Stretch Jeans,Jeans,0,0,0,2024-02-01 00:00:00
p_7sfgw9sa4n,Medium Indigo Wash Straight Authentic Stretch Jeans,Jeans,0,0,0,2024-02-01 00:00:00
p_sy5ta2zsks,Heather Cayenne Short Sleeve Crew Neck T-Shirt,Shirt,0,0,0,2024-02-01 00:00:00
p_qcke957864,"Chino Shorts | Comfort | 7"" | Military Green",Shorts,0,0,0,2024-02-01 00:00:00
p_uy62gqzk94,"Shorts | Comfort Chino | 7"" | Sapphire",Shorts,0,0,0,2024-02-01 00:00:00
p_svgga79dfc,"Chino Shorts | Comfort | 7"" | Slate Green",Shorts,0,0,0,2024-02-01 00:00:00
p_n2cq64ucyu,"9"" Sapphire Comfort Chino Short",Shorts,0,0,0,2024-02-01 00:00:00
p_hubt8gp9tb,"9"" Slate Green Comfort Chino Short",Shorts,0,0,0,2024-02-01 00:00:00
p_vahhav9rn7,"Shorts | Classic Twill | 9"" | Black",Shorts,0,0,0,2024-02-01 00:00:00
p_jxeh4td3j3,"Shorts | 9"" | Classic Twill | Centurion",Shorts,0,0,0,2024-02-01 00:00:00
p_3mav9fu9q9,"Shorts | Active Training 7"" | Black",Shorts,0,0,0,2024-02-01 00:00:00
p_3he4jy8f99,"Shorts | Active Training | 7"" | Carbon",Shorts,0,0,0,2024-02-01 00:00:00
p_sdkp4ngqy8,"Shorts | Active Training | 7"" | Sandstone",Shorts,0,0,0,2024-02-01 00:00:00
p_n5vm5c3nb9,"Chino Shorts | Comfort | 7"" | Black",Shorts,0,0,0,2024-02-01 00:00:00
p_t3995sdwge,"Shorts | Comfort Chino | 7"" | Carbon",Shorts,0,0,0,2024-02-01 00:00:00
p_ys9u6f3mbt,"Chino Shorts | Comfort | 7"" | Khaki",Shorts,0,0,0,2024-02-01 00:00:00
p_2vpu7ymaay,Black Commuter Short,Shorts,0,0,0,2024-02-01 00:00:00
p_jnvzcqrwxp,Khaki Commuter Short,Shorts,0,0,0,2024-02-01 00:00:00
p_pgq6zgcvgq,Black Fleece French Terry Short,Shorts,0,0,0,2024-02-01 00:00:00
p_8hbywkfrwc,Military Green Fleece French Terry Short,Shorts,0,0,0,2024-02-01 00:00:00
p_v7655zp7an,"Chino Shorts | Comfort | 9"" | Black",Shorts,0,0,0,2024-02-01 00:00:00
p_29aky289rv,Navy Fleece French Terry Short,Shorts,0,0,0,2024-02-01 00:00:00
p_juczmrnmtc,"Shorts | Comfort Chino | 9"" | Carbon",Shorts,0,0,0,2024-02-01 00:00:00
p_jw2fyemxq7,"9"" Khaki Comfort Chino Short",Shorts,0,0,0,2024-02-01 00:00:00
p_uqn6yzvkpa,"9"" Navy Comfort Chino Short",Shorts,0,0,0,2024-02-01 00:00:00
p_8an2wybh3y,Charcoal Heather Gray Active Comfort Short,Athletic Shorts,0,0,0,2024-02-01 00:00:00
p_aw48ckctp9,Burgundy Active Quick Dry Short with Liner,Swim Shorts,0,0,0,2024-02-01 00:00:00
p_vey4w66jst,Military Green Active Quick Dry Short with Liner,Shorts,0,0,0,2024-02-01 00:00:00
p_nuk7mzc8jt,Navy Active Quick Dry Short with Liner,Swim Shorts,0,0,0,2024-02-01 00:00:00
p_r2e57cmagz,Joggers | Active | Black,Sweatpants & Joggers,0,0,0,2024-02-01 00:00:00
p_csr594d6ws,Heather Navy Loungewear Jogger,Sweatpants & Joggers,0,0,0,2024-02-01 00:00:00
p_2krzrc4m74,Carbon Fleece French Terry Jogger,Sweatpants & Joggers,0,0,0,2024-02-01 00:00:00
p_phdjj3n8yh,Heather Gray Fleece French Terry Joggers,Sweatpants & Joggers,0,0,0,2024-02-01 00:00:00
p_eaxfgdw35q,Medium Gray Wash Slim Fit Comfort Jeans,Jeans,0,0,0,2024-02-01 00:00:00
p_wcjsyc8zup,Medium Gray Wash Straight Fit Comfort Jeans,Jeans,0,0,0,2024-02-01 00:00:00
p_qjxt4q7gff,Military Green Coaches Jacket,Jacket,0,0,0,2024-02-01 00:00:00
p_fm6edfx4ep,Military Green Fleece French Terry Jogger,Sweatpants & Joggers,0,0,0,2024-02-01 00:00:00
p_28tc85jmdq,Military Green Waffle Long Sleeve Crew Neck,Sweatshirt,0,0,0,2024-02-01 00:00:00
p_mxsupz7eaq,Navy Coaches Jacket,Jacket,0,0,0,2024-02-01 00:00:00
p_qqk283mjjn,Navy Fleece French Terry Jogger,Sweatpants & Joggers,0,0,0,2024-02-01 00:00:00
p_xanpax5dbd,True Red Polo,Polos,0,0,0,2024-02-01 00:00:00
p_mrvwze8wph,White Ankle Socks 3-Pack,Socks,0,0,0,2024-02-01 00:00:00
p_ga52js5nmp,White Never Show Socks 3-Pack,Socks,0,0,0,2024-02-01 00:00:00
p_yhe8c62x9c,Heather Navy Quarter Zip Performance Shirt,Athletic Tops,0,0,0,2024-02-01 00:00:00
p_a7p3mw83t9,Heather Military Green Active Long Sleeve Crew Neck,T-Shirts,0,0,0,2024-02-01 00:00:00
p_rwwrukwyz9,Charcoal Heather Gray Short Sleeve Tall Active Crew Neck,T-Shirts,0,0,0,2024-02-01 00:00:00
p_qy223hzmfv,White Short Sleeve Tall Active Crew Neck,T-Shirts,0,0,0,2024-02-01 00:00:00
p_hfj965wa8c,Charcoal Heather Gray Loungewear Long Sleeve Tee And Jogger Set,Sweatshirt,0,0,0,2024-02-01 00:00:00
p_f3v8s3b963,Charcoal Heather Gray Loungewear Short Sleeve Tee And Pant Set,Sweatpants & Joggers,0,0,0,2024-02-01 00:00:00
p_3vtx7z4d8y,Heather Dusty Pink V-Neck T-Shirt,Screen Printed T-Shirts,0,0,0,2024-02-01 00:00:00
p_3kckyj2khu,Heather Navy Loungewear Short Sleeve Tee And Pant Set,Lounge Sweatpants & Joggers,0,0,0,2024-02-01 00:00:00
p_wj3u3m87yx,Short Sleeve T-Shirt | Active | Crew Neck | Black,T-Shirts,1,1,10,2024-03-01 00:00:00
p_svsvrfrcb6,Black Active Long Sleeve Crew Neck T-Shirt,T-Shirts,0,0,0,2024-03-01 00:00:00
p_vjfh4zw9pd,Short Sleeve Active Polo Shirt | Black,Polos,1,1,5,2024-03-01 00:00:00
p_2gwdmudpww,Long Sleeve Shirt | Crew Neck | Black,Shirt,0,0,3,2024-03-01 00:00:00
p_p6zw3xeg4v,Short Sleeve T-Shirt | Crew Neck | Black,T-Shirts,0,0,11,2024-03-01 00:00:00
p_8jmz33scf8,Sweatshirt | Pullover Crew Neck | Fleece French Terry | Black,Sweatshirt,0,0,0,2024-03-01 00:00:00
p_26twzeayzk,Pullover Hoodie | Fleece French Terry | Black,Hoodie,0,0,0,2024-03-01 00:00:00
p_xnzebcgf9j,Zip Hoodie | Fleece French Terry | Black,Hoodie,0,0,1,2024-03-01 00:00:00
p_v9vmgr3m4t,Polo Shirt | Black,Polos,2,2,20,2024-03-01 00:00:00
p_uwm4psyppk,Black Tall Straight Hem Crew Neck T-Shirt,T-Shirts,0,0,6,2024-03-01 00:00:00
p_s7yfamyjwt,Black V-Neck T-Shirt,T-Shirts,8,1,7,2024-03-01 00:00:00
p_htnnbrvvmk,Carbon Active Crew Neck,T-Shirts,0,0,0,2024-03-01 00:00:00
p_rgamhxuwjz,Carbon Crew Neck Long Sleeve,Shirt,0,0,0,2024-03-01 00:00:00
p_szpx92nwke,Carbon Fleece French Terry Zip Hoodie,Hoodie,0,0,0,2024-03-01 00:00:00
p_prm2runmas,Carbon Long Sleeve Henley,T-Shirts,0,0,0,2024-03-01 00:00:00
p_gf9pckvcm8,Carbon Short Sleeve Polo Shirt,Polos,1,1,9,2024-03-01 00:00:00
p_ujs2rxbwwy,Charcoal Heather Gray Active Long Sleeve Crew Neck,T-Shirts,7,1,9,2024-03-01 00:00:00
p_73vqwcfbpf,Charcoal Heather Gray Short Sleeve Active Polo Shirt,Polos,0,0,0,2024-03-01 00:00:00
p_9744mpdv5n,Charcoal Heather Gray Long Sleeve,Shirt,0,0,0,2024-03-01 00:00:00
p_3dh3myqfyq,Charcoal Heather Gray Polo,Polos,0,0,1,2024-03-01 00:00:00
p_yjazyejt4q,Charcoal Heather Gray V-Neck,Shirt,0,0,0,2024-03-01 00:00:00
p_xhhgk2nnba,Heather Burgundy Crew Neck T-Shirt,Shirt,4,1,6,2024-03-01 00:00:00
p_gbd3qsz25s,Heather Charcoal Gray Crew Neck T-Shirt,Shirt,0,0,0,2024-03-01 00:00:00
p_ea2gekbzfm,Heather Gray Crew Neck Long Sleeve,T-Shirts,0,0,0,2024-03-01 00:00:00
p_bdybxrzhhw,Heather Gray Fleece French Terry Pullover Hoodie,Hoodie,0,0,1,2024-03-01 00:00:00
p_cz4mtzemgt,Heather Gray Fleece French Terry Zip Hoodie,Hoodie,0,0,1,2024-03-01 00:00:00
p_ddgsdeyzu9,Heather Gray Long Sleeve Henley,T-Shirts,0,0,2,2024-03-01 00:00:00
p_5rc5ezqwny,Heather Gray Short Sleeve Polo Shirt,Polos,0,0,2,2024-03-01 00:00:00
p_shhxbvvxxp,Heather Indigo Active Crew Neck T-Shirt,T-Shirts,4,1,3,2024-03-01 00:00:00
p_4fs9u74y4x,Heather Indigo Crew Neck Long Sleeve,T-Shirts,0,0,0,2024-03-01 00:00:00
p_hmkhv4g497,Heather Indigo Crew Neck T-Shirt,Shirt,2,1,12,2024-03-01 00:00:00
p_s6hq3cbp99,Heather Indigo Short Sleeve Polo Shirt,Polos,0,0,2,2024-03-01 00:00:00
p_5q6tnqwruf,Heather Light Gray Active Long Sleeve Crew Neck,T-Shirts,0,0,0,2024-03-01 00:00:00
p_ggx5q9x8xm,Heather Military Green Active Crew Neck T-Shirt,Shirt,0,0,0,2024-03-01 00:00:00
p_xngupz8qg8,Heather Military Green Active Long Sleeve Crew Neck,T-Shirts,0,0,0,2024-03-01 00:00:00
p_pzg4uy9ru4,Heather Military Green Short Sleeve Active Polo Shirt,Polos,1,1,3,2024-03-01 00:00:00
p_kajnxmygka,Heather Military Green Crew Neck T-Shirt,Shirt,0,0,2,2024-03-01 00:00:00
p_95axe6dfn6,Heather Navy Active Crew Neck T-Shirt,T-Shirts,1,1,8,2024-03-01 00:00:00
p_5kpddtqty2,Heather Navy Active Long Sleeve Crew Neck,T-Shirts,0,0,1,2024-03-01 00:00:00
p_ccse4psnan,Heather Navy Crew Neck Long Sleeve,T-Shirts,0,0,1,2024-03-01 00:00:00
p_ug6duq4hvt,Heather Navy Crew Neck T-Shirt,Shirt,0,0,7,2024-03-01 00:00:00
p_vrmxbznmh9,Indigo Long Sleeve Henley,Shirt,0,0,0,2024-03-01 00:00:00
p_bhfd33ejhy,Indigo Short Sleeve Polo Shirt,Polos,0,0,2,2024-03-01 00:00:00
p_955cnseek9,Light Heather Gray Crew Neck Long Sleeve,T-Shirts,0,0,1,2024-03-01 00:00:00
p_6zjn28jf23,Military Green Crew Neck Long Sleeve,Shirt,0,0,0,2024-03-01 00:00:00
p_shcbhfeqaq,Military Green Fleece French Terry Pullover Crew Neck Sweatshirt,Sweatshirt,0,0,0,2024-03-01 00:00:00
p_3wz546brng,Military Green Fleece French Terry Pullover Hoodie,Hoodie,0,0,0,2024-03-01 00:00:00
p_8q6kvd32nc,Military Green Fleece French Terry Zip Hoodie,Hoodie,0,0,0,2024-03-01 00:00:00
p_brwwn6xkwh,Military Green Long Sleeve Henley,T-Shirts,0,0,0,2024-03-01 00:00:00
p_mwv4sjthwt,Military Green Short Sleeve Polo Shirt,Polos,0,0,1,2024-03-01 00:00:00
p_vtkmnr87v2,Navy Active Crew Neck T-Shirt,T-Shirts,0,0,0,2024-03-01 00:00:00
p_tpzfdnukzs,Navy Active Long Sleeve Crew Neck,T-Shirts,0,0,1,2024-03-01 00:00:00
p_bptwztkuks,Navy Short Sleeve Active Polo Shirt,Polos,1,1,1,2024-03-01 00:00:00
p_tjh5t8a6tw,Navy Crew Neck Long Sleeve,Shirt,0,0,0,2024-03-01 00:00:00
p_rezzg23bjy,Navy Fleece French Terry Pullover Crew Neck Sweatshirt,Sweatshirt,0,0,0,2024-03-01 00:00:00
p_k6s6hftqfe,Navy Fleece French Terry Pullover Hoodie,Hoodie,0,0,0,2024-03-01 00:00:00
p_h9z43a8zde,Navy Fleece French Terry Zip Hoodie,Hoodie,0,0,0,2024-03-01 00:00:00
p_ngbbqfwzd5,Navy Long Sleeve Henley,Shirt,0,0,0,2024-03-01 00:00:00
p_rhexhysfzs,Navy Short Sleeve Polo Shirt,Polos,0,0,3,2024-03-01 00:00:00
p_xa4dn5yc22,Navy Tall Short Sleeve Polo Shirt,Polos,0,0,2,2024-03-01 00:00:00
p_2wu3jtehp2,Navy Short Sleeve V-Neck T-Shirt,Shirt,0,0,0,2024-03-01 00:00:00
p_8rbvhb5tdc,White Active Crew Neck T-Shirt,Shirt,0,0,0,2024-03-01 00:00:00
p_r5gttk27sm,White Active Long Sleeve Crew Neck,Shirt,0,0,0,2024-03-01 00:00:00
p_2cus7843n6,White Crew Neck Long Sleeve,Shirt,0,0,0,2024-03-01 00:00:00
p_twpefb4vpq,White Long Sleeve Henley,T-Shirts,0,0,1,2024-03-01 00:00:00
p_6hvvy94kq4,White Short Sleeve Polo Shirt,Polos,0,0,4,2024-03-01 00:00:00
p_m6x758mjvq,White Short Sleeve Tall Polo Shirt,Polos,0,0,2,2024-03-01 00:00:00
p_s49r5jxnqq,White Short Sleeve V-Neck T-Shirt,T-Shirts,10,1,4,2024-03-01 00:00:00
p_fx25mpavbf,Long Sleeve T-Shirt | Hooded | Black,T-Shirts,0,0,0,2024-03-01 00:00:00
p_gawdf2gbfa,Long Sleeve Polo Shirt | Black,Polos,0,0,1,2024-03-01 00:00:00
p_xafkdxwnvm,Black Waffle Hoodie,Hoodie,0,0,4,2024-03-01 00:00:00
p_yev838e3bk,Dark Olive Waffle Hoodie,Hoodie,0,0,1,2024-03-01 00:00:00
p_3h5wxbdgfn,White Long Sleeve Polo Shirt,Polos,0,0,0,2024-03-01 00:00:00
p_g5xjgypbqs,Long Sleeve Button Up Shirt | Black,Button Down Shirts,0,0,0,2024-03-01 00:00:00
p_pqjyybc86f,Black Waffle Long Sleeve Crew Neck T-Shirt,T-Shirts,0,0,1,2024-03-01 00:00:00
p_5pqpzmazbr,Carbon Long Sleeve Button Up Shirt,Button Down Shirts,0,0,1,2024-03-01 00:00:00
p_anqd83cjye,Military Green Waffle Long Sleeve Crew Neck,Sweatshirt,0,0,0,2024-03-01 00:00:00
p_vp3anzz9s3,White Button Up Shirt,Button Down Shirts,0,0,4,2024-03-01 00:00:00
p_92vf4hpdrt,White Commuter Short Sleeve Button Up,Button Down Shirts,1,1,1,2024-03-01 00:00:00
p_85skykpy7r,Short Sleeve Button Up Shirt | Commuter | Black,Button Down Shirts,6,3,4,2024-03-01 00:00:00
p_v5bwyyhget,Carbon Commuter Short Sleeve Button Up,Button Down Shirts,0,0,1,2024-03-01 00:00:00
p_5kr9enrf6j,Short Sleeve Tee | Loungewear | Charcoal Heather Gray,T-Shirts,0,0,0,2024-03-01 00:00:00
p_rpwqburrmc,Dark Heather Cadet Active Polo,Polos,0,0,1,2024-03-01 00:00:00
p_8tryb2ahrp,Dark Heather Cocoa Active Polo,Polos,0,0,3,2024-03-01 00:00:00
p_vnexp6dh3m,Heather Centurion Short Sleeve Active Polo Shirt,Polos,0,0,1,2024-03-01 00:00:00
p_8pczdfc69m,Heather Cocoa Short Sleeve Active Polo Shirt,Polos,0,0,1,2024-03-01 00:00:00
p_xdyq8mewrc,Short Sleeve Button Up Shirt | Black,Button Down Shirts,2,1,4,2024-03-01 00:00:00
p_56qjzafa6s,Carbon Short Sleeve Button Up Shirt,Button Down Shirts,0,0,1,2024-03-01 00:00:00
p_7dyz93zegj,"Shorts | Active Training | 7"" | Sapphire",Athletic Shorts,0,0,2,2024-03-01 00:00:00
p_3pkg63ym5k,"Shorts | Active Training | 7"" | Steel",Shorts,0,0,10,2024-03-01 00:00:00
p_k5hymg84ez,"Shorts | Training | 7"" | 2-in-1 Black",Athletic Shorts,0,0,11,2024-03-01 00:00:00
p_mm5tbn6qza,Sweatshirt | Comfort Crew | Black,Sweatshirt,0,0,0,2024-03-01 00:00:00
p_2uptnqrxy2,Hoodie | Active Comfort | Pullover | Black,Hoodie,0,0,2,2024-03-01 00:00:00
p_ys335pw23m,Pants | Active Comfort | Straight Leg | Black,Sweatpants & Joggers,0,0,0,2024-03-01 00:00:00
p_9attt36kqt,Blazer | Black,Blazer,0,0,5,2024-03-01 00:00:00
p_84w66d79b8,Pants | Comfort Chino | Black,Pants,0,0,5,2024-03-01 00:00:00
p_349fd5fte5,Sweater | Crew Neck | Black,Knit Sweaters,0,0,0,2024-03-01 00:00:00
p_zzvxdda285,Fleece Shacket | Black,Jacket,0,0,0,2024-03-01 00:00:00
p_z7kat66jsb,Puffer Vest | Black,Outerwear Vests,0,0,0,2024-03-01 00:00:00
p_w99wqwtmd8,Performance Shirt | Quarter Zip | Black,Athletic Tops,0,0,6,2024-03-01 00:00:00
p_vkp29t8hpk,Sleeveless Muscle Tee | Active | Black,Athletic Tops,0,0,3,2024-03-01 00:00:00
p_bxpjzp3q34,Sweater Hoodie | Black,Hoodie,0,0,0,2024-03-01 00:00:00
p_j23j35syzx,Black Wash Long Sleeve Chambray Shirt,Shirt,1,1,3,2024-03-01 00:00:00
p_aaa5u2senn,Black Wash Slim Fit Comfort Jeans,Jeans,0,0,1,2024-03-01 00:00:00
p_mu7q5qx67m,Black Wash Straight Fit Comfort Jeans,Jeans,0,0,1,2024-03-01 00:00:00
p_kv4qxkyavb,Chino Pants | Comfort | Carbon,Pants,0,0,6,2024-03-01 00:00:00
p_av6ja2w28x,Charcoal Heather Active Comfort Crew Sweatshirt,Athletic Tops,0,0,8,2024-03-01 00:00:00
p_jqxjnq8mc8,Charcoal Heather Active Comfort Straight Leg Pant,Sweatpants & Joggers,0,0,1,2024-03-01 00:00:00
p_hzkzcd9ag9,Charcoal Heather Gray Long Sleeve Ripstop Commuter Shirt,Shirt,0,0,0,2024-03-01 00:00:00
p_zc74ftx9hy,Charcoal Heather Gray Pique Crew Sweater,Knit Sweaters,0,0,0,2024-03-01 00:00:00
p_4krqrmhc8s, Sleeveless Muscle Tee | Active | Charcoal Heather Gray,Athletic Tops,0,0,2,2024-03-01 00:00:00
p_qvscv7wqa7,Dark Oak Fleece French Terry Jogger,Sweatpants & Joggers,0,0,0,2024-03-01 00:00:00
p_yw7vvn467f,Dark Olive Long Sleeve Crew Neck T-Shirt,T-Shirts,0,0,0,2024-03-01 00:00:00
p_hc97kv4jxf,Deep Sea Blue Short Sleeve Crew Neck T-Shirt,T-Shirts,5,1,4,2024-03-01 00:00:00
p_zp4vn3rtz4,Deep Sea Blue Long Sleeve Crew Neck T-Shirt,T-Shirts,0,0,0,2024-03-01 00:00:00
p_8d5cs572ku,Evergreen Heather Short Sleeve Crew Neck T-Shirt,T-Shirts,0,0,1,2024-03-01 00:00:00
p_2qn4rb76qt,Evergreen Heather Long Sleeve Crew Neck T-Shirt,T-Shirts,0,0,0,2024-03-01 00:00:00
p_hun6quaf8f,Gray Wash Slim Fit Comfort Jeans,Jeans,0,0,0,2024-03-01 00:00:00
p_bn49najk97,Gray Wash Straight Fit Comfort Jeans,Jeans,0,0,4,2024-03-01 00:00:00
p_a66qgjtv8u, Sleeveless Muscle Tee | Active | Heather Cadet,Athletic Tops,0,0,0,2024-03-01 00:00:00
p_76w9v5r9gp,Heather Camel Pique Crew Sweater,Knit Sweaters,0,0,0,2024-03-01 00:00:00
p_m26nune3tt,Sleeveless Muscle Tee | Active | Heather Cocoa,Tank Top,0,0,0,2024-03-01 00:00:00
p_wtfwp7uyps,Heather Dark Oak Long Sleeve Crew Neck T-Shirt,T-Shirts,0,0,0,2024-03-01 00:00:00
p_guzmuvmxwg,Heather Dark Orchid Short Sleeve Crew Neck T-Shirt,T-Shirts,0,0,0,2024-03-01 00:00:00
p_auux7guqn5,Sleeveless Muscle Tee | Active| Heather Forest,Athletic Tops,0,0,0,2024-03-01 00:00:00
p_wvdzacyaq8,Heather Garnet Short Sleeve Crew Neck T-Shirt,T-Shirts,0,0,3,2024-03-01 00:00:00
p_59st4ejx9g,Heather Graphite Short Sleeve Crew Neck T-Shirt,T-Shirts,0,0,7,2024-03-01 00:00:00
p_mkhh2ymk98,Heather Navy Active Comfort Crew Sweatshirt,Sweatshirt,0,0,0,2024-03-01 00:00:00
p_4tw7w4865y,Medium Gray Wash Slim Fit Comfort Jeans,Jeans,0,0,4,2024-03-01 00:00:00
p_u25kmysesj,Medium Gray Wash Straight Fit Comfort Jeans,Jeans,0,0,9,2024-03-01 00:00:00
p_yrp9cazs3k,Olive Long Sleeve Ripstop Commuter Shirt,Shirt,0,0,1,2024-03-01 00:00:00
p_vjj8djm98g,"Voyager 7"" 2-in-1 Training Short",Athletic Shorts,0,0,1,2024-03-01 00:00:00
p_ens5k22dee,Coaches Jacket | Black,Jacket,0,0,0,2024-03-01 00:00:00
p_krqrvpb5nk,Short Sleeve Sweater Polo Shirt | Black,Polos,0,0,4,2024-03-01 00:00:00
p_ezjsg82fk7,Garnet Short Sleeve Sweater Polo Shirt,Polos,0,0,0,2024-03-01 00:00:00
p_zfqbnz8zdc,Heather Gray Short Sleeve Sweater Polo,Polos,0,0,12,2024-03-01 00:00:00
p_rdac8nxqpc,Navy Short Sleeve Sweater Polo,Polos,0,0,2,2024-03-01 00:00:00
p_tdz6dj3k93,Charcoal Heather Gray Active Shell Jacket,Jacket,0,0,0,2024-03-01 00:00:00
p_ef9p26sqwv,Navy Coaches Jacket,Jacket,0,0,0,2024-03-01 00:00:00
p_gvy838kdy9,Long Sleeve Button Up Sweater Shirt | Black + Carbon,Button Down Shirts,0,0,1,2024-03-01 00:00:00
p_cpfjz5js6m,Light Heather Gray Quarter Zip Performance Shirt,Athletic Tops,0,0,1,2024-03-01 00:00:00
p_encznv79zd,Charcoal Heather Gray Loungewear Jogger,Sweatpants & Joggers,0,0,0,2024-03-01 00:00:00
p_uqg73gd526,Dark Olive Short Sleeve V-Neck T-Shirt,T-Shirts,0,0,0,2024-03-01 00:00:00
p_dd7ynwa46b,Military Green Coaches Jacket,Jacket,0,0,1,2024-03-01 00:00:00
p_pds624ht98,Ankle Socks | Active | 3-Pack | Black,Socks,0,0,0,2024-03-01 00:00:00
p_h9thpv33ux,Crew Socks | Active | 3-Pack | Black,Socks,0,0,0,2024-03-01 00:00:00
p_vm4udwbmec,Ankle Socks | 3-Pack | Black,Socks,0,0,0,2024-03-01 00:00:00
p_hv5d9t5gb4,Black Boxer Trunks 3-Pack,Underwear,5,1,2,2024-03-01 00:00:00
p_eg72spursx,Half Crew Sock | 3-Pack | Black,Socks,0,0,2,2024-03-01 00:00:00
p_m5nrytn7g3,Boxer Briefs | Logo | 3-Pack | Black,Underwear,0,0,1,2024-03-01 00:00:00
p_7rzxq9sd8n,Never Show Socks | 3-Pack | Black,Socks,0,0,0,2024-03-01 00:00:00
p_h644hfsgj7,Sweater Beanie | Black,Beanie,0,0,0,2024-03-01 00:00:00
p_k8j2vzha5p,Burgundy Boxer Briefs 3-Pack,Underwear,0,0,0,2024-03-01 00:00:00
p_rd96dkwsx6,Carbon Boxer Trunks 3-Pack,Underwear,0,0,2,2024-03-01 00:00:00
p_3zf2yh34hr,Dark Olive Short Sleeve Polo Shirt,Polos,0,0,3,2024-03-01 00:00:00
p_fcgghnz6fh,Evergreen Sweater Beanie,Beanie,0,0,0,2024-03-01 00:00:00
p_vxfj55w6ma,Heather Burgundy Short Sleeve Polo Shirt,Polos,0,0,1,2024-03-01 00:00:00
p_tpv8fcqeja,Heather Gray Active Ankle Socks 3-Pack,Socks,0,0,0,2024-03-01 00:00:00
p_y6cg76w8k6,Heather Gray Half Crew Sock 3-Pack,Socks,0,0,0,2024-03-01 00:00:00
p_sgut9a5tns,Light Heather Gray Polo,Polos,14,3,20,2024-03-01 00:00:00
p_r5xrp6kuxu,True Red Short Sleeve Polo Shirt,Polos,0,0,1,2024-03-01 00:00:00
p_x285vx432e,White Ankle Socks 3-Pack,Socks,0,0,0,2024-03-01 00:00:00
p_3aup7bbqg3,Carbon Tall Long Sleeve T-Shirt,Shirt,0,0,0,2024-03-01 00:00:00
p_mxpb4sqvry,Charcoal Heather Gray Short Sleeve Tall Crew,T-Shirts,0,0,1,2024-03-01 00:00:00
p_92fw37ajex,Heather Seafarer Short Sleeve Tall Crew,Shirt,0,0,3,2024-03-01 00:00:00
p_rhk5rdjr7y,Heather Voyager Short Sleeve Tall Crew,T-Shirts,0,0,0,2024-03-01 00:00:00
p_hz3svpszdm,Military Green Tall Long Sleeve T-Shirt,T-Shirts,0,0,0,2024-03-01 00:00:00
p_3xnj548f3x,Sapphire Short Sleeve Tall Crew,T-Shirts,0,0,2,2024-03-01 00:00:00
p_j9huduq2g2,White Tall Straight Hem Crew Neck T-Shirt,T-Shirts,0,0,7,2024-03-01 00:00:00
p_ct8bqyz5rd,Bomber Jacket | Black,Bomber Jackets,68,1,7,2024-03-01 00:00:00
p_26x46r3gh3,Carbon Short Sleeve Tall Polo Shirt,Polos,0,0,1,2024-03-01 00:00:00
p_uwgqdnnawm,Charcoal Heather Gray Short Sleeve Tall Polo Shirt,Polos,0,0,0,2024-03-01 00:00:00
p_awt8ehv6fc,Heather Gray Short Sleeve Tall Polo Shirt,Polos,0,0,1,2024-03-01 00:00:00
p_ug78456eub,Mahogany Fleece French Terry Pullover Hoodie,Hoodie,0,0,0,2024-03-01 00:00:00
p_3hycs4vyy4,Mahogany Fleece French Terry Zip Hoodie,Hoodie,0,0,1,2024-03-01 00:00:00
p_487dnzupxz,Military Green Short Sleeve Tall Polo Shirt,Polos,0,0,3,2024-03-01 00:00:00
p_haens7aj79,Sapphire Short Sleeve Tall Polo Shirt,Polos,0,0,2,2024-03-01 00:00:00
p_n7npmmnfq3,Bomber Jacket | Army Green,Bomber Jackets,0,0,1,2024-03-01 00:00:00
p_vhct7fnamt,Sweater Fleece Jacket | Black,Jacket,0,0,1,2024-03-01 00:00:00
p_qvxdc36tay,Carbon Bomber Jacket,Bomber Jackets,0,0,3,2024-03-01 00:00:00
p_ubarpzrdvd,Gray Sweater Fleece Jacket,Knit Sweaters,0,0,1,2024-03-01 00:00:00
p_25m5nqdhtq,Gunmetal Puffer Jacket,Puffer Jackets,0,0,1,2024-03-01 00:00:00
p_9nq4jjbkbr,Military Green Puffer Jacket,Puffer Jackets,0,0,1,2024-03-01 00:00:00
p_6svhrtmsn3,Navy Bomber Jacket,Bomber Jackets,0,0,4,2024-03-01 00:00:00
p_dwbw45rvge,Navy Hooded Puffer Jacket,Puffer Jackets,0,0,3,2024-03-01 00:00:00
p_4yh4m8q3v7,Navy Puffer Jacket,Puffer Jackets,0,0,1,2024-03-01 00:00:00
p_e6pz5d7uh9,Navy Sweater Fleece Jacket,Hoodie,0,0,1,2024-03-01 00:00:00
p_4xmfcxsvq4,Puffer Jacket | Hooded | Black,Puffer Jackets,0,0,0,2024-03-01 00:00:00
p_zrt8e4hahp,Chino Pants | Straight | Twill | Black,Pants,0,0,0,2024-03-01 00:00:00
p_6bppe3h2jj,Centurion Slim Twill Chino,Pants,0,0,0,2024-03-01 00:00:00
p_zd6gtes7qp,Centurion Straight Twill Chino,Pants,0,0,0,2024-03-01 00:00:00
p_ja9tudbs9q,Dark Oak Straight Twill Chino,Pants,0,0,1,2024-03-01 00:00:00
p_yqusyfjxtf,Gunmetal Hooded Puffer Jacket,Puffer Jackets,0,0,2,2024-03-01 00:00:00
p_kkdff6r47e,Meadow Slim Twill Chino,Pants,0,0,2,2024-03-01 00:00:00
p_rnmhwn9kcu,Navy Slim Twill Chino,Pants,0,0,2,2024-03-01 00:00:00
p_y5u5gs4evr,Navy Straight Twill Chino,Pants,0,0,3,2024-03-01 00:00:00
p_vqc6jejd69,Long Sleeve Button Up Shirt | Do-It-All Comfort | Black,Button Down Shirts,6,2,23,2024-03-01 00:00:00
p_p8ep2jre98,Hoodie | Active | Black,Hoodie,0,0,1,2024-03-01 00:00:00
p_vubwwnzvnt,Dark Heather Cadet Long Sleeve Active Crew Neck,T-Shirts,0,0,0,2024-03-01 00:00:00
p_e2426ac79u,Dark Heather Tempest Long Sleeve Active Crew Neck,Sweatshirt,0,0,0,2024-03-01 00:00:00
p_cjzvdmswjf,White Active Hoodie,Hoodie,0,0,0,2024-03-01 00:00:00
p_ncwnq5usm5,"Shorts | Active Training | 7"" | Slate Green",Athletic Shorts,0,0,0,2024-03-01 00:00:00
p_x443echvnq,"Chino Shorts | Comfort | 7"" | Military Green",Shorts,0,0,3,2024-03-01 00:00:00
p_qhjjf5kjgd,"Chino Shorts | Comfort | 7"" | Rosewood",Shorts,0,0,1,2024-03-01 00:00:00
p_f8rywmvjsy,"Chino Shorts | Comfort | 7"" | Sapphire",Shorts,0,0,0,2024-03-01 00:00:00
p_6kxr6rztwd,"Chino Shorts | Comfort | 7"" | Slate Green",Shorts,0,0,0,2024-03-01 00:00:00
p_56zbdasvhd,"Chino Shorts | Comfort | 9"" | Sapphire",Shorts,0,0,0,2024-03-01 00:00:00
p_xpmubyp2yg,"Chino Shorts | Comfort | 9"" | Slate Green",Shorts,0,0,1,2024-03-01 00:00:00
p_saytmbtmak,"Shorts | Classic Twill | 9"" | Black",Shorts,0,0,0,2024-03-01 00:00:00
p_aytxzkck8x,"Shorts | Classic Twill | 7"" | Black",Shorts,0,0,1,2024-03-01 00:00:00
p_fhdff8x3jt,"Shorts | Classic Twill | 7"" | Harbor",Shorts,0,0,0,2024-03-01 00:00:00
p_q2935cukf5,"Shorts | Classic Twill | 7"" | Khaki",Shorts,0,0,0,2024-03-01 00:00:00
p_qr5wafyaq4,"Shorts | Classic Twill | 7"" | Moss",Shorts,0,0,1,2024-03-01 00:00:00
p_j48puxsej5,"Shorts | Classic Twill | 7"" | Sandstone",Shorts,0,0,0,2024-03-01 00:00:00
p_b2wv3hqta7,"Shorts | Classic Twill | 9"" | Centurion",Shorts,0,0,0,2024-03-01 00:00:00
p_wungd9j4dh,"Shorts | Active Training | 7"" | Black",Shorts,0,0,0,2024-03-01 00:00:00
p_r9rn7a2dy5,"Shorts | Active Training | 7"" | Carbon",Shorts,0,0,0,2024-03-01 00:00:00
p_n9qtgjygdv,"Shorts | Active Training | 7"" | Sandstone",Athletic Shorts,0,0,0,2024-03-01 00:00:00
p_nu9kcajw2z,"Chino Shorts | Comfort | 7"" | Black",Shorts,0,0,0,2024-03-01 00:00:00
p_hmp7dkjce9,"Chino Shorts | Comfort | 7"" | Carbon",Shorts,0,0,2,2024-03-01 00:00:00
p_25upswaptj,"Chino Shorts | Comfort | 7"" | Khaki",Shorts,0,0,0,2024-03-01 00:00:00
p_kaq2j39v2p,"Chino Shorts | Comfort | 7"" | Navy",Shorts,0,0,0,2024-03-01 00:00:00
p_utfqrxy94f,Shorts | Commuter | Black,Shorts,0,0,0,2024-03-01 00:00:00
p_prrc5xwre5,Khaki Commuter Short,Shorts,0,0,2,2024-03-01 00:00:00
p_bj4epra3sv,Shorts | Fleece French Terry | Black,Shorts,0,0,0,2024-03-01 00:00:00
p_fvgyjfheyt,Sandstone Commuter Short,Shorts,0,0,0,2024-03-01 00:00:00
p_epuubwwz7s,Military Green Fleece French Terry Short,Shorts,0,0,0,2024-03-01 00:00:00
p_j4bf77xx5v,"Chino Shorts | Comfort | 9"" | Black",Shorts,6,1,3,2024-03-01 00:00:00
p_74gmgsy6yv,Navy Fleece French Terry Short,Shorts,0,0,0,2024-03-01 00:00:00
p_m5f29n89jy,"Chino Shorts | Comfort | 9"" | Carbon",Shorts,9,1,4,2024-03-01 00:00:00
p_47meu4bybx,"Chino Shorts | Comfort |  9"" | Ivory",Shorts,0,0,1,2024-03-01 00:00:00
p_5za8gj7unh,"Chino Shorts | Comfort | 9"" | Khaki",Shorts,6,1,3,2024-03-01 00:00:00
p_arxdch5qcv,"Chino Shorts | Comfort | 9"" | Military Green",Shorts,7,1,2,2024-03-01 00:00:00
p_en8vndps74,"Chino Shorts | Comfort | 9"" | Navy",Shorts,0,0,0,2024-03-01 00:00:00
p_rquj6mrdex,Dark Heather Navy Active Comfort Short,Shorts,0,0,0,2024-03-01 00:00:00
p_6ra9g27e7u,Burgundy Active Quick Dry Short with Liner,Swim Shorts,0,0,0,2024-03-01 00:00:00
p_5ek32kjgzp,Navy Active Quick Dry Short with Liner,Swim Shorts,0,0,0,2024-03-01 00:00:00
p_bp7w9cp3k9,Pants | Commuter | Black,Pants,0,0,1,2024-03-01 00:00:00
p_5p5sgcwp5f,"Shorts | Active Training | 7"" | Navy",Shorts,0,0,0,2024-03-01 00:00:00
p_47uf2puagk,"Shorts | Classic Twill | 7"" | Navy",Shorts,0,0,0,2024-03-01 00:00:00
p_9a5tjqerw5,"Shorts | Classic Twill | 9"" | Meadow",Shorts,0,0,0,2024-03-01 00:00:00
p_a69bzurkgs,Joggers | Active | Black,Sweatpants & Joggers,0,0,0,2024-03-01 00:00:00
p_2bkrkbfbk9,Classic Polarized Sunglasses | Black,Sunglasses,0,0,0,2024-03-01 00:00:00
p_vvkaza7v48,Long Sleeve Button Up Shirt | Commuter | Black,Button Down Shirts,0,0,0,2024-03-01 00:00:00
p_egq2tewvm7,Long Sleeve Henley | Black,T-Shirts,0,0,1,2024-03-01 00:00:00
p_yp2v99qxbf,Classic Polarized Sunglasses | Black Mirror,Sunglasses,0,0,0,2024-03-01 00:00:00
p_mef5fue56y,Dress Shirt | Lightweight Performance | Black,Button Down Shirts,0,0,0,2024-03-01 00:00:00
p_fpmkw85rke,Short Sleeve Polo Shirt | Black,Polos,0,0,1,2024-03-01 00:00:00
p_s7c853uk5c,Puffer Jacket | Black,Puffer Jackets,0,0,0,2024-03-01 00:00:00
p_8nhyuguh4z,Chino Pants | Slim | Twill | Black,Pants,2,2,2,2024-03-01 00:00:00
p_ka5fa3ne6y,Slippers | Black,Slippers,0,0,1,2024-03-01 00:00:00
p_6wnwzma24v,Long Sleeve Button Up Shirt | Stretch Oxford | Black,Button Down Shirts,0,0,0,2024-03-01 00:00:00
p_u3ffx96ehp,Short Sleeve T-Shirt | Tall | Active Crew Neck | Black,T-Shirts,0,0,0,2024-03-01 00:00:00
p_ufjg6nn927,Long Sleeve T-Shirt | Tall | Black,T-Shirts,0,0,0,2024-03-01 00:00:00
p_enhxmmv3xa,Polo Shirt | Tall | Black,Polos,0,0,0,2024-03-01 00:00:00
p_gqfhmx28rz,Blue Quartz Short Sleeve Crew Neck T-Shirt,T-Shirts,0,0,0,2024-03-01 00:00:00
p_6ccw4zmdj6,Bluestone Tall Round Hem Crew Neck T-Shirt,T-Shirts,0,0,0,2024-03-01 00:00:00
p_ryght7etrs,Bluestone V-Neck Short Sleeve T-Shirt,T-Shirts,0,0,0,2024-03-01 00:00:00
p_5q95b4bjyg,Burgundy Short Sleeve Crew Neck T-Shirt,T-Shirts,0,0,0,2024-03-01 00:00:00
p_2sxe2kvxmc,Burgundy Long Sleeve Crew Neck T-Shirt,T-Shirts,0,0,0,2024-03-01 00:00:00
p_srwzc2wwq6,Burgundy Long Sleeve Henley,T-Shirts,0,0,2,2024-03-01 00:00:00
p_8p9z2j6eqt,Burgundy Short Sleeve V-Neck T-Shirt,T-Shirts,0,0,0,2024-03-01 00:00:00
p_dnq23rfcgu,"Carbon 7"" 2-in-1 Training Short",Athletic Shorts,0,0,0,2024-03-01 00:00:00
p_9tz4xs4maw,Carbon Commuter Long Sleeve Button Up Shirt,Button Down Shirts,0,0,0,2024-03-01 00:00:00
p_82erf6xepz,Carbon Commuter Pant,Pants,0,0,0,2024-03-01 00:00:00
p_gxqdqumwae,Carbon Short Sleeve Crew Neck T-Shirt,T-Shirts,0,0,0,2024-03-01 00:00:00
p_nmb6y3r32b,Carbon Fleece French Terry Jogger,Sweatpants & Joggers,0,0,0,2024-03-01 00:00:00
p_mqhey6peq9,Carbon Fleece French Terry Pullover Crew Neck Sweatshirt,Sweatshirt,0,0,0,2024-03-01 00:00:00
p_pgvy4mwya6,Carbon Fleece French Terry Pullover Hoodie,Hoodie,0,0,0,2024-03-01 00:00:00
p_dcfsb4qj5s,Carbon Performance Lightweight Dress Shirt,Button Down Shirts,0,0,0,2024-03-01 00:00:00
p_q9e4tw2vgn,Carbon Tall Active Crew Neck T-Shirt,T-Shirts,0,0,0,2024-03-01 00:00:00
p_3mznzzvw2f,Carbon Tall Round Hem Crew Neck T-Shirt,T-Shirts,0,0,0,2024-03-01 00:00:00
p_fcv57d39m8,Carbon Short Sleeve V-Neck T-Shirt,T-Shirts,0,0,0,2024-03-01 00:00:00
p_n6hvkgussy,Carbon Waffle Hoodie,Hoodie,0,0,0,2024-03-01 00:00:00
p_yg5234hu8z,Centurion Short Sleeve Sweater Polo Shirt,Polos,0,0,0,2024-03-01 00:00:00
p_qcw7eb8td6,Charcoal Heather Active Comfort Full Zip Hoodie,Hoodie,0,0,0,2024-03-01 00:00:00
p_agkp4c43e4,Charcoal Heather Active Comfort Pullover Hoodie,Hoodie,0,0,0,2024-03-01 00:00:00
p_cn8axvjmp9,Charcoal Heather Gray Active Comfort Short,Athletic Shorts,0,0,0,2024-03-01 00:00:00
p_6c6nrcr2c3, Short Sleeve T-Shirt | Active Crew Neck | Charcoal Heather Gray,T-Shirts,0,0,0,2024-03-01 00:00:00
p_znfcswnte7,Charcoal Heather Gray Active Hoodie,Hoodie,0,0,0,2024-03-01 00:00:00
p_bdbtrvs35c,Charcoal Heather Gray Active Joggers,Sweatpants & Joggers,0,0,0,2024-03-01 00:00:00
p_pxnmvcumyj,Charcoal Heather Gray Do-It-All Comfort Long Sleeve Button Up Shirt,Button Down Shirts,0,0,0,2024-03-01 00:00:00
p_yra4pxjn2n,Charcoal Heather Gray Fleece French Terry Full Zip,Hoodie,0,0,0,2024-03-01 00:00:00
p_k727r3s7q8,Charcoal Heather Gray Fleece French Terry Jogger,Sweatpants & Joggers,0,0,0,2024-03-01 00:00:00
p_qsxubmrtfw,Long Sleeve Tee | Loungewear | Charcoal Heather Gray,T-Shirts,0,0,0,2024-03-01 00:00:00
p_hrqsaa2u6g,Charcoal Heather Gray Loungewear Pant,Pants,0,0,0,2024-03-01 00:00:00
p_z9gg92dcqx,Charcoal Heather Gray Short Sleeve Polo Shirt,Polos,0,0,0,2024-03-01 00:00:00
p_3shyn5zkky,Charcoal Heather Gray Tall Crew T-Shirt,T-Shirts,0,0,0,2024-03-01 00:00:00
p_mvqwbcmhah,Charcoal Heather Gray Tall Round Hem Crew Neck T-Shirt,T-Shirts,0,0,1,2024-03-01 00:00:00
p_yupfqc6yfm,Charcoal Heather Gray Short Sleeve V-Neck T-Shirt,T-Shirts,0,0,0,2024-03-01 00:00:00
p_6k245nh69q,Crimson Long Sleeve Crew Neck T-Shirt,T-Shirts,0,0,0,2024-03-01 00:00:00
p_rhxjthz5x8,Dark Heather Burgundy Active Comfort Short,Swim Shorts,0,0,0,2024-03-01 00:00:00
p_ucy8r4cqe3,Dark Heather Burgundy Active Joggers,Sweatpants & Joggers,0,0,0,2024-03-01 00:00:00
p_2eh6mejec7,Dark Heather Cadet Active Crew Neck T-Shirt,T-Shirts,0,0,0,2024-03-01 00:00:00
p_sfn5q4bv26,Dark Heather Cadet Short Sleeve Active Polo Shirt,Polos,1,1,1,2024-03-01 00:00:00
p_ncvpa3z4h7,Dark Heather Cadet Long Sleeve Active Crew Neck T-Shirt,T-Shirts,0,0,0,2024-03-01 00:00:00
p_6njreat3aq,Dark Heather Cocoa Active Crew Neck T-Shirt,T-Shirts,0,0,0,2024-03-01 00:00:00
p_mjrxd2wgtf,Dark Heather Cocoa Short Sleeve Active Polo Shirt,Polos,1,1,0,2024-03-01 00:00:00
p_zf9muhc3as,Dark Heather Indigo Active Comfort Short,Shorts,0,0,0,2024-03-01 00:00:00
p_x5p88uuzy5,Dark Heather Indigo Active Joggers,Sweatpants & Joggers,0,0,0,2024-03-01 00:00:00
p_npx42jpcmt,Dark Heather Military Green Active Comfort Short,Shorts,0,0,0,2024-03-01 00:00:00
p_9m3e7uj62s,Dark Heather Military Green Active Joggers,Sweatpants & Joggers,0,0,0,2024-03-01 00:00:00
p_t2tpzxuynp,Dark Heather Navy Active Joggers,Sweatpants & Joggers,0,0,0,2024-03-01 00:00:00
p_vybqnpjdfb,Dark Heather Tempest Active Crew Neck T-Shirt,T-Shirts,0,0,0,2024-03-01 00:00:00
p_gzgm33n9cz,Dark Heather Tempest Short Sleeve Active Polo Shirt,Polos,1,1,0,2024-03-01 00:00:00
p_sph8dsebwy,Dark Oak Fleece French Terry Pullover Crew Neck Sweatshirt,Sweatshirt,0,0,0,2024-03-01 00:00:00
p_zpj5m6rzbh,Dark Oak Fleece French Terry Pullover Hoodie,Hoodie,0,0,0,2024-03-01 00:00:00
p_bvsv82u2jt,Dark Oak Fleece French Terry Zip Hoodie,Hoodie,0,0,0,2024-03-01 00:00:00
p_xdyn8gxhhe,Dark Oak Long Sleeve Waffle Crew,Sweatshirt,0,0,0,2024-03-01 00:00:00
p_hvyht2dd2v,Dark Oak Slim Twill Chino Pant,Pants,0,0,1,2024-03-01 00:00:00
p_9mtccasba9,Dark Oak Waffle Hoodie,Hoodie,0,0,0,2024-03-01 00:00:00
p_2wxxfw7mca,Dark Olive Fleece Shacket,Shirt Jackets,0,0,0,2024-03-01 00:00:00
p_b3ppfm2vay,Dark Olive Long Sleeve Waffle Crew,Shirt,0,0,0,2024-03-01 00:00:00
p_a6yxedr8jx,Dark Purple Short Sleeve V-Neck T-Shirt ,T-Shirts,0,0,0,2024-03-01 00:00:00
p_zwwudtzed5,Deep Sea Blue Heather Active Hoodie,Hoodie,0,0,1,2024-03-01 00:00:00
p_9y7p8njxta,Deep Sea Blue Heather Active Long Sleeve Crew T-Shirt,T-Shirts,0,0,0,2024-03-01 00:00:00
p_wht3v5efkm,Deep Sea Blue Long Sleeve Waffle Crew,T-Shirts,0,0,0,2024-03-01 00:00:00
p_z7xekuufwm,Ecru Do-It-All Comfort Long Sleeve Button Up Shirt,Button Down Shirts,0,0,1,2024-03-01 00:00:00
p_kvuhf7884a,Electric Blue Short Sleeve Polo Shirt,Polos,0,0,1,2024-03-01 00:00:00
p_ysyjzgmtu6,Evergreen Heather Active Hoodie,Hoodie,0,0,0,2024-03-01 00:00:00
p_shc7xvk932,Evergreen Heather Active Long Sleeve Crew Neck T-Shirt,T-Shirts,0,0,0,2024-03-01 00:00:00
p_2d43kb3hj3,Evergreen Heather Long Sleeve Waffle Crew,Sweatshirt,0,0,0,2024-03-01 00:00:00
p_yszdpmgyju,Evergreen Sweater Scarf,Scarf,0,0,0,2024-03-01 00:00:00
p_ydptv6rbpw,Gradient Classic Polarized Sunglasses,Sunglasses,0,0,0,2024-03-01 00:00:00
p_3wdph5p4a5,Gunmetal Puffer Vest,Outerwear Vests,0,0,0,2024-03-01 00:00:00
p_2c7s8a7bmw,Heather Black Active Jogger,Sweatpants & Joggers,0,0,0,2024-03-01 00:00:00
p_dny6u2yy3n,Heather Burgundy Active Crew Neck T-Shirt,T-Shirts,0,0,0,2024-03-01 00:00:00
p_5a5sfcgqkq,Heather Burgundy Active Long Sleeve Crew Neck T-Shirt,T-Shirts,0,0,0,2024-03-01 00:00:00
p_ctw749pxad,Heather Burgundy Long Sleeve Crew Neck T-Shirt,T-Shirts,0,0,0,2024-03-01 00:00:00
p_pqwkc9p2hu,Heather Burgundy Short Sleeve Crew Neck T-Shirt,T-Shirts,0,0,0,2024-03-01 00:00:00
p_a2wcem7cms,Heather Burgundy Short Sleeve V-Neck T-Shirt,T-Shirts,0,0,0,2024-03-01 00:00:00
p_25hy766nzk,Heather Cayenne Short Sleeve Crew Neck T-Shirt,T-Shirts,0,0,0,2024-03-01 00:00:00
p_x7cgdhmyp3,Heather Navy Short Sleeve Polo Shirt,Polos,0,0,0,2024-03-01 00:00:00
p_2hkre8aznc,Military Green Tall Straight Hem Crew Neck T-Shirt,T-Shirts,0,0,0,2024-03-01 00:00:00
p_73kjt62een,Heather Cayenne Short Sleeve Polo Shirt,Polos,0,0,0,2024-03-01 00:00:00
p_dpgtwv5dut,Heather Cayenne Short Sleeve Tall Polo,Polos,0,0,0,2024-03-01 00:00:00
p_rpenkmstmg,Heather Centurion Active Crew Neck T-Shirt,T-Shirts,0,0,0,2024-03-01 00:00:00
p_kzqm93unyy,Heather Cocoa Active Crew Neck T-Shirt,T-Shirts,0,0,0,2024-03-01 00:00:00
p_rua2yj3jmt,Heather Dark Oak Crew Short Sleeve Neck T-Shirt,T-Shirts,0,0,0,2024-03-01 00:00:00
p_cve5gy56m8,Heather Dark Oak Short Sleeve V-Neck T-Shirt,T-Shirts,0,0,0,2024-03-01 00:00:00
p_cvrhss99ts,Heather Dark Orchid Short Sleeve V-Neck T-Shirt,Shirt,0,0,0,2024-03-01 00:00:00
p_y3r2ug2mpu,Heather Forest Active Crew Neck T-Shirt,T-Shirts,0,0,0,2024-03-01 00:00:00
p_h75hjs7973,Heather Forest Short Sleeve Active Polo Shirt,Polos,1,1,0,2024-03-01 00:00:00
p_x5pshyk4q9,Heather Graphite Short Sleeve Polo Shirt,Polos,0,0,0,2024-03-01 00:00:00
p_g4xkdswn5e,Heather Gray Active Comfort Short,Shorts,0,0,0,2024-03-01 00:00:00
p_9p8bns7rmp,Heather Gray Active Crew Socks 3-Pack,Socks,0,0,0,2024-03-01 00:00:00
p_bjecaeres5,Heather Gray Active Never Show Socks 3-Pack,Socks,0,0,0,2024-03-01 00:00:00
p_nw97q8x9x2,Heather Gray Ankle Socks 3-Pack,Socks,0,0,0,2024-03-01 00:00:00
p_n3jnq4u8q7,Heather Gray Crew Neck Sweater,Knit Sweaters,0,0,0,2024-03-01 00:00:00
p_gbh9ypmsjv,Heather Gray Do-It-All Comfort Long Sleeve Button Up Shirt,Button Down Shirts,0,0,0,2024-03-01 00:00:00
p_bz2jmxhgzb,Heather Gray Fleece French Terry Joggers,Sweatpants & Joggers,0,0,0,2024-03-01 00:00:00
p_dvj7aj4rxq,Heather Gray Fleece French Terry Pullover Crew Neck Sweatshirt,Sweatshirt,0,0,0,2024-03-01 00:00:00
p_ttdapkruav,Heather Gray Fleece French Terry Pullover Hoodie,Hoodie,0,0,0,2024-03-01 00:00:00
p_e3w27784ez,Heather Gray Long Sleeve Lightweight Flannel Shirt,Button Down Shirts,0,0,0,2024-03-01 00:00:00
p_7cvqeq727k,Heather Gray Long Sleeve Polo Shirt,Polos,0,0,0,2024-03-01 00:00:00
p_36tjt6cs8z,Heather Gray Pique Crew Sweater,Knit Sweaters,0,0,0,2024-03-01 00:00:00
p_mbdbf8ya5d,Heather Gray Sweater Long Sleeve Button Up Shirt,Button Down Shirts,2,2,2,2024-03-01 00:00:00
p_gzymf76rmw,Heather Navy Loungewear Jogger,Sweatpants & Joggers,0,0,0,2024-03-01 00:00:00
p_8nxyvmkrbc,Heather Navy Loungewear Pant,Pants,0,0,0,2024-03-01 00:00:00
p_yb98yp2sqv,Indigo Rinse Slim Authentic Stretch Jeans,Jeans,0,0,0,2024-03-01 00:00:00
p_juu2rq3qu8,Indigo Rinse Straight Authentic Stretch Jeans,Jeans,0,0,0,2024-03-01 00:00:00
p_jwjqtb338j,Khaki Comfort Chino Pants,Pants,0,0,0,2024-03-01 00:00:00
p_t83m3bqcj4,Khaki Commuter Pant,Pants,0,0,0,2024-03-01 00:00:00
p_spf5g5jf32,Khaki Slim Twill Chino,Pants,1,1,1,2024-03-01 00:00:00
p_jx3q5n329x,Khaki Straight Twill Chino,Pants,0,0,0,2024-03-01 00:00:00
p_rhugz6jch8,Light Indigo Wash Slim Authentic Stretch Jeans,Jeans,0,0,0,2024-03-01 00:00:00
p_katetzgtwe,Light Indigo Wash Straight Authentic Stretch Jeans,Jeans,0,0,0,2024-03-01 00:00:00
p_s57sjtnm4q,Meadow Straight Twill Chino,Pants,0,0,0,2024-03-01 00:00:00
p_d3c8r9bpvv,Medium Indigo Wash Slim Authentic Stretch Jeans,Jeans,0,0,1,2024-03-01 00:00:00
p_xgzt58skmg,Medium Indigo Wash Straight Authentic Stretch Jeans,Jeans,0,0,0,2024-03-01 00:00:00
p_egd9fym6xg,Navy Commuter Pant,Pants,0,0,0,2024-03-01 00:00:00
p_ymb5bq3vdv,Navy Fleece Shacket,Shirt Jackets,0,0,0,2024-03-01 00:00:00
p_accagka8uw,Reversible Dress Belt,Belt,0,0,0,2024-03-01 00:00:00
p_pjpnhtycns,Sandstone Commuter Pant,Pants,0,0,0,2024-03-01 00:00:00
p_dks9q92uqc,Heather Gray Tall Round Hem Crew Neck T-Shirt,T-Shirts,0,0,0,2024-03-01 00:00:00
p_udqn8s72v2,Navy Tall Round Hem Crew Neck T-Shirt,T-Shirts,0,0,0,2024-03-01 00:00:00
p_8y5vsf82td,Heather Emerald Short Sleeve Crew Neck T-Shirt,T-Shirts,0,0,0,2024-03-01 00:00:00
p_xqh3f9cwus,Heather Emerald Short Sleeve V-Neck T-Shirt,T-Shirts,0,0,0,2024-03-01 00:00:00
p_vst6extntp,Heather Gray Active Jogger,Sweatpants & Joggers,0,0,0,2024-03-01 00:00:00
p_75cz36rfz9,Heather Gray Sweater Hoodie,Hoodie,0,0,0,2024-03-01 00:00:00
p_6cj8gtxf2x,Heather Gray Tall Long Sleeve T-Shirt,Shirt,0,0,0,2024-03-01 00:00:00
p_34upddt2cp,Heather Gray Tall Straight Hem Crew Neck T-Shirt,T-Shirts,0,0,0,2024-03-01 00:00:00
p_behk4g2psv,Heather Gray Short Sleeve V-Neck T-Shirt,T-Shirts,0,0,0,2024-03-01 00:00:00
p_kgcgy98rwb,Heather Gray Waffle Hoodie,Hoodie,0,0,0,2024-03-01 00:00:00
p_6suxvjsvfc,Heather Indigo Tall Round Hem Crew Neck T-Shirt,T-Shirts,0,0,0,2024-03-01 00:00:00
p_jpmpa7s5yw,Heather Indigo Short Sleeve V-Neck T-Shirt,T-Shirts,0,0,0,2024-03-01 00:00:00
p_4pdddcg9t6,Heather Military Green Long Sleeve Crew T-Shirt,T-Shirts,1,1,1,2024-03-01 00:00:00
p_284qkebjr8,Heather Military Green Short Sleeve Polo Shirt,Polos,0,0,0,2024-03-01 00:00:00
p_tbp6wvu828,Heather Military Green Short Sleeve V-Neck T-Shirt,T-Shirts,0,0,0,2024-03-01 00:00:00
p_x8z28nbvwg,Heather Mist Short Sleeve Crew Neck T-Shirt,T-Shirts,0,0,0,2024-03-01 00:00:00
p_rejmm7td92,Heather Mist Short Sleeve V-Neck T-Shirt,T-Shirts,0,0,0,2024-03-01 00:00:00
p_6wj7x98tcn,Heather Navy Active Comfort Crew Sweatshirt,Sweatshirt,0,0,0,2024-03-01 00:00:00
p_mtqhyqahab,Heather Navy Active Comfort Pullover Hoodie,Hoodie,0,0,0,2024-03-01 00:00:00
p_bxnehsqcdv,Heather Navy Short Sleeve Active Polo Shirt,Polos,0,0,0,2024-03-01 00:00:00
p_7bmuq9q6qw,Heather Navy Long Sleeve Ripstop Commuter Shirt,Shirt,0,0,0,2024-03-01 00:00:00
p_g6dg3x3nta,Heather Navy Pique Crew Sweater,Knit Sweaters,0,0,0,2024-03-01 00:00:00
p_5gc6jyy4vw,Heather Navy Tall Round Hem Crew Neck T-Shirt,T-Shirts,0,0,0,2024-03-01 00:00:00
p_u4zzshtv4s,Heather Navy Short Sleeve V-Neck T-Shirt,Shirt,0,0,0,2024-03-01 00:00:00
p_7tce4kfut5,Heather Oatmeal Crew Neck Sweater,Knit Sweaters,0,0,0,2024-03-01 00:00:00
p_eyc8fnh7za,Heather Purple Short Sleeve Crew Neck T-Shirt,T-Shirts,0,0,0,2024-03-01 00:00:00
p_fzwwcz6x6s,Heather Sage Short Sleeve Crew Neck T-Shirt,T-Shirts,0,0,0,2024-03-01 00:00:00
p_xvg4py479t,Heather Sage V-Neck Short Sleeve T-Shirt,T-Shirts,0,0,0,2024-03-01 00:00:00
p_up97jdnnsw,Heather Sapphire Short Sleeve Crew Neck T-Shirt,T-Shirts,0,0,0,2024-03-01 00:00:00
p_84xru5kzx9,Heather Dusty Pink Short Sleeve Crew Neck T-Shirt,T-Shirts,0,0,0,2024-03-01 00:00:00
p_xrvchd55bc,Heather Military Green Short Sleeve Tall Crew,Screen Printed T-Shirts,0,0,0,2024-03-01 00:00:00
p_xqcme6qpqk,Heather Navy Active Comfort Full Zip Hoodie,Hoodie,0,0,0,2024-03-01 00:00:00
p_5f676x59tf,Long Sleeve Tee | Loungewear | Heather Navy,T-Shirts,0,0,0,2024-03-01 00:00:00
p_ztgcvk5gkn,Short Sleeve Tee | Loungewear | Heather Navy,T-Shirts,0,0,0,2024-03-01 00:00:00
p_spgwfvgehe,Heather Navy Sweater Long Sleeve Button Up Shirt,Button Down Shirts,0,0,0,2024-03-01 00:00:00
p_6mr5zpx479,Indigo Wash Straight Fit Comfort Jeans,Jeans,0,0,0,2024-03-01 00:00:00
p_5bvpjy99x9,Ivory Active Jacket,Jacket,0,0,0,2024-03-01 00:00:00
p_23ej4qec4x,Khaki Coaches Jacket,Jacket,0,0,0,2024-03-01 00:00:00
p_ukpa96wyhm,Light Gray Stretch Oxford Long Sleeve Button Up Shirt,Button Down Shirts,0,0,0,2024-03-01 00:00:00
p_mzcrkdhuvj,Light Heather Gray Tall Round Hem Crew Neck T-Shirt,T-Shirts,0,0,0,2024-03-01 00:00:00
p_f7jft6kfqg,Light Indigo Wash Long Sleeve Chambray Shirt,Shirt,0,0,0,2024-03-01 00:00:00
p_ae6rxxhgmc,Medium Indigo Wash Long Sleeve Chambray Shirt,Shirt,0,0,0,2024-03-01 00:00:00
p_4axmubbqfb,Medium Indigo Wash Slim Fit Comfort Jeans,Jeans,0,0,0,2024-03-01 00:00:00
p_6b6wk8uxa6,Military Green Comfort Chino Pants,Pants,2,2,5,2024-03-01 00:00:00
p_ewa8pkqm8u,Military Green Fleece French Terry Jogger,Sweatpants & Joggers,0,0,0,2024-03-01 00:00:00
p_9fu3j9tbue,Military Green Tall Round Hem Crew Neck T-Shirt,T-Shirts,0,0,0,2024-03-01 00:00:00
p_26dpvscejy,Navy Comfort Chino Pants,Pants,1,1,1,2024-03-01 00:00:00
p_gqs2hwpkjy,Navy Commuter Long Sleeve Button Up Shirt,Shirt,0,0,0,2024-03-01 00:00:00
p_e58dmnpc9e,Navy Fleece French Terry Jogger,Sweatpants & Joggers,0,0,0,2024-03-01 00:00:00
p_r3gbt3j2kw,Navy Long Sleeve Button Up Shirt,Shirt,0,0,0,2024-03-01 00:00:00
p_byy2kmxasx,Navy Long Sleeve Lightweight Flannel Shirt,Shirt,0,0,0,2024-03-01 00:00:00
p_dr2dsqwwjd,Navy Performance Lightweight Dress Shirt,Button Down Shirts,0,0,0,2024-03-01 00:00:00
p_2d9wqf9yrd,Navy Puffer Vest,Outerwear Vests,0,0,0,2024-03-01 00:00:00
p_m753ak35t9,Navy Stretch Oxford Long Sleeve Button Up Shirt,Shirt,0,0,0,2024-03-01 00:00:00
p_wzprzguypw,Sandstone Comfort Chino Pants,Pants,1,1,1,2024-03-01 00:00:00
p_fyejvaduhb,Stone Blue Active Jogger,Sweatpants & Joggers,0,0,0,2024-03-01 00:00:00
p_gv8hh5kma3,Stone Stretch Oxford Long Sleeve Button Up Shirt,Button Down Shirts,0,0,0,2024-03-01 00:00:00
p_9absn9mpzt,Suede Brown Comfort Chino Pant,Pants,0,0,1,2024-03-01 00:00:00
p_f3zjdpjr6y,White Active Ankle Socks 3-Pack,Socks,0,0,0,2024-03-01 00:00:00
p_vdzeqmc9rs,White Active Crew Socks 3-Pack,Socks,0,0,0,2024-03-01 00:00:00
p_u9kx69bqms,White Active Never Show Socks 3-Pack,Socks,0,0,0,2024-03-01 00:00:00
p_jybua995rp,White Long Sleeve Button Up Shirt,Button Down Shirts,0,0,0,2024-03-01 00:00:00
p_yabrk8yt6y,White Commuter Long Sleeve Button Up Shirt,Button Down Shirts,0,0,0,2024-03-01 00:00:00
p_jc3jqkdafw,White Commuter Short Sleeve Button Up,Button Down Shirts,0,0,0,2024-03-01 00:00:00
p_hvfwhakq9c,White Performance Lightweight Dress Shirt,Button Down Shirts,0,0,0,2024-03-01 00:00:00
p_btfq53bzn6,White Short Sleeve Active Polo Shirt,Polos,0,0,0,2024-03-01 00:00:00
p_p42j2ebh8r,White Short Sleeve Button Up Shirt,Shirt,0,0,0,2024-03-01 00:00:00
p_xug2xuwpqn,White Stretch Oxford Long Sleeve Button Up Shirt,Shirt,0,0,0,2024-03-01 00:00:00
p_2xrckgaktx,White Tall Round Hem Crew Neck T-Shirt,T-Shirts,0,0,2,2024-03-01 00:00:00
p_p29249kscd,White Waffle Hoodie,Hoodie,0,0,0,2024-03-01 00:00:00
p_395td7np9f,Heather Military Green Short Sleeve Tall Polo Shirt,Polos,0,0,0,2024-03-01 00:00:00
p_tmjb73g498,Heather Navy Short Sleeve Tall Polo Shirt,Polos,0,0,0,2024-03-01 00:00:00
p_p7dtyf9kd8,Heather Pale Blue Short Sleeve V-Neck T-Shirt,T-Shirts,0,0,0,2024-03-01 00:00:00
p_3fgxkpaxye,Heather Seafarer Short Sleeve Polo Shirt,Polos,0,0,0,2024-03-01 00:00:00
p_jre675wesy,Heather Seafarer Short Sleeve Tall Polo Shirt,Polos,0,0,0,2024-03-01 00:00:00
p_mqgpa9st88,Heather Sapphire Short Sleeve V-Neck T-Shirt,T-Shirts,0,0,0,2024-03-01 00:00:00
p_vaexg8brvb,Heather Navy Short Sleeve Tall Crew,T-Shirts,0,0,0,2024-03-01 00:00:00
p_dqknx7njuf,Heather Slate Green Short Sleeve Polo Shirt,Polos,0,0,0,2024-03-01 00:00:00
p_zscv6ea69y,Heather Voyager Short Sleeve Crew Neck T-Shirt,T-Shirts,0,0,0,2024-03-01 00:00:00
p_jzwpw7njj6,Heather Voyager Short Sleeve Polo Shirt,Polos,0,0,0,2024-03-01 00:00:00
p_6e9uas44v6,Heather Voyager Short Sleeve V-Neck T-Shirt,T-Shirts,0,0,0,2024-03-01 00:00:00
p_28xdw49sqx,Indigo Short Sleeve Crew Neck T-Shirt,T-Shirts,0,0,0,2024-03-01 00:00:00
p_79pyfxzssb,Indigo Short Sleeve V-Neck T-Shirt,T-Shirts,0,0,0,2024-03-01 00:00:00
p_cje82wcjgv,Iron Gray Active Crew Neck T-Shirt,T-Shirts,0,0,0,2024-03-01 00:00:00
p_42exp9424a,Light Heather Gray Active Crew Neck T-Shirt,T-Shirts,0,0,0,2024-03-01 00:00:00
p_8v2uvftad7,Light Heather Gray Short Sleeve Crew Neck T-Shirt,T-Shirts,0,0,0,2024-03-01 00:00:00
p_39k28x38p7,Light Heather Gray Short Sleeve Polo Shirt,Polos,1,1,0,2024-03-01 00:00:00
p_cgxstjpjhj,Light Khaki Short Sleeve Crew Neck T-Shirt,T-Shirts,0,0,0,2024-03-01 00:00:00
p_4rudftw6u6,Lilac Gray Short Sleeve V-Neck T-Shirt,T-Shirts,0,0,0,2024-03-01 00:00:00
p_zymrwj8fj9,Mahogany Short Sleeve Crew Neck T-Shirt,T-Shirts,0,0,0,2024-03-01 00:00:00
p_6b99p4bqsk,Mahogany Short Sleeve Polo Shirt,Polos,0,0,0,2024-03-01 00:00:00
p_tgudk6vxpb,Military Beige Short Sleeve V-Neck T-Shirt,T-Shirts,0,0,0,2024-03-01 00:00:00
p_cbxu2v3ntm,Military Green Short Sleeve Active Crew Neck T-Shirt,T-Shirts,0,0,0,2024-03-01 00:00:00
p_j9ak85wp57,Military Green Active Quick Dry Short with Liner,Shorts,0,0,1,2024-03-01 00:00:00
p_tfc9aqbuz4,Military Green Short Sleeve Crew Neck T-Shirt,T-Shirts,0,0,0,2024-03-01 00:00:00
p_ch6qn6a8en,Military Green Short Sleeve V-Neck T-Shirt,T-Shirts,0,0,0,2024-03-01 00:00:00
p_t4px9w63de,Navy Short Sleeve Crew Neck T-Shirt,T-Shirts,0,0,0,2024-03-01 00:00:00
p_cty4s4ehz9,Orange Short Sleeve V-Neck T-Shirt,T-Shirts,0,0,0,2024-03-01 00:00:00
p_wc3k5eupk3,Oxford Blue Short Sleeve V-Neck T-Shirt,T-Shirts,0,0,0,2024-03-01 00:00:00
p_zc2fube8nb,Periwinkle Blue Short Sleeve Polo Shirt,Polos,0,0,0,2024-03-01 00:00:00
p_hed6qt6arh,Raspberry Short Sleeve Polo Shirt,Polos,0,0,0,2024-03-01 00:00:00
p_uwx92gahmk,Mahogany Long Sleeve Henley,T-Shirts,0,0,2,2024-03-01 00:00:00
p_mdphbu2y54,Indigo Long Sleeve T-Shirt,T-Shirts,0,0,0,2024-03-01 00:00:00
p_vhh2e6dge7,Mellow Yellow Short Sleeve Crew Neck T-Shirt,T-Shirts,0,0,0,2024-03-01 00:00:00
p_w24fe8f3xz,Mellow Yellow Short Sleeve V-Neck T-Shirt,T-Shirts,0,0,0,2024-03-01 00:00:00
p_77barf9kfn,Mahogany Long Sleeve Waffle Crew,Sweatshirt,0,0,0,2024-03-01 00:00:00
p_624s29xq4x,Sweater Scarf | Black,Scarf,0,0,0,2024-03-01 00:00:00
p_c4xj5zhjn2,Heather Navy Sweater Button Up Shirt,Button Down Shirts,0,0,0,2024-03-01 00:00:00
p_qek9etj5vj,Heather Voyager Short Sleeve Crew Neck T-Shirt,Shirt,0,0,0,2024-03-01 00:00:00
p_u9qz9yabud,Indigo Wash Slim Fit Comfort Jeans,Jeans,0,0,0,2024-03-01 00:00:00
p_h5b94d3deu,Centurion Short Sleeve Sweater Polo,Polos,0,0,0,2024-03-01 00:00:00
p_erspmns4ce,Heather Seafarer Short Sleeve V-Neck Neck T-Shirt,Shirt,0,0,0,2024-03-01 00:00:00
p_q4h28hmd8q,Never Show Socks | Active | 3-Pack | Black,Socks,0,0,0,2024-03-01 00:00:00
p_aj2ry7xdv9,"Chino Shorts | Comfort | 7"" | Rosewood",Shorts,0,0,0,2024-03-01 00:00:00
p_9y7cp9jumm,"Shorts | Classic Twill | 9"" | Sandstone",Shorts,0,0,0,2024-03-01 00:00:00
p_3pskc4cwbp,"Shorts | Classic Twill | 9"" Khaki",Shorts,0,0,0,2024-03-01 00:00:00
p_6bn53rdnz2,"Shorts | Classic Twill | 9"" | Navy",Shorts,0,0,0,2024-03-01 00:00:00
p_h4877neu4n,Sandstone Commuter Short,Shorts,0,0,0,2024-03-01 00:00:00
p_xsbj94sm6q,Heather Gray Fleece French Terry Short,Shorts,0,0,0,2024-03-01 00:00:00
p_jqam2z9s7w,"Chino Shorts | Comfort | 9"" | Ivory",Shorts,0,0,0,2024-03-01 00:00:00
p_kvcynwabcy,"Chino Shorts | Comfort | 9"" | Sandstone",Shorts,0,0,0,2024-03-01 00:00:00
p_7y7ms9wtr4,Shorts | Active Comfort | Black,Shorts,0,0,0,2024-03-01 00:00:00
p_r5du83g9df,Shorts | Active | Quick Dry with Liner | Black,Swim Shorts,0,0,0,2024-03-01 00:00:00
p_7pvp4dcq5n,Carbon Active Quick Dry Short with Liner,Swim Shorts,0,0,0,2024-03-01 00:00:00
p_gmhetj6qvj,Long Sleeve Button Up Shirt | Stretch Oxford | Banker Blue,Button Down Shirts,0,0,0,2024-03-01 00:00:00
p_8q3s9r6qwu,Hoodie | Active Comfort | Full Zip | Black,Hoodie,0,0,0,2024-03-01 00:00:00
p_fc9era585c,Jacket | Active | Black,Athletic Jackets,0,0,0,2024-03-01 00:00:00
p_m26ckp2n6s,Black Tall Round Hem Crew Neck T-Shirt,T-Shirts,0,0,0,2024-03-01 00:00:00
p_cfg5xu3gvw,Dark Olive Short Sleeve Crew Neck T-Shirt,T-Shirts,0,0,0,2024-03-01 00:00:00
p_yhput7au44,Dark Olive Long Sleeve Henley,T-Shirts,0,0,1,2024-03-01 00:00:00
p_ez9ax3esv6,Emerald Long Sleeve Crew Neck T-Shirt,T-Shirts,0,0,0,2024-03-01 00:00:00
p_8vx6ygsmsd,Heather Gray Hooded Long Sleeve T-Shirt,Hoodie,0,0,0,2024-03-01 00:00:00
p_23ubcbvz89,Heather Gray Never Show Socks 3-Pack,Socks,0,0,0,2024-03-01 00:00:00
p_pz6x448p9t,Heather Gray Short Sleeve Sweater Polo Shirt,Knit Tops,0,0,0,2024-03-01 00:00:00
p_jg78h55jmw,Heather Gray Sweater Beanie,Beanie,0,0,1,2024-03-01 00:00:00
p_w7ysprckp8,Heather Navy Active Comfort Straight Leg Pant,Sweatpants & Joggers,0,0,0,2024-03-01 00:00:00
p_8nnyqj3ewe,Heather Emerald Tall Round Hem Crew Neck T-Shirt,T-Shirts,0,0,0,2024-03-01 00:00:00
p_ttezb89gxf,Heather Mauve Short Sleeve Crew Neck T-Shirt,T-Shirts,0,0,0,2024-03-01 00:00:00
p_qtjb9pcnn3,Heather Navy Active Shell Jacket,Jacket,0,0,0,2024-03-01 00:00:00
p_f92h3kv2cv,Heather Pale Blue Short Sleeve Crew Neck T-Shirt,T-Shirts,0,0,0,2024-03-01 00:00:00
p_vjgaj8nyrd,Heather Gray Sweater Scarf,Scarf,0,0,0,2024-03-01 00:00:00
p_dy7mjs4bpm,Sleeveless Muscle Tee | Active | Light Heather Gray,Tank Top,0,0,0,2024-03-01 00:00:00
p_6sdgsje2m3,Mahogany Fleece French Terry Jogger,Sweatpants & Joggers,0,0,0,2024-03-01 00:00:00
p_xfct3t2vkk,Mahogany Waffle Hoodie,Hoodie,0,0,0,2024-03-01 00:00:00
p_wtnvenruq9,Medium indigo Wash Straight Fit Comfort Jeans,Jeans,0,0,0,2024-03-01 00:00:00
p_v8pfb5wryd,Military Green Waffle Hoodie,Hoodie,0,0,0,2024-03-01 00:00:00
p_x525p5gyt4,Moss Short Sleeve Sweater Polo Shirt,T-Shirts,0,0,0,2024-03-01 00:00:00
p_t58yx24wsb,Navy Hooded Long Sleeve T-Shirt,Sweatshirt,0,0,0,2024-03-01 00:00:00
p_msfd479sz8,Navy Short Sleeve Button Up Shirt,Shirt,0,0,0,2024-03-01 00:00:00
p_mau5qbhasg,Navy Short Sleeve Sweater Polo Shirt,Knit Sweaters,0,0,0,2024-03-01 00:00:00
p_kccxqadagn,Navy Waffle Hoodie,Hoodie,0,0,0,2024-03-01 00:00:00
p_dbg2vhd8gn,Navy Waffle Long Sleeve Crew Neck,Sweatshirt,0,0,0,2024-03-01 00:00:00
p_7kzk6kwsxk,Oatmeal Sweater Hoodie,Hoodie,0,0,0,2024-03-01 00:00:00
p_xhubfpt2bh,Olive Long Sleeve Ripstop Commuter Shirt,Shirt,0,0,0,2024-03-01 00:00:00
p_29wrd4wkfa,Pale Blue Button Up Shirt,Button Down Shirts,0,0,0,2024-03-01 00:00:00
p_u2rhgedcvp,White Long Sleeve Polo Shirt,Polos,0,0,0,2024-03-01 00:00:00
p_5e7t6v6gv8,Heather Sapphire Short Sleeve V-Neck T-Shirt,T-Shirts,0,0,0,2024-03-01 00:00:00
p_wctjf5cy38,Heather Seafarer Short Sleeve Crew Neck T-Shirt,T-Shirts,0,0,1,2024-03-01 00:00:00
p_dxzcer2fk8,Heather Slate Green Short Sleeve Crew Neck T-Shirt,T-Shirts,0,0,0,2024-03-01 00:00:00
p_dbcpnaxxzz,Navy Boxer Briefs 3-Pack,Underwear,0,0,0,2024-03-01 00:00:00
p_4juc2hdg85,Navy Tall Straight Hem Crew Neck T-Shirt,T-Shirts,0,0,0,2024-03-01 00:00:00
p_drc7rrjfsv,Mahogany Long Sleeve T-Shirt,Shirt,0,0,0,2024-03-01 00:00:00
p_rpcku7uhxu,Mahogany Short Sleeve V-Neck T-Shirt,T-Shirts,0,0,0,2024-03-01 00:00:00
p_jj6vbqjbcj,Navy Boxer Trunks 3-Pack,Underwear,0,0,0,2024-03-01 00:00:00
p_zm5cpgbxrk,Sapphire Short Sleeve Crew Neck T-Shirt,T-Shirts,0,0,0,2024-03-01 00:00:00
p_npv4nzv5x2,Sapphire Short Sleeve Polo Shirt,Polos,0,0,0,2024-03-01 00:00:00
p_ps2ys9u9da,Short Sleeve T-Shirt | Crew Neck | Steel,T-Shirts,0,0,0,2024-03-01 00:00:00
p_wue6hk6hmr,Short Sleeve T-Shirt | V-Neck | Steel,T-Shirts,0,0,2,2024-03-01 00:00:00
p_avsdr3kjaw,Military Green Boxer Briefs 3-Pack,Underwear,0,0,0,2024-03-01 00:00:00
p_9xxg4dd5wv,Navy Tall Long Sleeve T-Shirt,Shirt,0,0,0,2024-03-01 00:00:00
p_4qvba3a9f7,Off White Short Sleeve Crew Neck T-Shirt,T-Shirts,2,1,2,2024-03-01 00:00:00
p_rh632vzkvf,Raspberry Short Sleeve Crew Neck T-Shirt,T-Shirts,0,0,0,2024-03-01 00:00:00
p_jgnjyyepyv,White Short Sleeve Crew Neck T-Shirt,T-Shirts,0,0,0,2024-03-01 00:00:00
p_2nzpxxx9qd,White Tall Long Sleeve T-Shirt,T-Shirts,0,0,1,2024-03-01 00:00:00
p_fsr8s5rfne,Navy Tall Active Crew Neck,T-Shirts,0,0,0,2024-03-01 00:00:00
p_xzhwz3h8uh,Heather Light Khaki Crew Neck,Sweatshirt,0,0,0,2024-03-01 00:00:00
p_g2f7b4qvq8,Kelly Green Short Sleeve Crew Neck T-Shirt,T-Shirts,0,0,0,2024-03-01 00:00:00
p_jdmt24d7hn,Pale Blue Short Sleeve Crew Neck T-Shirt,T-Shirts,0,0,1,2024-03-01 00:00:00
p_xx645fy2er,Pink Opal Short Sleeve Crew Neck T-Shirt,T-Shirts,0,0,0,2024-03-01 00:00:00
p_m9zcd62yqy,Sandstone Short Sleeve Crew Neck T-Shirt,T-Shirts,0,0,0,2024-03-01 00:00:00
p_4m97kku3wq,Tan 499 Short Sleeve Crew Neck T-Shirt,T-Shirts,0,0,0,2024-03-01 00:00:00
p_6q2v79acx5,Light Blue Short Sleeve V-Neck T-Shirt,T-Shirts,0,0,0,2024-03-01 00:00:00
p_ce7amvu2k2,Light Heather Short Sleeve Gray V-Neck T-Shirt,T-Shirts,0,0,0,2024-03-01 00:00:00
p_ar4zzgjk5p,Periwinkle Blue Short Sleeve Crew Neck T-Shirt,T-Shirts,0,0,0,2024-03-01 00:00:00
p_e34ttzx6kf,True Red Short Sleeve Crew Neck T-Shirt,T-Shirts,0,0,0,2024-03-01 00:00:00
p_qsrzg2ce35,Turquoise Short Sleeve Crew Neck T-Shirt,T-Shirts,0,0,1,2024-03-01 00:00:00
p_bg7f7edphc,Stone Blue Active Comfort Short,Shorts,0,0,0,2024-03-01 00:00:00
p_ka34xhhhr8,Indigo Boxer Briefs 3-Pack,Underwear,0,0,0,2024-03-01 00:00:00
p_axzk47pvme,Teal Boxer Briefs 3-Pack,Underwear,0,0,0,2024-03-01 00:00:00
p_cnrb9yncvy,White Half Crew Sock 3-Pack,Socks,0,0,0,2024-03-01 00:00:00
p_pkqtyg3hqm,White Never Show Socks 3-Pack,Socks,0,0,0,2024-03-01 00:00:00
p_8q6fwp8wgq,Yellow Short Sleeve Polo Shirt,Polos,0,0,0,2024-03-01 00:00:00
p_8497zwuxp3,Mahogany Fleece French Terry Pullover Crew Sweatshirt,Sweatshirt,0,0,0,2024-03-01 00:00:00
p_dcqnnrpypu,Long Sleeve Tee And Jogger Set | Loungewear | Charcoal Heather Gray,Sweatshirt,0,0,0,2024-03-01 00:00:00
p_cc9s42vn4x,Short Sleeve Tee And Pant Set | Loungewear | Charcoal Heather Gray,Sweatpants & Joggers,0,0,0,2024-03-01 00:00:00
p_zwuqmdbfnt,Charcoal Heather Gray Short Sleeve Tall Active Crew Neck,T-Shirts,0,0,0,2024-03-01 00:00:00
p_un65wg283k,Long Sleeve Tee And Jogger Set | Loungewear | Heather Navy,Sweatshirt,0,0,0,2024-03-01 00:00:00
p_pqxd5rn6d9,Short Sleeve Tee And Pant Set | Loungewear | Heather Navy,Lounge Sweatpants & Joggers,0,0,0,2024-03-01 00:00:00
p_pznn6yemfk,Heather Navy Quarter Zip Performance Shirt,Athletic Tops,0,0,0,2024-03-01 00:00:00
p_f8nexh4476,Heather Navy Short Sleeve Tall Active Crew Neck,T-Shirts,0,0,0,2024-03-01 00:00:00
p_v4vw7cyjx6,White Short Sleeve Tall Active Crew Neck,T-Shirts,0,0,0,2024-03-01 00:00:00
p_fbcq86jv23,Heather Dusty Pink Short Sleeve V-Neck T-Shirt,T-Shirts,0,0,0,2024-03-01 00:00:00
p_d47n8u8fab,Black Long Sleeve Henley,Shirt,0,0,0,2024-03-01 00:00:00
p_7ekanr458k,Heather Burgundy Active Crew Neck T-Shirt,Shirt,0,0,1,2024-03-01 00:00:00
p_adhb2jnwk7,Military Green Tall Straight Hem Crew Neck T-Shirt,T-Shirts,0,0,2,2024-03-01 00:00:00
p_4xegh3d2dq,White Short Sleeve Active Polo Shirt,Polos,0,0,1,2024-03-01 00:00:00
p_jgj485u9gx,Heather Gray Hooded Long Sleeve T-Shirt,Hoodie,0,0,8,2024-03-01 00:00:00
p_5uvd4uv28m,Mahogany Waffle Hoodie,Hoodie,0,0,0,2024-03-01 00:00:00
p_qh5ucmcku5,Military Green Waffle Hoodie,Hoodie,0,0,3,2024-03-01 00:00:00
p_wrcbv4f2uu,Navy Hooded Long Sleeve T-Shirt,Sweatshirt,0,0,0,2024-03-01 00:00:00
p_3rcm54jqbs,Navy Waffle Hoodie,Hoodie,0,0,2,2024-03-01 00:00:00
p_vjd833ph3z,White Waffle Hoodie,Hoodie,0,0,1,2024-03-01 00:00:00
p_5uapency29,Navy Waffle Long Sleeve Crew Neck,Sweatshirt,0,0,0,2024-03-01 00:00:00
p_4ssfur9upr,Pale Blue Button Up Shirt,Button Down Shirts,0,0,5,2024-03-01 00:00:00
p_u9t2zm725p,Short Sleeve Active Polo Shirt | Black,Polos,9,2,10,2024-03-01 00:00:00
p_mnk33hmpwg,White Short Sleeve Active Polo,Polos,2,1,8,2024-03-01 00:00:00
p_ch7bwuavhv,Heather Gray Sweater Scarf,Scarf,0,0,0,2024-03-01 00:00:00
p_5crt48k7v7,Navy Short Sleeve Button Up Shirt,Shirt,0,0,1,2024-03-01 00:00:00
p_r6t642amsw,White Short Sleeve Button Up Shirt,Shirt,3,2,3,2024-03-01 00:00:00
p_pzx9wvv4qb,Heather Mauve Short Sleeve Crew Neck T-Shirt,T-Shirts,5,1,8,2024-03-01 00:00:00
p_tvdv27amhe,Heather Navy Active Comfort Straight Leg Pant,Sweatpants & Joggers,0,0,1,2024-03-01 00:00:00
p_2rhbv3znrg,Heather Navy Active Shell Jacket,Jacket,0,0,0,2024-03-01 00:00:00
p_ne28r8hbv2,Heather Seafarer Short Sleeve Crew Neck T-Shirt,T-Shirts,4,1,8,2024-03-01 00:00:00
p_yxq99tj7cv,Heather Slate Green Short Sleeve Crew Neck T-Shirt,Shirt,4,1,4,2024-03-01 00:00:00
p_2mwcc7hpkx,Light Heather Gray Sleeveless Active Muscle Tee,Tank Top,0,0,3,2024-03-01 00:00:00
p_cyyubbh7u4,Mahogany Fleece French Terry Jogger,Sweatpants & Joggers,0,0,0,2024-03-01 00:00:00
p_fqsqmarq3k,Mahogany Long Sleeve T-Shirt,Shirt,0,0,0,2024-03-01 00:00:00
p_r6f5ekuzmt,Mahogany V-Neck T-Shirt,Shirt,0,0,0,2024-03-01 00:00:00
p_zm7a3rkwma,Navy Tall Straight Hem Crew Neck T-Shirt,T-Shirts,0,0,1,2024-03-01 00:00:00
p_qktubda8xw,Heather Sapphire Short Sleeve V-Neck T-Shirt,T-Shirts,8,1,2,2024-03-01 00:00:00
p_bpux6v6hy3,Moss Short Sleeve Sweater Polo Shirt,T-Shirts,0,0,2,2024-03-01 00:00:00
p_x53atty9z2,Steel Short Sleeve V-Neck T-Shirt,T-Shirts,0,0,1,2024-03-01 00:00:00
p_55tcz9qg6f,Black Boxer Briefs 3-Pack,Underwear,0,0,0,2024-03-01 00:00:00
p_3t9x6drd9q,Never Show Socks | 3-Pack | Black,Socks,1,1,1,2024-03-01 00:00:00
p_9u87cuwg9k,Carbon Boxer Briefs 3-Pack,Underwear,0,0,8,2024-03-01 00:00:00
p_wuqcj8q3tb,Heather Gray Never Show Socks 3-Pack,Socks,0,0,0,2024-03-01 00:00:00
p_hj4kerceu3,Heather Gray Sweater Beanie,Beanie,0,0,0,2024-03-01 00:00:00
p_zkfhub8juv,Indigo Boxer Briefs 3-Pack,Underwear,0,0,3,2024-03-01 00:00:00
p_gky7ujn5kk,Military Green Boxer Briefs 3-Pack,Underwear,0,0,1,2024-03-01 00:00:00
p_hcstkqf7xs,Navy Boxer Briefs 3-Pack,Underwear,0,0,0,2024-03-01 00:00:00
p_vvxrx4e62u,Navy Boxer Trunks 3-Pack,Underwear,0,0,0,2024-03-01 00:00:00
p_ebtxk5mjkc,Teal Boxer Briefs 3-Pack,Underwear,0,0,1,2024-03-01 00:00:00
p_n52bwwvypc,White Active Crew Socks 3-Pack,Socks,0,0,1,2024-03-01 00:00:00
p_ngty2gftav,White Active Never Show Socks 3-Pack,Socks,0,0,1,2024-03-01 00:00:00
p_kdjpvxj7fs,White Half Crew Sock 3-Pack,Socks,0,0,3,2024-03-01 00:00:00
p_yefeaupknw,White Never Show Socks 3-Pack,Socks,0,0,0,2024-03-01 00:00:00
p_39acmqrp48,White Never Show Socks 3-Pack,Socks,0,0,0,2024-03-01 00:00:00
p_ntuxn2s2c5,Yellow Polo,Polos,0,0,6,2024-03-01 00:00:00
p_d53wqyy6nw,Oatmeal Sweater Hoodie,Hoodie,0,0,1,2024-03-01 00:00:00
p_xqd85rvpxs,Black Puffer Jacket,Puffer Jackets,0,0,0,2024-03-01 00:00:00
p_cad333s5q5,Heather Burgundy Active Long Sleeve Crew Neck,Sweatshirt,0,0,0,2024-03-01 00:00:00
p_heevyaqhce,"9"" Sandstone Classic Twill Shorts",Shorts,0,0,1,2024-03-01 00:00:00
p_yptjy3dzdz,"Shorts | Classic Twill | 7"" | Navy",Shorts,0,0,1,2024-03-01 00:00:00
p_v7wa7rn4tb,"Shorts | Classic Twill | 9"" | Khaki",Shorts,0,0,3,2024-03-01 00:00:00
p_x53vukk5e9,"Shorts | Classic Twill | 9"" | Meadow",Shorts,0,0,0,2024-03-01 00:00:00
p_yacuttmhrh,"9"" Navy Classic Twill Shorts",Shorts,0,0,1,2024-03-01 00:00:00
p_2432p8f6a5,"Shorts | Active Training | 7"" | Navy",Shorts,0,0,0,2024-03-01 00:00:00
p_64vbv6tpdm,Heather Gray Fleece French Terry Shorts,Shorts,0,0,3,2024-03-01 00:00:00
p_bmga62pefz,"9"" Sandstone Comfort Chino Shorts",Shorts,0,0,0,2024-03-01 00:00:00
p_b9pagk3ugb,Shorts | Active Comfort | Black,Shorts,0,0,0,2024-03-01 00:00:00
p_yn26dfj46r,Dark Heather Burgundy Active Comfort Short,Swim Shorts,0,0,0,2024-03-01 00:00:00
p_pe2azubxe8,Dark Heather Indigo Active Comfort Short,Shorts,0,0,1,2024-03-01 00:00:00
p_p58c6d9vvb,Dark Heather Military Green Active Comfort Short,Shorts,0,0,0,2024-03-01 00:00:00
p_6uh7rmkygu,Black Active Quick Dry Short with Liner,Swim Shorts,9,1,1,2024-03-01 00:00:00
p_wdbckwxtef,Carbon Active Quick Dry Short with Liner,Swim Shorts,0,0,0,2024-03-01 00:00:00
p_use9g4kaed,Black Active Never Show Socks 3-Pack,Socks,0,0,0,2024-03-01 00:00:00
p_85umjtnpsy,Sweater Scarf | Black,Scarf,0,0,0,2024-03-01 00:00:00
p_atrr9sdp25,Charcoal Heather Gray Short Sleeve Tall Polo Shirt,Polos,0,0,0,2024-03-01 00:00:00
p_9h2qsu97ew,Dark Heather Navy Active Comfort Short,Shorts,0,0,0,2024-03-01 00:00:00
p_znadcksnfx,Reversible Casual Belt,Belt,0,0,0,2024-03-01 00:00:00
p_rbz7y8npg6,Indigo Wash Slim Fit Comfort Jeans,Jeans,0,0,0,2024-03-01 00:00:00
p_p54vvkv29d,Light Heather Gray Quarter Zip Performance Shirt,Athletic Tops,0,0,0,2024-03-01 00:00:00
p_rujp4wvbzv,Mahogany Long Sleeve Waffle Crew,Sweatshirt,0,0,0,2024-03-01 00:00:00
p_vsyjxxtp4a,Navy Short Sleeve Active Polo Shirt,Polos,0,0,1,2024-03-01 00:00:00
p_tfhcx4fbf5,Heather Gray Never Show Socks 3-Pack,Socks,0,0,0,2024-03-01 00:00:00
p_ggkq2n25rk,Carbon Waffle Hoodie,Hoodie,0,0,0,2024-03-01 00:00:00
p_fsar8whm4b,Dark Oak Waffle Hoodie,Hoodie,0,0,0,2024-03-01 00:00:00
p_nqbh5bzsfh,Heather Gray Long Sleeve Polo,Polos,0,0,0,2024-03-01 00:00:00
p_ter2rcscz6,Heather Gray Waffle Hoodie,Hoodie,0,0,0,2024-03-01 00:00:00
p_5z9rynrdat,Dark Oak Long Sleeve Waffle Crew,Sweatshirt,0,0,0,2024-03-01 00:00:00
p_ap2c64hjnc,Dark Olive Long Sleeve Waffle Crew,Shirt,0,0,0,2024-03-01 00:00:00
p_zwzpj7gynb,Deep Sea Blue Long Sleeve Waffle Crew,T-Shirts,0,0,0,2024-03-01 00:00:00
p_ejzn2bhevc,Evergreen Heather Long Sleeve Waffle Crew,Sweatshirt,0,0,0,2024-03-01 00:00:00
p_456rdfdknv,Navy Long Sleeve Button Up Shirt,Shirt,0,0,0,2024-03-01 00:00:00
p_9ueremsrcn,Heather Navy Short Sleeve Loungewear Tee,T-Shirts,0,0,0,2024-03-01 00:00:00
p_pxj9zkmurj,Charcoal Heather Active Comfort Pullover Hoodie,Hoodie,0,0,0,2024-03-01 00:00:00
p_ab6dzqm4qc,Charcoal Heather Gray Fleece French Terry Jogger,Sweatpants & Joggers,0,0,0,2024-03-01 00:00:00
p_r7g7s9ued2,Dark Olive Fleece Shacket,Jacket,1,1,2,2024-03-01 00:00:00
p_pevetyjchy,Heather Dark Oak V-Neck T-Shirt,Screen Printed T-Shirts,0,0,1,2024-03-01 00:00:00
p_7bmm7jjbng,Heather Gray Long Sleeve Lightweight Flannel Shirt,Button Down Shirts,0,0,1,2024-03-01 00:00:00
p_jdy7juawjw,Heather Gray Pique Crew Sweater,Knit Sweaters,0,0,0,2024-03-01 00:00:00
p_hdbwf4s669,Heather Gray Tall Straight Hem Crew Neck T-Shirt,T-Shirts,0,0,0,2024-03-01 00:00:00
p_zsnvka2svc,Heather Mist Short Sleeve Crew Neck T-Shirt,T-Shirts,0,0,0,2024-03-01 00:00:00
p_h4edseg6hf,Heather Navy Active Comfort Pullover Hoodie,Hoodie,0,0,0,2024-03-01 00:00:00
p_n6kve3ddkw,Heather Navy Long Sleeve Ripstop Commuter Shirt,Shirt,0,0,0,2024-03-01 00:00:00
p_h8jucbuvcu,Heather Navy Pique Crew Sweater,Knit Sweaters,0,0,0,2024-03-01 00:00:00
p_sxcevd7ww2,Heather Oatmeal Crew Neck Sweater,Knit Sweaters,0,0,0,2024-03-01 00:00:00
p_ex8zw8z5dh,Heather Sapphire Short Sleeve Crew Neck T-Shirt,T-Shirts,0,0,0,2024-03-01 00:00:00
p_fdgw8vn8mw,Indigo Wash Straight Fit Comfort Jeans,Jeans,0,0,0,2024-03-01 00:00:00
p_gkhuhrbvc5,Light Indigo Wash Long Sleeve Chambray Shirt,Shirt,0,0,0,2024-03-01 00:00:00
p_5ez35speq8,Medium Indigo Wash Long Sleeve Chambray Shirt,Shirt,0,0,0,2024-03-01 00:00:00
p_36tbyhq9p3,Navy Fleece Shacket,Shirt Jackets,0,0,0,2024-03-01 00:00:00
p_grdphsazq4,Reversible Dress Belt,Belt,0,0,0,2024-03-01 00:00:00
p_qj9xh26ctj,Sapphire Short Sleeve Crew Neck T-Shirt,Screen Printed T-Shirts,0,0,0,2024-03-01 00:00:00
p_7nraatq97j,Steel Short Sleeve Crew Neck T-Shirt,T-Shirts,0,0,2,2024-03-01 00:00:00
p_37z5p8b2wz,Heather Dark Orchid Short Sleeve Vee Neck T-Shirt,Shirt,0,0,0,2024-03-01 00:00:00
p_rr9yu69cdx,Heather Mist Short Sleeve Vee Neck T-Shirt,T-Shirts,0,0,0,2024-03-01 00:00:00
p_7fgbszq45t,Heather Voyager Short Sleeve Vee Neck T-Shirt,T-Shirts,0,0,0,2024-03-01 00:00:00
p_aj728cj6p2,Reversible Casual Belt,Belt,0,0,0,2024-03-01 00:00:00
p_wkggwhgxue,Navy Long Sleeve Lightweight Flannel Shirt,Shirt,0,0,0,2024-03-01 00:00:00
p_8fx2h79sez,Black Slippers,Slippers,0,0,0,2024-03-01 00:00:00
p_cguvv472kt,Heather Navy Loungewear Pant,Pants,0,0,0,2024-03-01 00:00:00
p_e6aypq2yyn,Charcoal Heather Active Comfort Full Zip Hoodie,Hoodie,0,0,0,2024-03-01 00:00:00
p_zg2kz56sep,Khaki Coaches Jacket,Jacket,0,0,0,2024-03-01 00:00:00
p_v6xzqb4euh,Electric Blue Polo,Polos,0,0,0,2024-03-01 00:00:00
p_kyjxexravk,Heather Gray Active Crew Socks 3-Pack,Socks,0,0,0,2024-03-01 00:00:00
p_v4pawc4ufa,Heather Gray Ankle Socks 3-Pack,Socks,0,0,0,2024-03-01 00:00:00
p_r3b5cqykd8,Heather Gray Never Show Socks 3-Pack,Socks,0,0,0,2024-03-01 00:00:00
p_xsa4epqty5,Mahogany Polo,Polos,0,0,1,2024-03-01 00:00:00
p_perj37fvaa,Periwinkle Blue Polo,Polos,0,0,0,2024-03-01 00:00:00
p_ump27mtkuq,Raspberry Polo,Polos,0,0,0,2024-03-01 00:00:00
p_szsv98dxsn,White Active Ankle Socks 3-Pack,Socks,0,0,0,2024-03-01 00:00:00
p_yvahsdbd7s,Heather Seafarer Short Sleeve Polo,Polos,0,0,1,2024-03-01 00:00:00
p_njb9h744v3,Indigo Rinse Straight Authentic Stretch Jeans,Jeans,0,0,0,2024-03-01 00:00:00
p_nyn3pcwdu8,Light Indigo Wash Slim Authentic Stretch Jeans,Jeans,0,0,0,2024-03-01 00:00:00
p_9f3wn27yj9,Indigo Rinse Slim Authentic Stretch Jeans,Jeans,0,0,0,2024-03-01 00:00:00
p_3dxryrdx2k,Medium Indigo Wash Slim Authentic Stretch Jeans,Jeans,0,0,0,2024-03-01 00:00:00
p_75westm75x,Light Indigo Wash Straight Authentic Stretch Jeans,Jeans,0,0,0,2024-03-01 00:00:00
p_7sfgw9sa4n,Medium Indigo Wash Straight Authentic Stretch Jeans,Jeans,0,0,0,2024-03-01 00:00:00
p_sy5ta2zsks,Heather Cayenne Short Sleeve Crew Neck T-Shirt,Shirt,0,0,0,2024-03-01 00:00:00
p_qcke957864,"Chino Shorts | Comfort | 7"" | Military Green",Shorts,0,0,0,2024-03-01 00:00:00
p_uy62gqzk94,"Shorts | Comfort Chino | 7"" | Sapphire",Shorts,0,0,0,2024-03-01 00:00:00
p_svgga79dfc,"Chino Shorts | Comfort | 7"" | Slate Green",Shorts,0,0,0,2024-03-01 00:00:00
p_n2cq64ucyu,"9"" Sapphire Comfort Chino Short",Shorts,0,0,0,2024-03-01 00:00:00
p_hubt8gp9tb,"9"" Slate Green Comfort Chino Short",Shorts,0,0,0,2024-03-01 00:00:00
p_vahhav9rn7,"Shorts | Classic Twill | 9"" | Black",Shorts,0,0,0,2024-03-01 00:00:00
p_jxeh4td3j3,"Shorts | 9"" | Classic Twill | Centurion",Shorts,0,0,0,2024-03-01 00:00:00
p_3mav9fu9q9,"Shorts | Active Training 7"" | Black",Shorts,0,0,0,2024-03-01 00:00:00
p_3he4jy8f99,"Shorts | Active Training | 7"" | Carbon",Shorts,0,0,0,2024-03-01 00:00:00
p_sdkp4ngqy8,"Shorts | Active Training | 7"" | Sandstone",Shorts,0,0,0,2024-03-01 00:00:00
p_n5vm5c3nb9,"Chino Shorts | Comfort | 7"" | Black",Shorts,0,0,0,2024-03-01 00:00:00
p_t3995sdwge,"Shorts | Comfort Chino | 7"" | Carbon",Shorts,0,0,0,2024-03-01 00:00:00
p_ys9u6f3mbt,"Chino Shorts | Comfort | 7"" | Khaki",Shorts,0,0,0,2024-03-01 00:00:00
p_2vpu7ymaay,Black Commuter Short,Shorts,0,0,0,2024-03-01 00:00:00
p_jnvzcqrwxp,Khaki Commuter Short,Shorts,0,0,0,2024-03-01 00:00:00
p_pgq6zgcvgq,Black Fleece French Terry Short,Shorts,0,0,0,2024-03-01 00:00:00
p_8hbywkfrwc,Military Green Fleece French Terry Short,Shorts,0,0,1,2024-03-01 00:00:00
p_v7655zp7an,"Chino Shorts | Comfort | 9"" | Black",Shorts,1,1,1,2024-03-01 00:00:00
p_29aky289rv,Navy Fleece French Terry Short,Shorts,0,0,0,2024-03-01 00:00:00
p_juczmrnmtc,"Shorts | Comfort Chino | 9"" | Carbon",Shorts,0,0,1,2024-03-01 00:00:00
p_jw2fyemxq7,"9"" Khaki Comfort Chino Short",Shorts,0,0,0,2024-03-01 00:00:00
p_uqn6yzvkpa,"9"" Navy Comfort Chino Short",Shorts,0,0,0,2024-03-01 00:00:00
p_8an2wybh3y,Charcoal Heather Gray Active Comfort Short,Athletic Shorts,0,0,1,2024-03-01 00:00:00
p_aw48ckctp9,Burgundy Active Quick Dry Short with Liner,Swim Shorts,0,0,0,2024-03-01 00:00:00
p_vey4w66jst,Military Green Active Quick Dry Short with Liner,Shorts,0,0,1,2024-03-01 00:00:00
p_nuk7mzc8jt,Navy Active Quick Dry Short with Liner,Swim Shorts,0,0,0,2024-03-01 00:00:00
p_r2e57cmagz,Joggers | Active | Black,Sweatpants & Joggers,0,0,0,2024-03-01 00:00:00
p_csr594d6ws,Heather Navy Loungewear Jogger,Sweatpants & Joggers,0,0,0,2024-03-01 00:00:00
p_2krzrc4m74,Carbon Fleece French Terry Jogger,Sweatpants & Joggers,0,0,0,2024-03-01 00:00:00
p_phdjj3n8yh,Heather Gray Fleece French Terry Joggers,Sweatpants & Joggers,0,0,0,2024-03-01 00:00:00
p_eaxfgdw35q,Medium Gray Wash Slim Fit Comfort Jeans,Jeans,0,0,0,2024-03-01 00:00:00
p_wcjsyc8zup,Medium Gray Wash Straight Fit Comfort Jeans,Jeans,0,0,0,2024-03-01 00:00:00
p_qjxt4q7gff,Military Green Coaches Jacket,Jacket,0,0,0,2024-03-01 00:00:00
p_fm6edfx4ep,Military Green Fleece French Terry Jogger,Sweatpants & Joggers,0,0,0,2024-03-01 00:00:00
p_28tc85jmdq,Military Green Waffle Long Sleeve Crew Neck,Sweatshirt,0,0,0,2024-03-01 00:00:00
p_mxsupz7eaq,Navy Coaches Jacket,Jacket,0,0,0,2024-03-01 00:00:00
p_qqk283mjjn,Navy Fleece French Terry Jogger,Sweatpants & Joggers,0,0,0,2024-03-01 00:00:00
p_xanpax5dbd,True Red Polo,Polos,0,0,0,2024-03-01 00:00:00
p_mrvwze8wph,White Ankle Socks 3-Pack,Socks,0,0,0,2024-03-01 00:00:00
p_ga52js5nmp,White Never Show Socks 3-Pack,Socks,0,0,0,2024-03-01 00:00:00
p_yhe8c62x9c,Heather Navy Quarter Zip Performance Shirt,Athletic Tops,0,0,0,2024-03-01 00:00:00
p_a7p3mw83t9,Heather Military Green Active Long Sleeve Crew Neck,T-Shirts,0,0,0,2024-03-01 00:00:00
p_rwwrukwyz9,Charcoal Heather Gray Short Sleeve Tall Active Crew Neck,T-Shirts,0,0,0,2024-03-01 00:00:00
p_qy223hzmfv,White Short Sleeve Tall Active Crew Neck,T-Shirts,0,0,0,2024-03-01 00:00:00
p_hfj965wa8c,Charcoal Heather Gray Loungewear Long Sleeve Tee And Jogger Set,Sweatshirt,0,0,0,2024-03-01 00:00:00
p_f3v8s3b963,Charcoal Heather Gray Loungewear Short Sleeve Tee And Pant Set,Sweatpants & Joggers,0,0,0,2024-03-01 00:00:00
p_3vtx7z4d8y,Heather Dusty Pink V-Neck T-Shirt,Screen Printed T-Shirts,0,0,0,2024-03-01 00:00:00
p_3kckyj2khu,Heather Navy Loungewear Short Sleeve Tee And Pant Set,Lounge Sweatpants & Joggers,0,0,0,2024-03-01 00:00:00
p_wj3u3m87yx,Short Sleeve T-Shirt | Active | Crew Neck | Black,T-Shirts,0,0,0,2024-04-01 00:00:00
p_svsvrfrcb6,Black Active Long Sleeve Crew Neck T-Shirt,T-Shirts,0,0,0,2024-04-01 00:00:00
p_vjfh4zw9pd,Short Sleeve Active Polo Shirt | Black,Polos,0,0,0,2024-04-01 00:00:00
p_2gwdmudpww,Long Sleeve Shirt | Crew Neck | Black,Shirt,0,0,0,2024-04-01 00:00:00
p_p6zw3xeg4v,Short Sleeve T-Shirt | Crew Neck | Black,T-Shirts,0,0,0,2024-04-01 00:00:00
p_8jmz33scf8,Sweatshirt | Pullover Crew Neck | Fleece French Terry | Black,Sweatshirt,0,0,0,2024-04-01 00:00:00
p_26twzeayzk,Pullover Hoodie | Fleece French Terry | Black,Hoodie,0,0,0,2024-04-01 00:00:00
p_xnzebcgf9j,Zip Hoodie | Fleece French Terry | Black,Hoodie,0,0,0,2024-04-01 00:00:00
p_v9vmgr3m4t,Polo Shirt | Black,Polos,0,0,0,2024-04-01 00:00:00
p_uwm4psyppk,Black Tall Straight Hem Crew Neck T-Shirt,T-Shirts,0,0,0,2024-04-01 00:00:00
p_s7yfamyjwt,Black V-Neck T-Shirt,T-Shirts,0,0,1,2024-04-01 00:00:00
p_htnnbrvvmk,Carbon Active Crew Neck,T-Shirts,0,0,0,2024-04-01 00:00:00
p_rgamhxuwjz,Carbon Crew Neck Long Sleeve,Shirt,0,0,0,2024-04-01 00:00:00
p_szpx92nwke,Carbon Fleece French Terry Zip Hoodie,Hoodie,0,0,0,2024-04-01 00:00:00
p_prm2runmas,Carbon Long Sleeve Henley,T-Shirts,0,0,0,2024-04-01 00:00:00
p_gf9pckvcm8,Carbon Short Sleeve Polo Shirt,Polos,0,0,0,2024-04-01 00:00:00
p_ujs2rxbwwy,Charcoal Heather Gray Active Long Sleeve Crew Neck,T-Shirts,0,0,0,2024-04-01 00:00:00
p_73vqwcfbpf,Charcoal Heather Gray Short Sleeve Active Polo Shirt,Polos,0,0,0,2024-04-01 00:00:00
p_9744mpdv5n,Charcoal Heather Gray Long Sleeve,Shirt,0,0,0,2024-04-01 00:00:00
p_3dh3myqfyq,Charcoal Heather Gray Polo,Polos,0,0,0,2024-04-01 00:00:00
p_yjazyejt4q,Charcoal Heather Gray V-Neck,Shirt,0,0,0,2024-04-01 00:00:00
p_xhhgk2nnba,Heather Burgundy Crew Neck T-Shirt,Shirt,0,0,0,2024-04-01 00:00:00
p_gbd3qsz25s,Heather Charcoal Gray Crew Neck T-Shirt,Shirt,0,0,0,2024-04-01 00:00:00
p_ea2gekbzfm,Heather Gray Crew Neck Long Sleeve,T-Shirts,0,0,0,2024-04-01 00:00:00
p_bdybxrzhhw,Heather Gray Fleece French Terry Pullover Hoodie,Hoodie,0,0,0,2024-04-01 00:00:00
p_cz4mtzemgt,Heather Gray Fleece French Terry Zip Hoodie,Hoodie,0,0,0,2024-04-01 00:00:00
p_ddgsdeyzu9,Heather Gray Long Sleeve Henley,T-Shirts,0,0,0,2024-04-01 00:00:00
p_5rc5ezqwny,Heather Gray Short Sleeve Polo Shirt,Polos,0,0,0,2024-04-01 00:00:00
p_shhxbvvxxp,Heather Indigo Active Crew Neck T-Shirt,T-Shirts,0,0,0,2024-04-01 00:00:00
p_4fs9u74y4x,Heather Indigo Crew Neck Long Sleeve,T-Shirts,0,0,0,2024-04-01 00:00:00
p_hmkhv4g497,Heather Indigo Crew Neck T-Shirt,Shirt,0,0,0,2024-04-01 00:00:00
p_s6hq3cbp99,Heather Indigo Short Sleeve Polo Shirt,Polos,0,0,0,2024-04-01 00:00:00
p_5q6tnqwruf,Heather Light Gray Active Long Sleeve Crew Neck,T-Shirts,0,0,0,2024-04-01 00:00:00
p_ggx5q9x8xm,Heather Military Green Active Crew Neck T-Shirt,Shirt,0,0,0,2024-04-01 00:00:00
p_xngupz8qg8,Heather Military Green Active Long Sleeve Crew Neck,T-Shirts,0,0,0,2024-04-01 00:00:00
p_pzg4uy9ru4,Heather Military Green Short Sleeve Active Polo Shirt,Polos,0,0,0,2024-04-01 00:00:00
p_kajnxmygka,Heather Military Green Crew Neck T-Shirt,Shirt,0,0,0,2024-04-01 00:00:00
p_95axe6dfn6,Heather Navy Active Crew Neck T-Shirt,T-Shirts,0,0,0,2024-04-01 00:00:00
p_5kpddtqty2,Heather Navy Active Long Sleeve Crew Neck,T-Shirts,0,0,0,2024-04-01 00:00:00
p_ccse4psnan,Heather Navy Crew Neck Long Sleeve,T-Shirts,0,0,0,2024-04-01 00:00:00
p_ug6duq4hvt,Heather Navy Crew Neck T-Shirt,Shirt,0,0,0,2024-04-01 00:00:00
p_vrmxbznmh9,Indigo Long Sleeve Henley,Shirt,0,0,0,2024-04-01 00:00:00
p_bhfd33ejhy,Indigo Short Sleeve Polo Shirt,Polos,0,0,0,2024-04-01 00:00:00
p_955cnseek9,Light Heather Gray Crew Neck Long Sleeve,T-Shirts,0,0,0,2024-04-01 00:00:00
p_6zjn28jf23,Military Green Crew Neck Long Sleeve,Shirt,0,0,0,2024-04-01 00:00:00
p_shcbhfeqaq,Military Green Fleece French Terry Pullover Crew Neck Sweatshirt,Sweatshirt,0,0,0,2024-04-01 00:00:00
p_3wz546brng,Military Green Fleece French Terry Pullover Hoodie,Hoodie,0,0,0,2024-04-01 00:00:00
p_8q6kvd32nc,Military Green Fleece French Terry Zip Hoodie,Hoodie,0,0,0,2024-04-01 00:00:00
p_brwwn6xkwh,Military Green Long Sleeve Henley,T-Shirts,0,0,0,2024-04-01 00:00:00
p_mwv4sjthwt,Military Green Short Sleeve Polo Shirt,Polos,0,0,0,2024-04-01 00:00:00
p_vtkmnr87v2,Navy Active Crew Neck T-Shirt,T-Shirts,0,0,0,2024-04-01 00:00:00
p_tpzfdnukzs,Navy Active Long Sleeve Crew Neck,T-Shirts,0,0,0,2024-04-01 00:00:00
p_bptwztkuks,Navy Short Sleeve Active Polo Shirt,Polos,0,0,0,2024-04-01 00:00:00
p_tjh5t8a6tw,Navy Crew Neck Long Sleeve,Shirt,0,0,0,2024-04-01 00:00:00
p_rezzg23bjy,Navy Fleece French Terry Pullover Crew Neck Sweatshirt,Sweatshirt,0,0,0,2024-04-01 00:00:00
p_k6s6hftqfe,Navy Fleece French Terry Pullover Hoodie,Hoodie,0,0,0,2024-04-01 00:00:00
p_h9z43a8zde,Navy Fleece French Terry Zip Hoodie,Hoodie,0,0,0,2024-04-01 00:00:00
p_ngbbqfwzd5,Navy Long Sleeve Henley,Shirt,0,0,0,2024-04-01 00:00:00
p_rhexhysfzs,Navy Short Sleeve Polo Shirt,Polos,0,0,0,2024-04-01 00:00:00
p_xa4dn5yc22,Navy Tall Short Sleeve Polo Shirt,Polos,0,0,0,2024-04-01 00:00:00
p_2wu3jtehp2,Navy Short Sleeve V-Neck T-Shirt,Shirt,0,0,0,2024-04-01 00:00:00
p_8rbvhb5tdc,White Active Crew Neck T-Shirt,Shirt,0,0,0,2024-04-01 00:00:00
p_r5gttk27sm,White Active Long Sleeve Crew Neck,Shirt,0,0,0,2024-04-01 00:00:00
p_2cus7843n6,White Crew Neck Long Sleeve,Shirt,0,0,0,2024-04-01 00:00:00
p_twpefb4vpq,White Long Sleeve Henley,T-Shirts,1,1,3,2024-04-01 00:00:00
p_6hvvy94kq4,White Short Sleeve Polo Shirt,Polos,0,0,0,2024-04-01 00:00:00
p_m6x758mjvq,White Short Sleeve Tall Polo Shirt,Polos,0,0,0,2024-04-01 00:00:00
p_s49r5jxnqq,White Short Sleeve V-Neck T-Shirt,T-Shirts,4,1,0,2024-04-01 00:00:00
p_fx25mpavbf,Long Sleeve T-Shirt | Hooded | Black,T-Shirts,0,0,2,2024-04-01 00:00:00
p_gawdf2gbfa,Long Sleeve Polo Shirt | Black,Polos,0,0,7,2024-04-01 00:00:00
p_xafkdxwnvm,Black Waffle Hoodie,Hoodie,1,1,10,2024-04-01 00:00:00
p_yev838e3bk,Dark Olive Waffle Hoodie,Hoodie,0,0,0,2024-04-01 00:00:00
p_3h5wxbdgfn,White Long Sleeve Polo Shirt,Polos,0,0,2,2024-04-01 00:00:00
p_g5xjgypbqs,Long Sleeve Button Up Shirt | Black,Button Down Shirts,0,0,3,2024-04-01 00:00:00
p_pqjyybc86f,Black Waffle Long Sleeve Crew Neck T-Shirt,T-Shirts,0,0,2,2024-04-01 00:00:00
p_5pqpzmazbr,Carbon Long Sleeve Button Up Shirt,Button Down Shirts,0,0,2,2024-04-01 00:00:00
p_anqd83cjye,Military Green Waffle Long Sleeve Crew Neck,Sweatshirt,0,0,0,2024-04-01 00:00:00
p_vp3anzz9s3,White Button Up Shirt,Button Down Shirts,4,1,0,2024-04-01 00:00:00
p_92vf4hpdrt,White Commuter Short Sleeve Button Up,Button Down Shirts,0,0,0,2024-04-01 00:00:00
p_85skykpy7r,Short Sleeve Button Up Shirt | Commuter | Black,Button Down Shirts,2,2,10,2024-04-01 00:00:00
p_v5bwyyhget,Carbon Commuter Short Sleeve Button Up,Button Down Shirts,0,0,4,2024-04-01 00:00:00
p_5kr9enrf6j,Short Sleeve Tee | Loungewear | Charcoal Heather Gray,T-Shirts,0,0,3,2024-04-01 00:00:00
p_rpwqburrmc,Dark Heather Cadet Active Polo,Polos,0,0,0,2024-04-01 00:00:00
p_8tryb2ahrp,Dark Heather Cocoa Active Polo,Polos,0,0,0,2024-04-01 00:00:00
p_vnexp6dh3m,Heather Centurion Short Sleeve Active Polo Shirt,Polos,0,0,0,2024-04-01 00:00:00
p_8pczdfc69m,Heather Cocoa Short Sleeve Active Polo Shirt,Polos,0,0,0,2024-04-01 00:00:00
p_xdyq8mewrc,Short Sleeve Button Up Shirt | Black,Button Down Shirts,0,0,4,2024-04-01 00:00:00
p_56qjzafa6s,Carbon Short Sleeve Button Up Shirt,Button Down Shirts,0,0,0,2024-04-01 00:00:00
p_7dyz93zegj,"Shorts | Active Training | 7"" | Sapphire",Athletic Shorts,0,0,0,2024-04-01 00:00:00
p_3pkg63ym5k,"Shorts | Active Training | 7"" | Steel",Shorts,0,0,0,2024-04-01 00:00:00
p_k5hymg84ez,"Shorts | Training | 7"" | 2-in-1 Black",Athletic Shorts,0,0,5,2024-04-01 00:00:00
p_mm5tbn6qza,Sweatshirt | Comfort Crew | Black,Sweatshirt,1,1,4,2024-04-01 00:00:00
p_2uptnqrxy2,Hoodie | Active Comfort | Pullover | Black,Hoodie,3,1,6,2024-04-01 00:00:00
p_ys335pw23m,Pants | Active Comfort | Straight Leg | Black,Sweatpants & Joggers,0,0,0,2024-04-01 00:00:00
p_9attt36kqt,Blazer | Black,Blazer,0,0,16,2024-04-01 00:00:00
p_84w66d79b8,Pants | Comfort Chino | Black,Pants,0,0,0,2024-04-01 00:00:00
p_349fd5fte5,Sweater | Crew Neck | Black,Knit Sweaters,0,0,0,2024-04-01 00:00:00
p_zzvxdda285,Fleece Shacket | Black,Jacket,0,0,0,2024-04-01 00:00:00
p_z7kat66jsb,Puffer Vest | Black,Outerwear Vests,0,0,2,2024-04-01 00:00:00
p_w99wqwtmd8,Performance Shirt | Quarter Zip | Black,Athletic Tops,1,1,11,2024-04-01 00:00:00
p_vkp29t8hpk,Sleeveless Muscle Tee | Active | Black,Athletic Tops,0,0,3,2024-04-01 00:00:00
p_bxpjzp3q34,Sweater Hoodie | Black,Hoodie,0,0,2,2024-04-01 00:00:00
p_j23j35syzx,Black Wash Long Sleeve Chambray Shirt,Shirt,0,0,0,2024-04-01 00:00:00
p_aaa5u2senn,Black Wash Slim Fit Comfort Jeans,Jeans,0,0,0,2024-04-01 00:00:00
p_mu7q5qx67m,Black Wash Straight Fit Comfort Jeans,Jeans,1,1,2,2024-04-01 00:00:00
p_kv4qxkyavb,Chino Pants | Comfort | Carbon,Pants,0,0,0,2024-04-01 00:00:00
p_av6ja2w28x,Charcoal Heather Active Comfort Crew Sweatshirt,Athletic Tops,1,1,7,2024-04-01 00:00:00
p_jqxjnq8mc8,Charcoal Heather Active Comfort Straight Leg Pant,Sweatpants & Joggers,0,0,0,2024-04-01 00:00:00
p_hzkzcd9ag9,Charcoal Heather Gray Long Sleeve Ripstop Commuter Shirt,Shirt,0,0,0,2024-04-01 00:00:00
p_zc74ftx9hy,Charcoal Heather Gray Pique Crew Sweater,Knit Sweaters,0,0,1,2024-04-01 00:00:00
p_4krqrmhc8s, Sleeveless Muscle Tee | Active | Charcoal Heather Gray,Athletic Tops,1,1,3,2024-04-01 00:00:00
p_qvscv7wqa7,Dark Oak Fleece French Terry Jogger,Sweatpants & Joggers,0,0,0,2024-04-01 00:00:00
p_yw7vvn467f,Dark Olive Long Sleeve Crew Neck T-Shirt,T-Shirts,0,0,0,2024-04-01 00:00:00
p_hc97kv4jxf,Deep Sea Blue Short Sleeve Crew Neck T-Shirt,T-Shirts,2,1,3,2024-04-01 00:00:00
p_zp4vn3rtz4,Deep Sea Blue Long Sleeve Crew Neck T-Shirt,T-Shirts,0,0,0,2024-04-01 00:00:00
p_8d5cs572ku,Evergreen Heather Short Sleeve Crew Neck T-Shirt,T-Shirts,0,0,0,2024-04-01 00:00:00
p_2qn4rb76qt,Evergreen Heather Long Sleeve Crew Neck T-Shirt,T-Shirts,0,0,0,2024-04-01 00:00:00
p_hun6quaf8f,Gray Wash Slim Fit Comfort Jeans,Jeans,1,1,2,2024-04-01 00:00:00
p_bn49najk97,Gray Wash Straight Fit Comfort Jeans,Jeans,1,1,10,2024-04-01 00:00:00
p_a66qgjtv8u, Sleeveless Muscle Tee | Active | Heather Cadet,Athletic Tops,0,0,0,2024-04-01 00:00:00
p_76w9v5r9gp,Heather Camel Pique Crew Sweater,Knit Sweaters,0,0,0,2024-04-01 00:00:00
p_m26nune3tt,Sleeveless Muscle Tee | Active | Heather Cocoa,Tank Top,0,0,1,2024-04-01 00:00:00
p_wtfwp7uyps,Heather Dark Oak Long Sleeve Crew Neck T-Shirt,T-Shirts,0,0,2,2024-04-01 00:00:00
p_guzmuvmxwg,Heather Dark Orchid Short Sleeve Crew Neck T-Shirt,T-Shirts,0,0,0,2024-04-01 00:00:00
p_auux7guqn5,Sleeveless Muscle Tee | Active| Heather Forest,Athletic Tops,0,0,1,2024-04-01 00:00:00
p_wvdzacyaq8,Heather Garnet Short Sleeve Crew Neck T-Shirt,T-Shirts,0,0,0,2024-04-01 00:00:00
p_59st4ejx9g,Heather Graphite Short Sleeve Crew Neck T-Shirt,T-Shirts,0,0,3,2024-04-01 00:00:00
p_mkhh2ymk98,Heather Navy Active Comfort Crew Sweatshirt,Sweatshirt,2,2,4,2024-04-01 00:00:00
p_4tw7w4865y,Medium Gray Wash Slim Fit Comfort Jeans,Jeans,0,0,0,2024-04-01 00:00:00
p_u25kmysesj,Medium Gray Wash Straight Fit Comfort Jeans,Jeans,0,0,4,2024-04-01 00:00:00
p_yrp9cazs3k,Olive Long Sleeve Ripstop Commuter Shirt,Shirt,0,0,0,2024-04-01 00:00:00
p_vjj8djm98g,"Voyager 7"" 2-in-1 Training Short",Athletic Shorts,0,0,0,2024-04-01 00:00:00
p_ens5k22dee,Coaches Jacket | Black,Jacket,0,0,1,2024-04-01 00:00:00
p_krqrvpb5nk,Short Sleeve Sweater Polo Shirt | Black,Polos,0,0,0,2024-04-01 00:00:00
p_ezjsg82fk7,Garnet Short Sleeve Sweater Polo Shirt,Polos,0,0,1,2024-04-01 00:00:00
p_zfqbnz8zdc,Heather Gray Short Sleeve Sweater Polo,Polos,0,0,0,2024-04-01 00:00:00
p_rdac8nxqpc,Navy Short Sleeve Sweater Polo,Polos,0,0,0,2024-04-01 00:00:00
p_tdz6dj3k93,Charcoal Heather Gray Active Shell Jacket,Jacket,0,0,0,2024-04-01 00:00:00
p_ef9p26sqwv,Navy Coaches Jacket,Jacket,0,0,0,2024-04-01 00:00:00
p_gvy838kdy9,Long Sleeve Button Up Sweater Shirt | Black + Carbon,Button Down Shirts,0,0,0,2024-04-01 00:00:00
p_cpfjz5js6m,Light Heather Gray Quarter Zip Performance Shirt,Athletic Tops,0,0,0,2024-04-01 00:00:00
p_encznv79zd,Charcoal Heather Gray Loungewear Jogger,Sweatpants & Joggers,0,0,0,2024-04-01 00:00:00
p_uqg73gd526,Dark Olive Short Sleeve V-Neck T-Shirt,T-Shirts,0,0,3,2024-04-01 00:00:00
p_dd7ynwa46b,Military Green Coaches Jacket,Jacket,0,0,1,2024-04-01 00:00:00
p_pds624ht98,Ankle Socks | Active | 3-Pack | Black,Socks,0,0,0,2024-04-01 00:00:00
p_h9thpv33ux,Crew Socks | Active | 3-Pack | Black,Socks,3,2,4,2024-04-01 00:00:00
p_vm4udwbmec,Ankle Socks | 3-Pack | Black,Socks,0,0,0,2024-04-01 00:00:00
p_hv5d9t5gb4,Black Boxer Trunks 3-Pack,Underwear,2,2,9,2024-04-01 00:00:00
p_eg72spursx,Half Crew Sock | 3-Pack | Black,Socks,1,1,1,2024-04-01 00:00:00
p_m5nrytn7g3,Boxer Briefs | Logo | 3-Pack | Black,Underwear,0,0,1,2024-04-01 00:00:00
p_7rzxq9sd8n,Never Show Socks | 3-Pack | Black,Socks,0,0,2,2024-04-01 00:00:00
p_h644hfsgj7,Sweater Beanie | Black,Beanie,0,0,0,2024-04-01 00:00:00
p_k8j2vzha5p,Burgundy Boxer Briefs 3-Pack,Underwear,0,0,2,2024-04-01 00:00:00
p_rd96dkwsx6,Carbon Boxer Trunks 3-Pack,Underwear,1,1,2,2024-04-01 00:00:00
p_3zf2yh34hr,Dark Olive Short Sleeve Polo Shirt,Polos,0,0,1,2024-04-01 00:00:00
p_fcgghnz6fh,Evergreen Sweater Beanie,Beanie,0,0,0,2024-04-01 00:00:00
p_vxfj55w6ma,Heather Burgundy Short Sleeve Polo Shirt,Polos,1,1,6,2024-04-01 00:00:00
p_tpv8fcqeja,Heather Gray Active Ankle Socks 3-Pack,Socks,1,1,1,2024-04-01 00:00:00
p_y6cg76w8k6,Heather Gray Half Crew Sock 3-Pack,Socks,0,0,0,2024-04-01 00:00:00
p_sgut9a5tns,Light Heather Gray Polo,Polos,0,0,3,2024-04-01 00:00:00
p_r5xrp6kuxu,True Red Short Sleeve Polo Shirt,Polos,0,0,0,2024-04-01 00:00:00
p_x285vx432e,White Ankle Socks 3-Pack,Socks,0,0,0,2024-04-01 00:00:00
p_3aup7bbqg3,Carbon Tall Long Sleeve T-Shirt,Shirt,0,0,0,2024-04-01 00:00:00
p_mxpb4sqvry,Charcoal Heather Gray Short Sleeve Tall Crew,T-Shirts,0,0,0,2024-04-01 00:00:00
p_92fw37ajex,Heather Seafarer Short Sleeve Tall Crew,Shirt,0,0,0,2024-04-01 00:00:00
p_rhk5rdjr7y,Heather Voyager Short Sleeve Tall Crew,T-Shirts,0,0,0,2024-04-01 00:00:00
p_hz3svpszdm,Military Green Tall Long Sleeve T-Shirt,T-Shirts,0,0,0,2024-04-01 00:00:00
p_3xnj548f3x,Sapphire Short Sleeve Tall Crew,T-Shirts,0,0,0,2024-04-01 00:00:00
p_j9huduq2g2,White Tall Straight Hem Crew Neck T-Shirt,T-Shirts,0,0,0,2024-04-01 00:00:00
p_ct8bqyz5rd,Bomber Jacket | Black,Bomber Jackets,0,0,0,2024-04-01 00:00:00
p_26x46r3gh3,Carbon Short Sleeve Tall Polo Shirt,Polos,0,0,0,2024-04-01 00:00:00
p_uwgqdnnawm,Charcoal Heather Gray Short Sleeve Tall Polo Shirt,Polos,0,0,0,2024-04-01 00:00:00
p_awt8ehv6fc,Heather Gray Short Sleeve Tall Polo Shirt,Polos,0,0,0,2024-04-01 00:00:00
p_ug78456eub,Mahogany Fleece French Terry Pullover Hoodie,Hoodie,0,0,0,2024-04-01 00:00:00
p_3hycs4vyy4,Mahogany Fleece French Terry Zip Hoodie,Hoodie,0,0,0,2024-04-01 00:00:00
p_487dnzupxz,Military Green Short Sleeve Tall Polo Shirt,Polos,0,0,0,2024-04-01 00:00:00
p_haens7aj79,Sapphire Short Sleeve Tall Polo Shirt,Polos,0,0,0,2024-04-01 00:00:00
p_n7npmmnfq3,Bomber Jacket | Army Green,Bomber Jackets,0,0,0,2024-04-01 00:00:00
p_vhct7fnamt,Sweater Fleece Jacket | Black,Jacket,0,0,0,2024-04-01 00:00:00
p_qvxdc36tay,Carbon Bomber Jacket,Bomber Jackets,0,0,0,2024-04-01 00:00:00
p_ubarpzrdvd,Gray Sweater Fleece Jacket,Knit Sweaters,0,0,0,2024-04-01 00:00:00
p_25m5nqdhtq,Gunmetal Puffer Jacket,Puffer Jackets,0,0,0,2024-04-01 00:00:00
p_9nq4jjbkbr,Military Green Puffer Jacket,Puffer Jackets,0,0,0,2024-04-01 00:00:00
p_6svhrtmsn3,Navy Bomber Jacket,Bomber Jackets,0,0,0,2024-04-01 00:00:00
p_dwbw45rvge,Navy Hooded Puffer Jacket,Puffer Jackets,0,0,0,2024-04-01 00:00:00
p_4yh4m8q3v7,Navy Puffer Jacket,Puffer Jackets,0,0,0,2024-04-01 00:00:00
p_e6pz5d7uh9,Navy Sweater Fleece Jacket,Hoodie,0,0,0,2024-04-01 00:00:00
p_4xmfcxsvq4,Puffer Jacket | Hooded | Black,Puffer Jackets,0,0,0,2024-04-01 00:00:00
p_zrt8e4hahp,Chino Pants | Straight | Twill | Black,Pants,0,0,0,2024-04-01 00:00:00
p_6bppe3h2jj,Centurion Slim Twill Chino,Pants,0,0,0,2024-04-01 00:00:00
p_zd6gtes7qp,Centurion Straight Twill Chino,Pants,0,0,0,2024-04-01 00:00:00
p_ja9tudbs9q,Dark Oak Straight Twill Chino,Pants,0,0,0,2024-04-01 00:00:00
p_yqusyfjxtf,Gunmetal Hooded Puffer Jacket,Puffer Jackets,0,0,0,2024-04-01 00:00:00
p_kkdff6r47e,Meadow Slim Twill Chino,Pants,0,0,0,2024-04-01 00:00:00
p_rnmhwn9kcu,Navy Slim Twill Chino,Pants,0,0,0,2024-04-01 00:00:00
p_y5u5gs4evr,Navy Straight Twill Chino,Pants,0,0,0,2024-04-01 00:00:00
p_vqc6jejd69,Long Sleeve Button Up Shirt | Do-It-All Comfort | Black,Button Down Shirts,6,2,12,2024-04-01 00:00:00
p_p8ep2jre98,Hoodie | Active | Black,Hoodie,0,0,0,2024-04-01 00:00:00
p_vubwwnzvnt,Dark Heather Cadet Long Sleeve Active Crew Neck,T-Shirts,0,0,0,2024-04-01 00:00:00
p_e2426ac79u,Dark Heather Tempest Long Sleeve Active Crew Neck,Sweatshirt,0,0,0,2024-04-01 00:00:00
p_cjzvdmswjf,White Active Hoodie,Hoodie,0,0,0,2024-04-01 00:00:00
p_ncwnq5usm5,"Shorts | Active Training | 7"" | Slate Green",Athletic Shorts,0,0,0,2024-04-01 00:00:00
p_x443echvnq,"Chino Shorts | Comfort | 7"" | Military Green",Shorts,0,0,0,2024-04-01 00:00:00
p_qhjjf5kjgd,"Chino Shorts | Comfort | 7"" | Rosewood",Shorts,0,0,0,2024-04-01 00:00:00
p_f8rywmvjsy,"Chino Shorts | Comfort | 7"" | Sapphire",Shorts,0,0,0,2024-04-01 00:00:00
p_6kxr6rztwd,"Chino Shorts | Comfort | 7"" | Slate Green",Shorts,0,0,0,2024-04-01 00:00:00
p_56zbdasvhd,"Chino Shorts | Comfort | 9"" | Sapphire",Shorts,0,0,0,2024-04-01 00:00:00
p_xpmubyp2yg,"Chino Shorts | Comfort | 9"" | Slate Green",Shorts,0,0,0,2024-04-01 00:00:00
p_saytmbtmak,"Shorts | Classic Twill | 9"" | Black",Shorts,0,0,0,2024-04-01 00:00:00
p_aytxzkck8x,"Shorts | Classic Twill | 7"" | Black",Shorts,0,0,0,2024-04-01 00:00:00
p_fhdff8x3jt,"Shorts | Classic Twill | 7"" | Harbor",Shorts,0,0,0,2024-04-01 00:00:00
p_q2935cukf5,"Shorts | Classic Twill | 7"" | Khaki",Shorts,0,0,0,2024-04-01 00:00:00
p_qr5wafyaq4,"Shorts | Classic Twill | 7"" | Moss",Shorts,0,0,0,2024-04-01 00:00:00
p_j48puxsej5,"Shorts | Classic Twill | 7"" | Sandstone",Shorts,0,0,0,2024-04-01 00:00:00
p_b2wv3hqta7,"Shorts | Classic Twill | 9"" | Centurion",Shorts,0,0,0,2024-04-01 00:00:00
p_wungd9j4dh,"Shorts | Active Training | 7"" | Black",Shorts,0,0,0,2024-04-01 00:00:00
p_r9rn7a2dy5,"Shorts | Active Training | 7"" | Carbon",Shorts,0,0,0,2024-04-01 00:00:00
p_n9qtgjygdv,"Shorts | Active Training | 7"" | Sandstone",Athletic Shorts,0,0,0,2024-04-01 00:00:00
p_nu9kcajw2z,"Chino Shorts | Comfort | 7"" | Black",Shorts,0,0,0,2024-04-01 00:00:00
p_hmp7dkjce9,"Chino Shorts | Comfort | 7"" | Carbon",Shorts,0,0,0,2024-04-01 00:00:00
p_25upswaptj,"Chino Shorts | Comfort | 7"" | Khaki",Shorts,0,0,0,2024-04-01 00:00:00
p_kaq2j39v2p,"Chino Shorts | Comfort | 7"" | Navy",Shorts,0,0,0,2024-04-01 00:00:00
p_utfqrxy94f,Shorts | Commuter | Black,Shorts,0,0,0,2024-04-01 00:00:00
p_prrc5xwre5,Khaki Commuter Short,Shorts,0,0,0,2024-04-01 00:00:00
p_bj4epra3sv,Shorts | Fleece French Terry | Black,Shorts,0,0,0,2024-04-01 00:00:00
p_fvgyjfheyt,Sandstone Commuter Short,Shorts,0,0,0,2024-04-01 00:00:00
p_epuubwwz7s,Military Green Fleece French Terry Short,Shorts,0,0,0,2024-04-01 00:00:00
p_j4bf77xx5v,"Chino Shorts | Comfort | 9"" | Black",Shorts,0,0,0,2024-04-01 00:00:00
p_74gmgsy6yv,Navy Fleece French Terry Short,Shorts,0,0,0,2024-04-01 00:00:00
p_m5f29n89jy,"Chino Shorts | Comfort | 9"" | Carbon",Shorts,0,0,0,2024-04-01 00:00:00
p_47meu4bybx,"Chino Shorts | Comfort |  9"" | Ivory",Shorts,0,0,0,2024-04-01 00:00:00
p_5za8gj7unh,"Chino Shorts | Comfort | 9"" | Khaki",Shorts,0,0,0,2024-04-01 00:00:00
p_arxdch5qcv,"Chino Shorts | Comfort | 9"" | Military Green",Shorts,0,0,0,2024-04-01 00:00:00
p_en8vndps74,"Chino Shorts | Comfort | 9"" | Navy",Shorts,0,0,0,2024-04-01 00:00:00
p_rquj6mrdex,Dark Heather Navy Active Comfort Short,Shorts,0,0,0,2024-04-01 00:00:00
p_6ra9g27e7u,Burgundy Active Quick Dry Short with Liner,Swim Shorts,0,0,0,2024-04-01 00:00:00
p_5ek32kjgzp,Navy Active Quick Dry Short with Liner,Swim Shorts,0,0,0,2024-04-01 00:00:00
p_bp7w9cp3k9,Pants | Commuter | Black,Pants,0,0,0,2024-04-01 00:00:00
p_5p5sgcwp5f,"Shorts | Active Training | 7"" | Navy",Shorts,0,0,1,2024-04-01 00:00:00
p_47uf2puagk,"Shorts | Classic Twill | 7"" | Navy",Shorts,0,0,0,2024-04-01 00:00:00
p_9a5tjqerw5,"Shorts | Classic Twill | 9"" | Meadow",Shorts,0,0,2,2024-04-01 00:00:00
p_a69bzurkgs,Joggers | Active | Black,Sweatpants & Joggers,0,0,0,2024-04-01 00:00:00
p_2bkrkbfbk9,Classic Polarized Sunglasses | Black,Sunglasses,0,0,2,2024-04-01 00:00:00
p_vvkaza7v48,Long Sleeve Button Up Shirt | Commuter | Black,Button Down Shirts,0,0,5,2024-04-01 00:00:00
p_egq2tewvm7,Long Sleeve Henley | Black,T-Shirts,2,2,4,2024-04-01 00:00:00
p_yp2v99qxbf,Classic Polarized Sunglasses | Black Mirror,Sunglasses,0,0,0,2024-04-01 00:00:00
p_mef5fue56y,Dress Shirt | Lightweight Performance | Black,Button Down Shirts,0,0,2,2024-04-01 00:00:00
p_fpmkw85rke,Short Sleeve Polo Shirt | Black,Polos,1,1,4,2024-04-01 00:00:00
p_s7c853uk5c,Puffer Jacket | Black,Puffer Jackets,0,0,0,2024-04-01 00:00:00
p_8nhyuguh4z,Chino Pants | Slim | Twill | Black,Pants,0,0,3,2024-04-01 00:00:00
p_ka5fa3ne6y,Slippers | Black,Slippers,0,0,2,2024-04-01 00:00:00
p_6wnwzma24v,Long Sleeve Button Up Shirt | Stretch Oxford | Black,Button Down Shirts,0,0,2,2024-04-01 00:00:00
p_u3ffx96ehp,Short Sleeve T-Shirt | Tall | Active Crew Neck | Black,T-Shirts,1,1,14,2024-04-01 00:00:00
p_ufjg6nn927,Long Sleeve T-Shirt | Tall | Black,T-Shirts,0,0,0,2024-04-01 00:00:00
p_enhxmmv3xa,Polo Shirt | Tall | Black,Polos,0,0,1,2024-04-01 00:00:00
p_gqfhmx28rz,Blue Quartz Short Sleeve Crew Neck T-Shirt,T-Shirts,0,0,5,2024-04-01 00:00:00
p_6ccw4zmdj6,Bluestone Tall Round Hem Crew Neck T-Shirt,T-Shirts,0,0,4,2024-04-01 00:00:00
p_ryght7etrs,Bluestone V-Neck Short Sleeve T-Shirt,T-Shirts,0,0,1,2024-04-01 00:00:00
p_5q95b4bjyg,Burgundy Short Sleeve Crew Neck T-Shirt,T-Shirts,0,0,0,2024-04-01 00:00:00
p_2sxe2kvxmc,Burgundy Long Sleeve Crew Neck T-Shirt,T-Shirts,0,0,0,2024-04-01 00:00:00
p_srwzc2wwq6,Burgundy Long Sleeve Henley,T-Shirts,0,0,0,2024-04-01 00:00:00
p_8p9z2j6eqt,Burgundy Short Sleeve V-Neck T-Shirt,T-Shirts,0,0,0,2024-04-01 00:00:00
p_dnq23rfcgu,"Carbon 7"" 2-in-1 Training Short",Athletic Shorts,0,0,8,2024-04-01 00:00:00
p_9tz4xs4maw,Carbon Commuter Long Sleeve Button Up Shirt,Button Down Shirts,0,0,1,2024-04-01 00:00:00
p_82erf6xepz,Carbon Commuter Pant,Pants,7,1,6,2024-04-01 00:00:00
p_gxqdqumwae,Carbon Short Sleeve Crew Neck T-Shirt,T-Shirts,1,1,16,2024-04-01 00:00:00
p_nmb6y3r32b,Carbon Fleece French Terry Jogger,Sweatpants & Joggers,0,0,0,2024-04-01 00:00:00
p_mqhey6peq9,Carbon Fleece French Terry Pullover Crew Neck Sweatshirt,Sweatshirt,0,0,0,2024-04-01 00:00:00
p_pgvy4mwya6,Carbon Fleece French Terry Pullover Hoodie,Hoodie,0,0,4,2024-04-01 00:00:00
p_dcfsb4qj5s,Carbon Performance Lightweight Dress Shirt,Button Down Shirts,0,0,0,2024-04-01 00:00:00
p_q9e4tw2vgn,Carbon Tall Active Crew Neck T-Shirt,T-Shirts,0,0,1,2024-04-01 00:00:00
p_3mznzzvw2f,Carbon Tall Round Hem Crew Neck T-Shirt,T-Shirts,0,0,1,2024-04-01 00:00:00
p_fcv57d39m8,Carbon Short Sleeve V-Neck T-Shirt,T-Shirts,0,0,0,2024-04-01 00:00:00
p_n6hvkgussy,Carbon Waffle Hoodie,Hoodie,0,0,4,2024-04-01 00:00:00
p_yg5234hu8z,Centurion Short Sleeve Sweater Polo Shirt,Polos,0,0,2,2024-04-01 00:00:00
p_qcw7eb8td6,Charcoal Heather Active Comfort Full Zip Hoodie,Hoodie,0,0,0,2024-04-01 00:00:00
p_agkp4c43e4,Charcoal Heather Active Comfort Pullover Hoodie,Hoodie,1,1,2,2024-04-01 00:00:00
p_cn8axvjmp9,Charcoal Heather Gray Active Comfort Short,Athletic Shorts,1,1,5,2024-04-01 00:00:00
p_6c6nrcr2c3, Short Sleeve T-Shirt | Active Crew Neck | Charcoal Heather Gray,T-Shirts,0,0,1,2024-04-01 00:00:00
p_znfcswnte7,Charcoal Heather Gray Active Hoodie,Hoodie,3,2,11,2024-04-01 00:00:00
p_bdbtrvs35c,Charcoal Heather Gray Active Joggers,Sweatpants & Joggers,0,0,1,2024-04-01 00:00:00
p_pxnmvcumyj,Charcoal Heather Gray Do-It-All Comfort Long Sleeve Button Up Shirt,Button Down Shirts,4,1,4,2024-04-01 00:00:00
p_yra4pxjn2n,Charcoal Heather Gray Fleece French Terry Full Zip,Hoodie,0,0,0,2024-04-01 00:00:00
p_k727r3s7q8,Charcoal Heather Gray Fleece French Terry Jogger,Sweatpants & Joggers,0,0,0,2024-04-01 00:00:00
p_qsxubmrtfw,Long Sleeve Tee | Loungewear | Charcoal Heather Gray,T-Shirts,0,0,0,2024-04-01 00:00:00
p_hrqsaa2u6g,Charcoal Heather Gray Loungewear Pant,Pants,0,0,0,2024-04-01 00:00:00
p_z9gg92dcqx,Charcoal Heather Gray Short Sleeve Polo Shirt,Polos,1,1,1,2024-04-01 00:00:00
p_3shyn5zkky,Charcoal Heather Gray Tall Crew T-Shirt,T-Shirts,0,0,0,2024-04-01 00:00:00
p_mvqwbcmhah,Charcoal Heather Gray Tall Round Hem Crew Neck T-Shirt,T-Shirts,0,0,7,2024-04-01 00:00:00
p_yupfqc6yfm,Charcoal Heather Gray Short Sleeve V-Neck T-Shirt,T-Shirts,2,1,1,2024-04-01 00:00:00
p_6k245nh69q,Crimson Long Sleeve Crew Neck T-Shirt,T-Shirts,0,0,0,2024-04-01 00:00:00
p_rhxjthz5x8,Dark Heather Burgundy Active Comfort Short,Swim Shorts,0,0,0,2024-04-01 00:00:00
p_ucy8r4cqe3,Dark Heather Burgundy Active Joggers,Sweatpants & Joggers,0,0,0,2024-04-01 00:00:00
p_2eh6mejec7,Dark Heather Cadet Active Crew Neck T-Shirt,T-Shirts,0,0,0,2024-04-01 00:00:00
p_sfn5q4bv26,Dark Heather Cadet Short Sleeve Active Polo Shirt,Polos,7,1,7,2024-04-01 00:00:00
p_ncvpa3z4h7,Dark Heather Cadet Long Sleeve Active Crew Neck T-Shirt,T-Shirts,0,0,0,2024-04-01 00:00:00
p_6njreat3aq,Dark Heather Cocoa Active Crew Neck T-Shirt,T-Shirts,0,0,0,2024-04-01 00:00:00
p_mjrxd2wgtf,Dark Heather Cocoa Short Sleeve Active Polo Shirt,Polos,0,0,0,2024-04-01 00:00:00
p_zf9muhc3as,Dark Heather Indigo Active Comfort Short,Shorts,0,0,0,2024-04-01 00:00:00
p_x5p88uuzy5,Dark Heather Indigo Active Joggers,Sweatpants & Joggers,0,0,2,2024-04-01 00:00:00
p_npx42jpcmt,Dark Heather Military Green Active Comfort Short,Shorts,0,0,0,2024-04-01 00:00:00
p_9m3e7uj62s,Dark Heather Military Green Active Joggers,Sweatpants & Joggers,0,0,0,2024-04-01 00:00:00
p_t2tpzxuynp,Dark Heather Navy Active Joggers,Sweatpants & Joggers,0,0,0,2024-04-01 00:00:00
p_vybqnpjdfb,Dark Heather Tempest Active Crew Neck T-Shirt,T-Shirts,0,0,0,2024-04-01 00:00:00
p_gzgm33n9cz,Dark Heather Tempest Short Sleeve Active Polo Shirt,Polos,7,1,6,2024-04-01 00:00:00
p_sph8dsebwy,Dark Oak Fleece French Terry Pullover Crew Neck Sweatshirt,Sweatshirt,0,0,0,2024-04-01 00:00:00
p_zpj5m6rzbh,Dark Oak Fleece French Terry Pullover Hoodie,Hoodie,1,1,1,2024-04-01 00:00:00
p_bvsv82u2jt,Dark Oak Fleece French Terry Zip Hoodie,Hoodie,0,0,0,2024-04-01 00:00:00
p_xdyn8gxhhe,Dark Oak Long Sleeve Waffle Crew,Sweatshirt,0,0,0,2024-04-01 00:00:00
p_hvyht2dd2v,Dark Oak Slim Twill Chino Pant,Pants,0,0,1,2024-04-01 00:00:00
p_9mtccasba9,Dark Oak Waffle Hoodie,Hoodie,0,0,0,2024-04-01 00:00:00
p_2wxxfw7mca,Dark Olive Fleece Shacket,Shirt Jackets,0,0,0,2024-04-01 00:00:00
p_b3ppfm2vay,Dark Olive Long Sleeve Waffle Crew,Shirt,0,0,0,2024-04-01 00:00:00
p_a6yxedr8jx,Dark Purple Short Sleeve V-Neck T-Shirt ,T-Shirts,0,0,0,2024-04-01 00:00:00
p_zwwudtzed5,Deep Sea Blue Heather Active Hoodie,Hoodie,1,1,4,2024-04-01 00:00:00
p_9y7p8njxta,Deep Sea Blue Heather Active Long Sleeve Crew T-Shirt,T-Shirts,0,0,0,2024-04-01 00:00:00
p_wht3v5efkm,Deep Sea Blue Long Sleeve Waffle Crew,T-Shirts,0,0,0,2024-04-01 00:00:00
p_z7xekuufwm,Ecru Do-It-All Comfort Long Sleeve Button Up Shirt,Button Down Shirts,4,1,10,2024-04-01 00:00:00
p_kvuhf7884a,Electric Blue Short Sleeve Polo Shirt,Polos,0,0,1,2024-04-01 00:00:00
p_ysyjzgmtu6,Evergreen Heather Active Hoodie,Hoodie,0,0,0,2024-04-01 00:00:00
p_shc7xvk932,Evergreen Heather Active Long Sleeve Crew Neck T-Shirt,T-Shirts,0,0,0,2024-04-01 00:00:00
p_2d43kb3hj3,Evergreen Heather Long Sleeve Waffle Crew,Sweatshirt,0,0,0,2024-04-01 00:00:00
p_yszdpmgyju,Evergreen Sweater Scarf,Scarf,0,0,0,2024-04-01 00:00:00
p_ydptv6rbpw,Gradient Classic Polarized Sunglasses,Sunglasses,0,0,2,2024-04-01 00:00:00
p_3wdph5p4a5,Gunmetal Puffer Vest,Outerwear Vests,0,0,0,2024-04-01 00:00:00
p_2c7s8a7bmw,Heather Black Active Jogger,Sweatpants & Joggers,1,1,3,2024-04-01 00:00:00
p_dny6u2yy3n,Heather Burgundy Active Crew Neck T-Shirt,T-Shirts,0,0,0,2024-04-01 00:00:00
p_5a5sfcgqkq,Heather Burgundy Active Long Sleeve Crew Neck T-Shirt,T-Shirts,0,0,1,2024-04-01 00:00:00
p_ctw749pxad,Heather Burgundy Long Sleeve Crew Neck T-Shirt,T-Shirts,0,0,0,2024-04-01 00:00:00
p_pqwkc9p2hu,Heather Burgundy Short Sleeve Crew Neck T-Shirt,T-Shirts,0,0,1,2024-04-01 00:00:00
p_a2wcem7cms,Heather Burgundy Short Sleeve V-Neck T-Shirt,T-Shirts,0,0,0,2024-04-01 00:00:00
p_25hy766nzk,Heather Cayenne Short Sleeve Crew Neck T-Shirt,T-Shirts,0,0,0,2024-04-01 00:00:00
p_x7cgdhmyp3,Heather Navy Short Sleeve Polo Shirt,Polos,7,3,6,2024-04-01 00:00:00
p_2hkre8aznc,Military Green Tall Straight Hem Crew Neck T-Shirt,T-Shirts,0,0,0,2024-04-01 00:00:00
p_73kjt62een,Heather Cayenne Short Sleeve Polo Shirt,Polos,4,1,3,2024-04-01 00:00:00
p_dpgtwv5dut,Heather Cayenne Short Sleeve Tall Polo,Polos,0,0,0,2024-04-01 00:00:00
p_rpenkmstmg,Heather Centurion Active Crew Neck T-Shirt,T-Shirts,0,0,0,2024-04-01 00:00:00
p_kzqm93unyy,Heather Cocoa Active Crew Neck T-Shirt,T-Shirts,0,0,1,2024-04-01 00:00:00
p_rua2yj3jmt,Heather Dark Oak Crew Short Sleeve Neck T-Shirt,T-Shirts,0,0,0,2024-04-01 00:00:00
p_cve5gy56m8,Heather Dark Oak Short Sleeve V-Neck T-Shirt,T-Shirts,0,0,0,2024-04-01 00:00:00
p_cvrhss99ts,Heather Dark Orchid Short Sleeve V-Neck T-Shirt,Shirt,0,0,0,2024-04-01 00:00:00
p_y3r2ug2mpu,Heather Forest Active Crew Neck T-Shirt,T-Shirts,0,0,0,2024-04-01 00:00:00
p_h75hjs7973,Heather Forest Short Sleeve Active Polo Shirt,Polos,7,1,7,2024-04-01 00:00:00
p_x5pshyk4q9,Heather Graphite Short Sleeve Polo Shirt,Polos,1,1,2,2024-04-01 00:00:00
p_g4xkdswn5e,Heather Gray Active Comfort Short,Shorts,0,0,0,2024-04-01 00:00:00
p_9p8bns7rmp,Heather Gray Active Crew Socks 3-Pack,Socks,0,0,0,2024-04-01 00:00:00
p_bjecaeres5,Heather Gray Active Never Show Socks 3-Pack,Socks,0,0,1,2024-04-01 00:00:00
p_nw97q8x9x2,Heather Gray Ankle Socks 3-Pack,Socks,1,1,2,2024-04-01 00:00:00
p_n3jnq4u8q7,Heather Gray Crew Neck Sweater,Knit Sweaters,0,0,2,2024-04-01 00:00:00
p_gbh9ypmsjv,Heather Gray Do-It-All Comfort Long Sleeve Button Up Shirt,Button Down Shirts,0,0,0,2024-04-01 00:00:00
p_bz2jmxhgzb,Heather Gray Fleece French Terry Joggers,Sweatpants & Joggers,1,1,3,2024-04-01 00:00:00
p_dvj7aj4rxq,Heather Gray Fleece French Terry Pullover Crew Neck Sweatshirt,Sweatshirt,1,1,3,2024-04-01 00:00:00
p_ttdapkruav,Heather Gray Fleece French Terry Pullover Hoodie,Hoodie,1,1,6,2024-04-01 00:00:00
p_e3w27784ez,Heather Gray Long Sleeve Lightweight Flannel Shirt,Button Down Shirts,0,0,2,2024-04-01 00:00:00
p_7cvqeq727k,Heather Gray Long Sleeve Polo Shirt,Polos,0,0,0,2024-04-01 00:00:00
p_36tjt6cs8z,Heather Gray Pique Crew Sweater,Knit Sweaters,0,0,0,2024-04-01 00:00:00
p_mbdbf8ya5d,Heather Gray Sweater Long Sleeve Button Up Shirt,Button Down Shirts,0,0,4,2024-04-01 00:00:00
p_gzymf76rmw,Heather Navy Loungewear Jogger,Sweatpants & Joggers,0,0,0,2024-04-01 00:00:00
p_8nxyvmkrbc,Heather Navy Loungewear Pant,Pants,0,0,0,2024-04-01 00:00:00
p_yb98yp2sqv,Indigo Rinse Slim Authentic Stretch Jeans,Jeans,0,0,1,2024-04-01 00:00:00
p_juu2rq3qu8,Indigo Rinse Straight Authentic Stretch Jeans,Jeans,0,0,1,2024-04-01 00:00:00
p_jwjqtb338j,Khaki Comfort Chino Pants,Pants,1,1,8,2024-04-01 00:00:00
p_t83m3bqcj4,Khaki Commuter Pant,Pants,7,1,7,2024-04-01 00:00:00
p_spf5g5jf32,Khaki Slim Twill Chino,Pants,1,1,2,2024-04-01 00:00:00
p_jx3q5n329x,Khaki Straight Twill Chino,Pants,1,1,3,2024-04-01 00:00:00
p_rhugz6jch8,Light Indigo Wash Slim Authentic Stretch Jeans,Jeans,0,0,0,2024-04-01 00:00:00
p_katetzgtwe,Light Indigo Wash Straight Authentic Stretch Jeans,Jeans,0,0,2,2024-04-01 00:00:00
p_s57sjtnm4q,Meadow Straight Twill Chino,Pants,0,0,3,2024-04-01 00:00:00
p_d3c8r9bpvv,Medium Indigo Wash Slim Authentic Stretch Jeans,Jeans,1,1,10,2024-04-01 00:00:00
p_xgzt58skmg,Medium Indigo Wash Straight Authentic Stretch Jeans,Jeans,0,0,1,2024-04-01 00:00:00
p_egd9fym6xg,Navy Commuter Pant,Pants,7,1,6,2024-04-01 00:00:00
p_ymb5bq3vdv,Navy Fleece Shacket,Shirt Jackets,0,0,1,2024-04-01 00:00:00
p_accagka8uw,Reversible Dress Belt,Belt,0,0,0,2024-04-01 00:00:00
p_pjpnhtycns,Sandstone Commuter Pant,Pants,0,0,0,2024-04-01 00:00:00
p_dks9q92uqc,Heather Gray Tall Round Hem Crew Neck T-Shirt,T-Shirts,0,0,1,2024-04-01 00:00:00
p_udqn8s72v2,Navy Tall Round Hem Crew Neck T-Shirt,T-Shirts,0,0,0,2024-04-01 00:00:00
p_8y5vsf82td,Heather Emerald Short Sleeve Crew Neck T-Shirt,T-Shirts,0,0,0,2024-04-01 00:00:00
p_xqh3f9cwus,Heather Emerald Short Sleeve V-Neck T-Shirt,T-Shirts,0,0,0,2024-04-01 00:00:00
p_vst6extntp,Heather Gray Active Jogger,Sweatpants & Joggers,0,0,1,2024-04-01 00:00:00
p_75cz36rfz9,Heather Gray Sweater Hoodie,Hoodie,0,0,1,2024-04-01 00:00:00
p_6cj8gtxf2x,Heather Gray Tall Long Sleeve T-Shirt,Shirt,0,0,1,2024-04-01 00:00:00
p_34upddt2cp,Heather Gray Tall Straight Hem Crew Neck T-Shirt,T-Shirts,0,0,0,2024-04-01 00:00:00
p_behk4g2psv,Heather Gray Short Sleeve V-Neck T-Shirt,T-Shirts,0,0,0,2024-04-01 00:00:00
p_kgcgy98rwb,Heather Gray Waffle Hoodie,Hoodie,0,0,3,2024-04-01 00:00:00
p_6suxvjsvfc,Heather Indigo Tall Round Hem Crew Neck T-Shirt,T-Shirts,0,0,1,2024-04-01 00:00:00
p_jpmpa7s5yw,Heather Indigo Short Sleeve V-Neck T-Shirt,T-Shirts,0,0,0,2024-04-01 00:00:00
p_4pdddcg9t6,Heather Military Green Long Sleeve Crew T-Shirt,T-Shirts,1,1,2,2024-04-01 00:00:00
p_284qkebjr8,Heather Military Green Short Sleeve Polo Shirt,Polos,1,1,2,2024-04-01 00:00:00
p_tbp6wvu828,Heather Military Green Short Sleeve V-Neck T-Shirt,T-Shirts,0,0,0,2024-04-01 00:00:00
p_x8z28nbvwg,Heather Mist Short Sleeve Crew Neck T-Shirt,T-Shirts,0,0,0,2024-04-01 00:00:00
p_rejmm7td92,Heather Mist Short Sleeve V-Neck T-Shirt,T-Shirts,0,0,0,2024-04-01 00:00:00
p_6wj7x98tcn,Heather Navy Active Comfort Crew Sweatshirt,Sweatshirt,0,0,2,2024-04-01 00:00:00
p_mtqhyqahab,Heather Navy Active Comfort Pullover Hoodie,Hoodie,0,0,0,2024-04-01 00:00:00
p_bxnehsqcdv,Heather Navy Short Sleeve Active Polo Shirt,Polos,0,0,1,2024-04-01 00:00:00
p_7bmuq9q6qw,Heather Navy Long Sleeve Ripstop Commuter Shirt,Shirt,0,0,0,2024-04-01 00:00:00
p_g6dg3x3nta,Heather Navy Pique Crew Sweater,Knit Sweaters,0,0,0,2024-04-01 00:00:00
p_5gc6jyy4vw,Heather Navy Tall Round Hem Crew Neck T-Shirt,T-Shirts,0,0,1,2024-04-01 00:00:00
p_u4zzshtv4s,Heather Navy Short Sleeve V-Neck T-Shirt,Shirt,0,0,0,2024-04-01 00:00:00
p_7tce4kfut5,Heather Oatmeal Crew Neck Sweater,Knit Sweaters,0,0,0,2024-04-01 00:00:00
p_eyc8fnh7za,Heather Purple Short Sleeve Crew Neck T-Shirt,T-Shirts,0,0,1,2024-04-01 00:00:00
p_fzwwcz6x6s,Heather Sage Short Sleeve Crew Neck T-Shirt,T-Shirts,0,0,1,2024-04-01 00:00:00
p_xvg4py479t,Heather Sage V-Neck Short Sleeve T-Shirt,T-Shirts,0,0,0,2024-04-01 00:00:00
p_up97jdnnsw,Heather Sapphire Short Sleeve Crew Neck T-Shirt,T-Shirts,1,1,2,2024-04-01 00:00:00
p_84xru5kzx9,Heather Dusty Pink Short Sleeve Crew Neck T-Shirt,T-Shirts,0,0,1,2024-04-01 00:00:00
p_xrvchd55bc,Heather Military Green Short Sleeve Tall Crew,Screen Printed T-Shirts,0,0,0,2024-04-01 00:00:00
p_xqcme6qpqk,Heather Navy Active Comfort Full Zip Hoodie,Hoodie,0,0,0,2024-04-01 00:00:00
p_5f676x59tf,Long Sleeve Tee | Loungewear | Heather Navy,T-Shirts,0,0,0,2024-04-01 00:00:00
p_ztgcvk5gkn,Short Sleeve Tee | Loungewear | Heather Navy,T-Shirts,0,0,0,2024-04-01 00:00:00
p_spgwfvgehe,Heather Navy Sweater Long Sleeve Button Up Shirt,Button Down Shirts,0,0,0,2024-04-01 00:00:00
p_6mr5zpx479,Indigo Wash Straight Fit Comfort Jeans,Jeans,0,0,1,2024-04-01 00:00:00
p_5bvpjy99x9,Ivory Active Jacket,Jacket,0,0,1,2024-04-01 00:00:00
p_23ej4qec4x,Khaki Coaches Jacket,Jacket,0,0,0,2024-04-01 00:00:00
p_ukpa96wyhm,Light Gray Stretch Oxford Long Sleeve Button Up Shirt,Button Down Shirts,0,0,1,2024-04-01 00:00:00
p_mzcrkdhuvj,Light Heather Gray Tall Round Hem Crew Neck T-Shirt,T-Shirts,9,1,3,2024-04-01 00:00:00
p_f7jft6kfqg,Light Indigo Wash Long Sleeve Chambray Shirt,Shirt,0,0,3,2024-04-01 00:00:00
p_ae6rxxhgmc,Medium Indigo Wash Long Sleeve Chambray Shirt,Shirt,0,0,1,2024-04-01 00:00:00
p_4axmubbqfb,Medium Indigo Wash Slim Fit Comfort Jeans,Jeans,0,0,0,2024-04-01 00:00:00
p_6b6wk8uxa6,Military Green Comfort Chino Pants,Pants,0,0,3,2024-04-01 00:00:00
p_ewa8pkqm8u,Military Green Fleece French Terry Jogger,Sweatpants & Joggers,0,0,3,2024-04-01 00:00:00
p_9fu3j9tbue,Military Green Tall Round Hem Crew Neck T-Shirt,T-Shirts,9,1,3,2024-04-01 00:00:00
p_26dpvscejy,Navy Comfort Chino Pants,Pants,0,0,5,2024-04-01 00:00:00
p_gqs2hwpkjy,Navy Commuter Long Sleeve Button Up Shirt,Shirt,1,1,1,2024-04-01 00:00:00
p_e58dmnpc9e,Navy Fleece French Terry Jogger,Sweatpants & Joggers,0,0,0,2024-04-01 00:00:00
p_r3gbt3j2kw,Navy Long Sleeve Button Up Shirt,Shirt,0,0,0,2024-04-01 00:00:00
p_byy2kmxasx,Navy Long Sleeve Lightweight Flannel Shirt,Shirt,0,0,0,2024-04-01 00:00:00
p_dr2dsqwwjd,Navy Performance Lightweight Dress Shirt,Button Down Shirts,0,0,0,2024-04-01 00:00:00
p_2d9wqf9yrd,Navy Puffer Vest,Outerwear Vests,0,0,0,2024-04-01 00:00:00
p_m753ak35t9,Navy Stretch Oxford Long Sleeve Button Up Shirt,Shirt,0,0,0,2024-04-01 00:00:00
p_wzprzguypw,Sandstone Comfort Chino Pants,Pants,2,2,6,2024-04-01 00:00:00
p_fyejvaduhb,Stone Blue Active Jogger,Sweatpants & Joggers,0,0,0,2024-04-01 00:00:00
p_gv8hh5kma3,Stone Stretch Oxford Long Sleeve Button Up Shirt,Button Down Shirts,0,0,1,2024-04-01 00:00:00
p_9absn9mpzt,Suede Brown Comfort Chino Pant,Pants,1,1,1,2024-04-01 00:00:00
p_f3zjdpjr6y,White Active Ankle Socks 3-Pack,Socks,0,0,0,2024-04-01 00:00:00
p_vdzeqmc9rs,White Active Crew Socks 3-Pack,Socks,0,0,0,2024-04-01 00:00:00
p_u9kx69bqms,White Active Never Show Socks 3-Pack,Socks,0,0,0,2024-04-01 00:00:00
p_jybua995rp,White Long Sleeve Button Up Shirt,Button Down Shirts,0,0,1,2024-04-01 00:00:00
p_yabrk8yt6y,White Commuter Long Sleeve Button Up Shirt,Button Down Shirts,1,1,5,2024-04-01 00:00:00
p_jc3jqkdafw,White Commuter Short Sleeve Button Up,Button Down Shirts,0,0,0,2024-04-01 00:00:00
p_hvfwhakq9c,White Performance Lightweight Dress Shirt,Button Down Shirts,0,0,0,2024-04-01 00:00:00
p_btfq53bzn6,White Short Sleeve Active Polo Shirt,Polos,0,0,0,2024-04-01 00:00:00
p_p42j2ebh8r,White Short Sleeve Button Up Shirt,Shirt,1,1,1,2024-04-01 00:00:00
p_xug2xuwpqn,White Stretch Oxford Long Sleeve Button Up Shirt,Shirt,0,0,2,2024-04-01 00:00:00
p_2xrckgaktx,White Tall Round Hem Crew Neck T-Shirt,T-Shirts,14,3,4,2024-04-01 00:00:00
p_p29249kscd,White Waffle Hoodie,Hoodie,0,0,0,2024-04-01 00:00:00
p_395td7np9f,Heather Military Green Short Sleeve Tall Polo Shirt,Polos,0,0,1,2024-04-01 00:00:00
p_tmjb73g498,Heather Navy Short Sleeve Tall Polo Shirt,Polos,0,0,2,2024-04-01 00:00:00
p_p7dtyf9kd8,Heather Pale Blue Short Sleeve V-Neck T-Shirt,T-Shirts,0,0,0,2024-04-01 00:00:00
p_3fgxkpaxye,Heather Seafarer Short Sleeve Polo Shirt,Polos,0,0,0,2024-04-01 00:00:00
p_jre675wesy,Heather Seafarer Short Sleeve Tall Polo Shirt,Polos,0,0,0,2024-04-01 00:00:00
p_mqgpa9st88,Heather Sapphire Short Sleeve V-Neck T-Shirt,T-Shirts,0,0,0,2024-04-01 00:00:00
p_vaexg8brvb,Heather Navy Short Sleeve Tall Crew,T-Shirts,0,0,1,2024-04-01 00:00:00
p_dqknx7njuf,Heather Slate Green Short Sleeve Polo Shirt,Polos,4,1,4,2024-04-01 00:00:00
p_zscv6ea69y,Heather Voyager Short Sleeve Crew Neck T-Shirt,T-Shirts,0,0,0,2024-04-01 00:00:00
p_jzwpw7njj6,Heather Voyager Short Sleeve Polo Shirt,Polos,0,0,0,2024-04-01 00:00:00
p_6e9uas44v6,Heather Voyager Short Sleeve V-Neck T-Shirt,T-Shirts,0,0,0,2024-04-01 00:00:00
p_28xdw49sqx,Indigo Short Sleeve Crew Neck T-Shirt,T-Shirts,0,0,2,2024-04-01 00:00:00
p_79pyfxzssb,Indigo Short Sleeve V-Neck T-Shirt,T-Shirts,0,0,0,2024-04-01 00:00:00
p_cje82wcjgv,Iron Gray Active Crew Neck T-Shirt,T-Shirts,0,0,0,2024-04-01 00:00:00
p_42exp9424a,Light Heather Gray Active Crew Neck T-Shirt,T-Shirts,0,0,1,2024-04-01 00:00:00
p_8v2uvftad7,Light Heather Gray Short Sleeve Crew Neck T-Shirt,T-Shirts,2,1,3,2024-04-01 00:00:00
p_39k28x38p7,Light Heather Gray Short Sleeve Polo Shirt,Polos,1,1,2,2024-04-01 00:00:00
p_cgxstjpjhj,Light Khaki Short Sleeve Crew Neck T-Shirt,T-Shirts,0,0,0,2024-04-01 00:00:00
p_4rudftw6u6,Lilac Gray Short Sleeve V-Neck T-Shirt,T-Shirts,0,0,0,2024-04-01 00:00:00
p_zymrwj8fj9,Mahogany Short Sleeve Crew Neck T-Shirt,T-Shirts,0,0,1,2024-04-01 00:00:00
p_6b99p4bqsk,Mahogany Short Sleeve Polo Shirt,Polos,0,0,1,2024-04-01 00:00:00
p_tgudk6vxpb,Military Beige Short Sleeve V-Neck T-Shirt,T-Shirts,0,0,0,2024-04-01 00:00:00
p_cbxu2v3ntm,Military Green Short Sleeve Active Crew Neck T-Shirt,T-Shirts,1,1,7,2024-04-01 00:00:00
p_j9ak85wp57,Military Green Active Quick Dry Short with Liner,Shorts,0,0,12,2024-04-01 00:00:00
p_tfc9aqbuz4,Military Green Short Sleeve Crew Neck T-Shirt,T-Shirts,6,2,25,2024-04-01 00:00:00
p_ch6qn6a8en,Military Green Short Sleeve V-Neck T-Shirt,T-Shirts,0,0,0,2024-04-01 00:00:00
p_t4px9w63de,Navy Short Sleeve Crew Neck T-Shirt,T-Shirts,5,2,10,2024-04-01 00:00:00
p_cty4s4ehz9,Orange Short Sleeve V-Neck T-Shirt,T-Shirts,0,0,0,2024-04-01 00:00:00
p_wc3k5eupk3,Oxford Blue Short Sleeve V-Neck T-Shirt,T-Shirts,0,0,0,2024-04-01 00:00:00
p_zc2fube8nb,Periwinkle Blue Short Sleeve Polo Shirt,Polos,0,0,0,2024-04-01 00:00:00
p_hed6qt6arh,Raspberry Short Sleeve Polo Shirt,Polos,0,0,0,2024-04-01 00:00:00
p_uwx92gahmk,Mahogany Long Sleeve Henley,T-Shirts,1,1,1,2024-04-01 00:00:00
p_mdphbu2y54,Indigo Long Sleeve T-Shirt,T-Shirts,0,0,0,2024-04-01 00:00:00
p_vhh2e6dge7,Mellow Yellow Short Sleeve Crew Neck T-Shirt,T-Shirts,0,0,0,2024-04-01 00:00:00
p_w24fe8f3xz,Mellow Yellow Short Sleeve V-Neck T-Shirt,T-Shirts,0,0,0,2024-04-01 00:00:00
p_77barf9kfn,Mahogany Long Sleeve Waffle Crew,Sweatshirt,0,0,0,2024-04-01 00:00:00
p_624s29xq4x,Sweater Scarf | Black,Scarf,0,0,0,2024-04-01 00:00:00
p_c4xj5zhjn2,Heather Navy Sweater Button Up Shirt,Button Down Shirts,0,0,0,2024-04-01 00:00:00
p_qek9etj5vj,Heather Voyager Short Sleeve Crew Neck T-Shirt,Shirt,0,0,0,2024-04-01 00:00:00
p_u9qz9yabud,Indigo Wash Slim Fit Comfort Jeans,Jeans,0,0,0,2024-04-01 00:00:00
p_h5b94d3deu,Centurion Short Sleeve Sweater Polo,Polos,0,0,0,2024-04-01 00:00:00
p_erspmns4ce,Heather Seafarer Short Sleeve V-Neck Neck T-Shirt,Shirt,0,0,0,2024-04-01 00:00:00
p_q4h28hmd8q,Never Show Socks | Active | 3-Pack | Black,Socks,0,0,0,2024-04-01 00:00:00
p_aj2ry7xdv9,"Chino Shorts | Comfort | 7"" | Rosewood",Shorts,0,0,2,2024-04-01 00:00:00
p_9y7cp9jumm,"Shorts | Classic Twill | 9"" | Sandstone",Shorts,0,0,1,2024-04-01 00:00:00
p_3pskc4cwbp,"Shorts | Classic Twill | 9"" Khaki",Shorts,0,0,3,2024-04-01 00:00:00
p_6bn53rdnz2,"Shorts | Classic Twill | 9"" | Navy",Shorts,0,0,0,2024-04-01 00:00:00
p_h4877neu4n,Sandstone Commuter Short,Shorts,0,0,10,2024-04-01 00:00:00
p_xsbj94sm6q,Heather Gray Fleece French Terry Short,Shorts,0,0,0,2024-04-01 00:00:00
p_jqam2z9s7w,"Chino Shorts | Comfort | 9"" | Ivory",Shorts,0,0,0,2024-04-01 00:00:00
p_kvcynwabcy,"Chino Shorts | Comfort | 9"" | Sandstone",Shorts,0,0,2,2024-04-01 00:00:00
p_7y7ms9wtr4,Shorts | Active Comfort | Black,Shorts,0,0,1,2024-04-01 00:00:00
p_r5du83g9df,Shorts | Active | Quick Dry with Liner | Black,Swim Shorts,0,0,2,2024-04-01 00:00:00
p_7pvp4dcq5n,Carbon Active Quick Dry Short with Liner,Swim Shorts,6,1,1,2024-04-01 00:00:00
p_gmhetj6qvj,Long Sleeve Button Up Shirt | Stretch Oxford | Banker Blue,Button Down Shirts,0,0,1,2024-04-01 00:00:00
p_8q3s9r6qwu,Hoodie | Active Comfort | Full Zip | Black,Hoodie,1,1,2,2024-04-01 00:00:00
p_fc9era585c,Jacket | Active | Black,Athletic Jackets,0,0,2,2024-04-01 00:00:00
p_m26ckp2n6s,Black Tall Round Hem Crew Neck T-Shirt,T-Shirts,14,3,19,2024-04-01 00:00:00
p_cfg5xu3gvw,Dark Olive Short Sleeve Crew Neck T-Shirt,T-Shirts,0,0,0,2024-04-01 00:00:00
p_yhput7au44,Dark Olive Long Sleeve Henley,T-Shirts,1,1,1,2024-04-01 00:00:00
p_ez9ax3esv6,Emerald Long Sleeve Crew Neck T-Shirt,T-Shirts,0,0,0,2024-04-01 00:00:00
p_8vx6ygsmsd,Heather Gray Hooded Long Sleeve T-Shirt,Hoodie,0,0,1,2024-04-01 00:00:00
p_23ubcbvz89,Heather Gray Never Show Socks 3-Pack,Socks,0,0,0,2024-04-01 00:00:00
p_pz6x448p9t,Heather Gray Short Sleeve Sweater Polo Shirt,Knit Tops,0,0,1,2024-04-01 00:00:00
p_jg78h55jmw,Heather Gray Sweater Beanie,Beanie,0,0,0,2024-04-01 00:00:00
p_w7ysprckp8,Heather Navy Active Comfort Straight Leg Pant,Sweatpants & Joggers,0,0,0,2024-04-01 00:00:00
p_8nnyqj3ewe,Heather Emerald Tall Round Hem Crew Neck T-Shirt,T-Shirts,0,0,1,2024-04-01 00:00:00
p_ttezb89gxf,Heather Mauve Short Sleeve Crew Neck T-Shirt,T-Shirts,0,0,1,2024-04-01 00:00:00
p_qtjb9pcnn3,Heather Navy Active Shell Jacket,Jacket,0,0,2,2024-04-01 00:00:00
p_f92h3kv2cv,Heather Pale Blue Short Sleeve Crew Neck T-Shirt,T-Shirts,0,0,10,2024-04-01 00:00:00
p_vjgaj8nyrd,Heather Gray Sweater Scarf,Scarf,0,0,0,2024-04-01 00:00:00
p_dy7mjs4bpm,Sleeveless Muscle Tee | Active | Light Heather Gray,Tank Top,0,0,1,2024-04-01 00:00:00
p_6sdgsje2m3,Mahogany Fleece French Terry Jogger,Sweatpants & Joggers,0,0,0,2024-04-01 00:00:00
p_xfct3t2vkk,Mahogany Waffle Hoodie,Hoodie,0,0,1,2024-04-01 00:00:00
p_wtnvenruq9,Medium indigo Wash Straight Fit Comfort Jeans,Jeans,0,0,0,2024-04-01 00:00:00
p_v8pfb5wryd,Military Green Waffle Hoodie,Hoodie,1,1,3,2024-04-01 00:00:00
p_x525p5gyt4,Moss Short Sleeve Sweater Polo Shirt,T-Shirts,0,0,2,2024-04-01 00:00:00
p_t58yx24wsb,Navy Hooded Long Sleeve T-Shirt,Sweatshirt,0,0,0,2024-04-01 00:00:00
p_msfd479sz8,Navy Short Sleeve Button Up Shirt,Shirt,5,1,3,2024-04-01 00:00:00
p_mau5qbhasg,Navy Short Sleeve Sweater Polo Shirt,Knit Sweaters,0,0,1,2024-04-01 00:00:00
p_kccxqadagn,Navy Waffle Hoodie,Hoodie,0,0,0,2024-04-01 00:00:00
p_dbg2vhd8gn,Navy Waffle Long Sleeve Crew Neck,Sweatshirt,0,0,0,2024-04-01 00:00:00
p_7kzk6kwsxk,Oatmeal Sweater Hoodie,Hoodie,0,0,4,2024-04-01 00:00:00
p_xhubfpt2bh,Olive Long Sleeve Ripstop Commuter Shirt,Shirt,0,0,0,2024-04-01 00:00:00
p_29wrd4wkfa,Pale Blue Button Up Shirt,Button Down Shirts,0,0,5,2024-04-01 00:00:00
p_u2rhgedcvp,White Long Sleeve Polo Shirt,Polos,0,0,0,2024-04-01 00:00:00
p_5e7t6v6gv8,Heather Sapphire Short Sleeve V-Neck T-Shirt,T-Shirts,0,0,0,2024-04-01 00:00:00
p_wctjf5cy38,Heather Seafarer Short Sleeve Crew Neck T-Shirt,T-Shirts,0,0,4,2024-04-01 00:00:00
p_dxzcer2fk8,Heather Slate Green Short Sleeve Crew Neck T-Shirt,T-Shirts,0,0,2,2024-04-01 00:00:00
p_dbcpnaxxzz,Navy Boxer Briefs 3-Pack,Underwear,0,0,0,2024-04-01 00:00:00
p_4juc2hdg85,Navy Tall Straight Hem Crew Neck T-Shirt,T-Shirts,0,0,2,2024-04-01 00:00:00
p_drc7rrjfsv,Mahogany Long Sleeve T-Shirt,Shirt,0,0,0,2024-04-01 00:00:00
p_rpcku7uhxu,Mahogany Short Sleeve V-Neck T-Shirt,T-Shirts,0,0,1,2024-04-01 00:00:00
p_jj6vbqjbcj,Navy Boxer Trunks 3-Pack,Underwear,0,0,2,2024-04-01 00:00:00
p_zm5cpgbxrk,Sapphire Short Sleeve Crew Neck T-Shirt,T-Shirts,0,0,9,2024-04-01 00:00:00
p_npv4nzv5x2,Sapphire Short Sleeve Polo Shirt,Polos,4,1,2,2024-04-01 00:00:00
p_ps2ys9u9da,Short Sleeve T-Shirt | Crew Neck | Steel,T-Shirts,0,0,5,2024-04-01 00:00:00
p_wue6hk6hmr,Short Sleeve T-Shirt | V-Neck | Steel,T-Shirts,0,0,0,2024-04-01 00:00:00
p_avsdr3kjaw,Military Green Boxer Briefs 3-Pack,Underwear,0,0,3,2024-04-01 00:00:00
p_9xxg4dd5wv,Navy Tall Long Sleeve T-Shirt,Shirt,0,0,0,2024-04-01 00:00:00
p_4qvba3a9f7,Off White Short Sleeve Crew Neck T-Shirt,T-Shirts,1,1,10,2024-04-01 00:00:00
p_rh632vzkvf,Raspberry Short Sleeve Crew Neck T-Shirt,T-Shirts,0,0,0,2024-04-01 00:00:00
p_jgnjyyepyv,White Short Sleeve Crew Neck T-Shirt,T-Shirts,9,2,5,2024-04-01 00:00:00
p_2nzpxxx9qd,White Tall Long Sleeve T-Shirt,T-Shirts,0,0,0,2024-04-01 00:00:00
p_fsr8s5rfne,Navy Tall Active Crew Neck,T-Shirts,2,1,1,2024-04-01 00:00:00
p_xzhwz3h8uh,Heather Light Khaki Crew Neck,Sweatshirt,0,0,1,2024-04-01 00:00:00
p_g2f7b4qvq8,Kelly Green Short Sleeve Crew Neck T-Shirt,T-Shirts,0,0,0,2024-04-01 00:00:00
p_jdmt24d7hn,Pale Blue Short Sleeve Crew Neck T-Shirt,T-Shirts,0,0,5,2024-04-01 00:00:00
p_xx645fy2er,Pink Opal Short Sleeve Crew Neck T-Shirt,T-Shirts,0,0,1,2024-04-01 00:00:00
p_m9zcd62yqy,Sandstone Short Sleeve Crew Neck T-Shirt,T-Shirts,0,0,4,2024-04-01 00:00:00
p_4m97kku3wq,Tan 499 Short Sleeve Crew Neck T-Shirt,T-Shirts,5,2,11,2024-04-01 00:00:00
p_6q2v79acx5,Light Blue Short Sleeve V-Neck T-Shirt,T-Shirts,0,0,0,2024-04-01 00:00:00
p_ce7amvu2k2,Light Heather Short Sleeve Gray V-Neck T-Shirt,T-Shirts,0,0,0,2024-04-01 00:00:00
p_ar4zzgjk5p,Periwinkle Blue Short Sleeve Crew Neck T-Shirt,T-Shirts,0,0,0,2024-04-01 00:00:00
p_e34ttzx6kf,True Red Short Sleeve Crew Neck T-Shirt,T-Shirts,0,0,0,2024-04-01 00:00:00
p_qsrzg2ce35,Turquoise Short Sleeve Crew Neck T-Shirt,T-Shirts,0,0,2,2024-04-01 00:00:00
p_bg7f7edphc,Stone Blue Active Comfort Short,Shorts,0,0,1,2024-04-01 00:00:00
p_ka34xhhhr8,Indigo Boxer Briefs 3-Pack,Underwear,0,0,0,2024-04-01 00:00:00
p_axzk47pvme,Teal Boxer Briefs 3-Pack,Underwear,0,0,3,2024-04-01 00:00:00
p_cnrb9yncvy,White Half Crew Sock 3-Pack,Socks,0,0,1,2024-04-01 00:00:00
p_pkqtyg3hqm,White Never Show Socks 3-Pack,Socks,0,0,0,2024-04-01 00:00:00
p_8q6fwp8wgq,Yellow Short Sleeve Polo Shirt,Polos,0,0,0,2024-04-01 00:00:00
p_8497zwuxp3,Mahogany Fleece French Terry Pullover Crew Sweatshirt,Sweatshirt,1,1,1,2024-04-01 00:00:00
p_dcqnnrpypu,Long Sleeve Tee And Jogger Set | Loungewear | Charcoal Heather Gray,Sweatshirt,0,0,0,2024-04-01 00:00:00
p_cc9s42vn4x,Short Sleeve Tee And Pant Set | Loungewear | Charcoal Heather Gray,Sweatpants & Joggers,0,0,0,2024-04-01 00:00:00
p_zwuqmdbfnt,Charcoal Heather Gray Short Sleeve Tall Active Crew Neck,T-Shirts,0,0,0,2024-04-01 00:00:00
p_un65wg283k,Long Sleeve Tee And Jogger Set | Loungewear | Heather Navy,Sweatshirt,0,0,0,2024-04-01 00:00:00
p_pqxd5rn6d9,Short Sleeve Tee And Pant Set | Loungewear | Heather Navy,Lounge Sweatpants & Joggers,0,0,0,2024-04-01 00:00:00
p_pznn6yemfk,Heather Navy Quarter Zip Performance Shirt,Athletic Tops,0,0,0,2024-04-01 00:00:00
p_f8nexh4476,Heather Navy Short Sleeve Tall Active Crew Neck,T-Shirts,0,0,0,2024-04-01 00:00:00
p_v4vw7cyjx6,White Short Sleeve Tall Active Crew Neck,T-Shirts,0,0,0,2024-04-01 00:00:00
p_fbcq86jv23,Heather Dusty Pink Short Sleeve V-Neck T-Shirt,T-Shirts,0,0,0,2024-04-01 00:00:00
p_d47n8u8fab,Black Long Sleeve Henley,Shirt,0,0,0,2024-04-01 00:00:00
p_7ekanr458k,Heather Burgundy Active Crew Neck T-Shirt,Shirt,0,0,0,2024-04-01 00:00:00
p_adhb2jnwk7,Military Green Tall Straight Hem Crew Neck T-Shirt,T-Shirts,0,0,0,2024-04-01 00:00:00
p_4xegh3d2dq,White Short Sleeve Active Polo Shirt,Polos,0,0,0,2024-04-01 00:00:00
p_jgj485u9gx,Heather Gray Hooded Long Sleeve T-Shirt,Hoodie,0,0,4,2024-04-01 00:00:00
p_5uvd4uv28m,Mahogany Waffle Hoodie,Hoodie,0,0,0,2024-04-01 00:00:00
p_qh5ucmcku5,Military Green Waffle Hoodie,Hoodie,0,0,0,2024-04-01 00:00:00
p_wrcbv4f2uu,Navy Hooded Long Sleeve T-Shirt,Sweatshirt,0,0,0,2024-04-01 00:00:00
p_3rcm54jqbs,Navy Waffle Hoodie,Hoodie,0,0,1,2024-04-01 00:00:00
p_vjd833ph3z,White Waffle Hoodie,Hoodie,0,0,0,2024-04-01 00:00:00
p_5uapency29,Navy Waffle Long Sleeve Crew Neck,Sweatshirt,0,0,2,2024-04-01 00:00:00
p_4ssfur9upr,Pale Blue Button Up Shirt,Button Down Shirts,4,1,3,2024-04-01 00:00:00
p_u9t2zm725p,Short Sleeve Active Polo Shirt | Black,Polos,0,0,0,2024-04-01 00:00:00
p_mnk33hmpwg,White Short Sleeve Active Polo,Polos,0,0,0,2024-04-01 00:00:00
p_ch7bwuavhv,Heather Gray Sweater Scarf,Scarf,0,0,0,2024-04-01 00:00:00
p_5crt48k7v7,Navy Short Sleeve Button Up Shirt,Shirt,0,0,0,2024-04-01 00:00:00
p_r6t642amsw,White Short Sleeve Button Up Shirt,Shirt,0,0,0,2024-04-01 00:00:00
p_pzx9wvv4qb,Heather Mauve Short Sleeve Crew Neck T-Shirt,T-Shirts,0,0,3,2024-04-01 00:00:00
p_tvdv27amhe,Heather Navy Active Comfort Straight Leg Pant,Sweatpants & Joggers,0,0,0,2024-04-01 00:00:00
p_2rhbv3znrg,Heather Navy Active Shell Jacket,Jacket,0,0,0,2024-04-01 00:00:00
p_ne28r8hbv2,Heather Seafarer Short Sleeve Crew Neck T-Shirt,T-Shirts,0,0,1,2024-04-01 00:00:00
p_yxq99tj7cv,Heather Slate Green Short Sleeve Crew Neck T-Shirt,Shirt,0,0,0,2024-04-01 00:00:00
p_2mwcc7hpkx,Light Heather Gray Sleeveless Active Muscle Tee,Tank Top,0,0,0,2024-04-01 00:00:00
p_cyyubbh7u4,Mahogany Fleece French Terry Jogger,Sweatpants & Joggers,0,0,0,2024-04-01 00:00:00
p_fqsqmarq3k,Mahogany Long Sleeve T-Shirt,Shirt,0,0,0,2024-04-01 00:00:00
p_r6f5ekuzmt,Mahogany V-Neck T-Shirt,Shirt,0,0,0,2024-04-01 00:00:00
p_zm7a3rkwma,Navy Tall Straight Hem Crew Neck T-Shirt,T-Shirts,0,0,0,2024-04-01 00:00:00
p_qktubda8xw,Heather Sapphire Short Sleeve V-Neck T-Shirt,T-Shirts,0,0,0,2024-04-01 00:00:00
p_bpux6v6hy3,Moss Short Sleeve Sweater Polo Shirt,T-Shirts,0,0,0,2024-04-01 00:00:00
p_x53atty9z2,Steel Short Sleeve V-Neck T-Shirt,T-Shirts,0,0,1,2024-04-01 00:00:00
p_55tcz9qg6f,Black Boxer Briefs 3-Pack,Underwear,0,0,0,2024-04-01 00:00:00
p_3t9x6drd9q,Never Show Socks | 3-Pack | Black,Socks,0,0,0,2024-04-01 00:00:00
p_9u87cuwg9k,Carbon Boxer Briefs 3-Pack,Underwear,1,1,12,2024-04-01 00:00:00
p_wuqcj8q3tb,Heather Gray Never Show Socks 3-Pack,Socks,0,0,0,2024-04-01 00:00:00
p_hj4kerceu3,Heather Gray Sweater Beanie,Beanie,0,0,0,2024-04-01 00:00:00
p_zkfhub8juv,Indigo Boxer Briefs 3-Pack,Underwear,0,0,0,2024-04-01 00:00:00
p_gky7ujn5kk,Military Green Boxer Briefs 3-Pack,Underwear,0,0,0,2024-04-01 00:00:00
p_hcstkqf7xs,Navy Boxer Briefs 3-Pack,Underwear,0,0,0,2024-04-01 00:00:00
p_vvxrx4e62u,Navy Boxer Trunks 3-Pack,Underwear,0,0,0,2024-04-01 00:00:00
p_ebtxk5mjkc,Teal Boxer Briefs 3-Pack,Underwear,0,0,0,2024-04-01 00:00:00
p_n52bwwvypc,White Active Crew Socks 3-Pack,Socks,0,0,0,2024-04-01 00:00:00
p_ngty2gftav,White Active Never Show Socks 3-Pack,Socks,0,0,0,2024-04-01 00:00:00
p_kdjpvxj7fs,White Half Crew Sock 3-Pack,Socks,2,1,2,2024-04-01 00:00:00
p_yefeaupknw,White Never Show Socks 3-Pack,Socks,0,0,0,2024-04-01 00:00:00
p_39acmqrp48,White Never Show Socks 3-Pack,Socks,0,0,0,2024-04-01 00:00:00
p_ntuxn2s2c5,Yellow Polo,Polos,0,0,0,2024-04-01 00:00:00
p_d53wqyy6nw,Oatmeal Sweater Hoodie,Hoodie,0,0,0,2024-04-01 00:00:00
p_xqd85rvpxs,Black Puffer Jacket,Puffer Jackets,0,0,0,2024-04-01 00:00:00
p_cad333s5q5,Heather Burgundy Active Long Sleeve Crew Neck,Sweatshirt,0,0,0,2024-04-01 00:00:00
p_heevyaqhce,"9"" Sandstone Classic Twill Shorts",Shorts,0,0,0,2024-04-01 00:00:00
p_yptjy3dzdz,"Shorts | Classic Twill | 7"" | Navy",Shorts,0,0,0,2024-04-01 00:00:00
p_v7wa7rn4tb,"Shorts | Classic Twill | 9"" | Khaki",Shorts,0,0,0,2024-04-01 00:00:00
p_x53vukk5e9,"Shorts | Classic Twill | 9"" | Meadow",Shorts,0,0,0,2024-04-01 00:00:00
p_yacuttmhrh,"9"" Navy Classic Twill Shorts",Shorts,0,0,0,2024-04-01 00:00:00
p_2432p8f6a5,"Shorts | Active Training | 7"" | Navy",Shorts,0,0,0,2024-04-01 00:00:00
p_64vbv6tpdm,Heather Gray Fleece French Terry Shorts,Shorts,0,0,0,2024-04-01 00:00:00
p_bmga62pefz,"9"" Sandstone Comfort Chino Shorts",Shorts,0,0,0,2024-04-01 00:00:00
p_b9pagk3ugb,Shorts | Active Comfort | Black,Shorts,0,0,0,2024-04-01 00:00:00
p_yn26dfj46r,Dark Heather Burgundy Active Comfort Short,Swim Shorts,0,0,0,2024-04-01 00:00:00
p_pe2azubxe8,Dark Heather Indigo Active Comfort Short,Shorts,0,0,0,2024-04-01 00:00:00
p_p58c6d9vvb,Dark Heather Military Green Active Comfort Short,Shorts,0,0,0,2024-04-01 00:00:00
p_6uh7rmkygu,Black Active Quick Dry Short with Liner,Swim Shorts,0,0,0,2024-04-01 00:00:00
p_wdbckwxtef,Carbon Active Quick Dry Short with Liner,Swim Shorts,0,0,0,2024-04-01 00:00:00
p_use9g4kaed,Black Active Never Show Socks 3-Pack,Socks,0,0,0,2024-04-01 00:00:00
p_85umjtnpsy,Sweater Scarf | Black,Scarf,0,0,0,2024-04-01 00:00:00
p_atrr9sdp25,Charcoal Heather Gray Short Sleeve Tall Polo Shirt,Polos,0,0,0,2024-04-01 00:00:00
p_9h2qsu97ew,Dark Heather Navy Active Comfort Short,Shorts,0,0,3,2024-04-01 00:00:00
p_znadcksnfx,Reversible Casual Belt,Belt,0,0,0,2024-04-01 00:00:00
p_rbz7y8npg6,Indigo Wash Slim Fit Comfort Jeans,Jeans,0,0,1,2024-04-01 00:00:00
p_p54vvkv29d,Light Heather Gray Quarter Zip Performance Shirt,Athletic Tops,0,0,3,2024-04-01 00:00:00
p_rujp4wvbzv,Mahogany Long Sleeve Waffle Crew,Sweatshirt,0,0,0,2024-04-01 00:00:00
p_vsyjxxtp4a,Navy Short Sleeve Active Polo Shirt,Polos,0,0,0,2024-04-01 00:00:00
p_tfhcx4fbf5,Heather Gray Never Show Socks 3-Pack,Socks,0,0,0,2024-04-01 00:00:00
p_ggkq2n25rk,Carbon Waffle Hoodie,Hoodie,0,0,0,2024-04-01 00:00:00
p_fsar8whm4b,Dark Oak Waffle Hoodie,Hoodie,0,0,0,2024-04-01 00:00:00
p_nqbh5bzsfh,Heather Gray Long Sleeve Polo,Polos,0,0,0,2024-04-01 00:00:00
p_ter2rcscz6,Heather Gray Waffle Hoodie,Hoodie,0,0,0,2024-04-01 00:00:00
p_5z9rynrdat,Dark Oak Long Sleeve Waffle Crew,Sweatshirt,0,0,0,2024-04-01 00:00:00
p_ap2c64hjnc,Dark Olive Long Sleeve Waffle Crew,Shirt,0,0,0,2024-04-01 00:00:00
p_zwzpj7gynb,Deep Sea Blue Long Sleeve Waffle Crew,T-Shirts,0,0,0,2024-04-01 00:00:00
p_ejzn2bhevc,Evergreen Heather Long Sleeve Waffle Crew,Sweatshirt,0,0,0,2024-04-01 00:00:00
p_456rdfdknv,Navy Long Sleeve Button Up Shirt,Shirt,0,0,0,2024-04-01 00:00:00
p_9ueremsrcn,Heather Navy Short Sleeve Loungewear Tee,T-Shirts,0,0,0,2024-04-01 00:00:00
p_pxj9zkmurj,Charcoal Heather Active Comfort Pullover Hoodie,Hoodie,0,0,0,2024-04-01 00:00:00
p_ab6dzqm4qc,Charcoal Heather Gray Fleece French Terry Jogger,Sweatpants & Joggers,0,0,0,2024-04-01 00:00:00
p_r7g7s9ued2,Dark Olive Fleece Shacket,Jacket,0,0,0,2024-04-01 00:00:00
p_pevetyjchy,Heather Dark Oak V-Neck T-Shirt,Screen Printed T-Shirts,0,0,0,2024-04-01 00:00:00
p_7bmm7jjbng,Heather Gray Long Sleeve Lightweight Flannel Shirt,Button Down Shirts,0,0,0,2024-04-01 00:00:00
p_jdy7juawjw,Heather Gray Pique Crew Sweater,Knit Sweaters,0,0,0,2024-04-01 00:00:00
p_hdbwf4s669,Heather Gray Tall Straight Hem Crew Neck T-Shirt,T-Shirts,0,0,3,2024-04-01 00:00:00
p_zsnvka2svc,Heather Mist Short Sleeve Crew Neck T-Shirt,T-Shirts,0,0,0,2024-04-01 00:00:00
p_h4edseg6hf,Heather Navy Active Comfort Pullover Hoodie,Hoodie,0,0,0,2024-04-01 00:00:00
p_n6kve3ddkw,Heather Navy Long Sleeve Ripstop Commuter Shirt,Shirt,0,0,0,2024-04-01 00:00:00
p_h8jucbuvcu,Heather Navy Pique Crew Sweater,Knit Sweaters,0,0,0,2024-04-01 00:00:00
p_sxcevd7ww2,Heather Oatmeal Crew Neck Sweater,Knit Sweaters,0,0,0,2024-04-01 00:00:00
p_ex8zw8z5dh,Heather Sapphire Short Sleeve Crew Neck T-Shirt,T-Shirts,0,0,1,2024-04-01 00:00:00
p_fdgw8vn8mw,Indigo Wash Straight Fit Comfort Jeans,Jeans,0,0,0,2024-04-01 00:00:00
p_gkhuhrbvc5,Light Indigo Wash Long Sleeve Chambray Shirt,Shirt,0,0,0,2024-04-01 00:00:00
p_5ez35speq8,Medium Indigo Wash Long Sleeve Chambray Shirt,Shirt,0,0,0,2024-04-01 00:00:00
p_36tbyhq9p3,Navy Fleece Shacket,Shirt Jackets,0,0,0,2024-04-01 00:00:00
p_grdphsazq4,Reversible Dress Belt,Belt,0,0,0,2024-04-01 00:00:00
p_qj9xh26ctj,Sapphire Short Sleeve Crew Neck T-Shirt,Screen Printed T-Shirts,0,0,0,2024-04-01 00:00:00
p_7nraatq97j,Steel Short Sleeve Crew Neck T-Shirt,T-Shirts,0,0,1,2024-04-01 00:00:00
p_37z5p8b2wz,Heather Dark Orchid Short Sleeve Vee Neck T-Shirt,Shirt,0,0,0,2024-04-01 00:00:00
p_rr9yu69cdx,Heather Mist Short Sleeve Vee Neck T-Shirt,T-Shirts,0,0,4,2024-04-01 00:00:00
p_7fgbszq45t,Heather Voyager Short Sleeve Vee Neck T-Shirt,T-Shirts,0,0,0,2024-04-01 00:00:00
p_aj728cj6p2,Reversible Casual Belt,Belt,0,0,0,2024-04-01 00:00:00
p_wkggwhgxue,Navy Long Sleeve Lightweight Flannel Shirt,Shirt,0,0,0,2024-04-01 00:00:00
p_8fx2h79sez,Black Slippers,Slippers,0,0,0,2024-04-01 00:00:00
p_cguvv472kt,Heather Navy Loungewear Pant,Pants,0,0,0,2024-04-01 00:00:00
p_e6aypq2yyn,Charcoal Heather Active Comfort Full Zip Hoodie,Hoodie,0,0,0,2024-04-01 00:00:00
p_zg2kz56sep,Khaki Coaches Jacket,Jacket,0,0,0,2024-04-01 00:00:00
p_v6xzqb4euh,Electric Blue Polo,Polos,0,0,0,2024-04-01 00:00:00
p_kyjxexravk,Heather Gray Active Crew Socks 3-Pack,Socks,0,0,0,2024-04-01 00:00:00
p_v4pawc4ufa,Heather Gray Ankle Socks 3-Pack,Socks,0,0,0,2024-04-01 00:00:00
p_r3b5cqykd8,Heather Gray Never Show Socks 3-Pack,Socks,0,0,0,2024-04-01 00:00:00
p_xsa4epqty5,Mahogany Polo,Polos,0,0,0,2024-04-01 00:00:00
p_perj37fvaa,Periwinkle Blue Polo,Polos,0,0,0,2024-04-01 00:00:00
p_ump27mtkuq,Raspberry Polo,Polos,0,0,0,2024-04-01 00:00:00
p_szsv98dxsn,White Active Ankle Socks 3-Pack,Socks,0,0,0,2024-04-01 00:00:00
p_yvahsdbd7s,Heather Seafarer Short Sleeve Polo,Polos,0,0,0,2024-04-01 00:00:00
p_njb9h744v3,Indigo Rinse Straight Authentic Stretch Jeans,Jeans,0,0,0,2024-04-01 00:00:00
p_nyn3pcwdu8,Light Indigo Wash Slim Authentic Stretch Jeans,Jeans,0,0,0,2024-04-01 00:00:00
p_9f3wn27yj9,Indigo Rinse Slim Authentic Stretch Jeans,Jeans,0,0,0,2024-04-01 00:00:00
p_3dxryrdx2k,Medium Indigo Wash Slim Authentic Stretch Jeans,Jeans,0,0,0,2024-04-01 00:00:00
p_75westm75x,Light Indigo Wash Straight Authentic Stretch Jeans,Jeans,0,0,0,2024-04-01 00:00:00
p_7sfgw9sa4n,Medium Indigo Wash Straight Authentic Stretch Jeans,Jeans,0,0,0,2024-04-01 00:00:00
p_sy5ta2zsks,Heather Cayenne Short Sleeve Crew Neck T-Shirt,Shirt,0,0,0,2024-04-01 00:00:00
p_qcke957864,"Chino Shorts | Comfort | 7"" | Military Green",Shorts,0,0,1,2024-04-01 00:00:00
p_uy62gqzk94,"Shorts | Comfort Chino | 7"" | Sapphire",Shorts,0,0,2,2024-04-01 00:00:00
p_svgga79dfc,"Chino Shorts | Comfort | 7"" | Slate Green",Shorts,0,0,1,2024-04-01 00:00:00
p_n2cq64ucyu,"9"" Sapphire Comfort Chino Short",Shorts,0,0,1,2024-04-01 00:00:00
p_hubt8gp9tb,"9"" Slate Green Comfort Chino Short",Shorts,0,0,4,2024-04-01 00:00:00
p_vahhav9rn7,"Shorts | Classic Twill | 9"" | Black",Shorts,0,0,2,2024-04-01 00:00:00
p_jxeh4td3j3,"Shorts | 9"" | Classic Twill | Centurion",Shorts,0,0,0,2024-04-01 00:00:00
p_3mav9fu9q9,"Shorts | Active Training 7"" | Black",Shorts,0,0,0,2024-04-01 00:00:00
p_3he4jy8f99,"Shorts | Active Training | 7"" | Carbon",Shorts,0,0,1,2024-04-01 00:00:00
p_sdkp4ngqy8,"Shorts | Active Training | 7"" | Sandstone",Shorts,0,0,2,2024-04-01 00:00:00
p_n5vm5c3nb9,"Chino Shorts | Comfort | 7"" | Black",Shorts,0,0,0,2024-04-01 00:00:00
p_t3995sdwge,"Shorts | Comfort Chino | 7"" | Carbon",Shorts,0,0,3,2024-04-01 00:00:00
p_ys9u6f3mbt,"Chino Shorts | Comfort | 7"" | Khaki",Shorts,0,0,3,2024-04-01 00:00:00
p_2vpu7ymaay,Black Commuter Short,Shorts,0,0,4,2024-04-01 00:00:00
p_jnvzcqrwxp,Khaki Commuter Short,Shorts,0,0,0,2024-04-01 00:00:00
p_pgq6zgcvgq,Black Fleece French Terry Short,Shorts,0,0,2,2024-04-01 00:00:00
p_8hbywkfrwc,Military Green Fleece French Terry Short,Shorts,0,0,0,2024-04-01 00:00:00
p_v7655zp7an,"Chino Shorts | Comfort | 9"" | Black",Shorts,7,1,3,2024-04-01 00:00:00
p_29aky289rv,Navy Fleece French Terry Short,Shorts,0,0,0,2024-04-01 00:00:00
p_juczmrnmtc,"Shorts | Comfort Chino | 9"" | Carbon",Shorts,7,1,3,2024-04-01 00:00:00
p_jw2fyemxq7,"9"" Khaki Comfort Chino Short",Shorts,1,1,19,2024-04-01 00:00:00
p_uqn6yzvkpa,"9"" Navy Comfort Chino Short",Shorts,0,0,2,2024-04-01 00:00:00
p_8an2wybh3y,Charcoal Heather Gray Active Comfort Short,Athletic Shorts,0,0,0,2024-04-01 00:00:00
p_aw48ckctp9,Burgundy Active Quick Dry Short with Liner,Swim Shorts,0,0,0,2024-04-01 00:00:00
p_vey4w66jst,Military Green Active Quick Dry Short with Liner,Shorts,0,0,0,2024-04-01 00:00:00
p_nuk7mzc8jt,Navy Active Quick Dry Short with Liner,Swim Shorts,0,0,2,2024-04-01 00:00:00
p_r2e57cmagz,Joggers | Active | Black,Sweatpants & Joggers,0,0,1,2024-04-01 00:00:00
p_csr594d6ws,Heather Navy Loungewear Jogger,Sweatpants & Joggers,0,0,0,2024-04-01 00:00:00
p_2krzrc4m74,Carbon Fleece French Terry Jogger,Sweatpants & Joggers,0,0,0,2024-04-01 00:00:00
p_phdjj3n8yh,Heather Gray Fleece French Terry Joggers,Sweatpants & Joggers,0,0,0,2024-04-01 00:00:00
p_eaxfgdw35q,Medium Gray Wash Slim Fit Comfort Jeans,Jeans,0,0,0,2024-04-01 00:00:00
p_wcjsyc8zup,Medium Gray Wash Straight Fit Comfort Jeans,Jeans,0,0,0,2024-04-01 00:00:00
p_qjxt4q7gff,Military Green Coaches Jacket,Jacket,0,0,0,2024-04-01 00:00:00
p_fm6edfx4ep,Military Green Fleece French Terry Jogger,Sweatpants & Joggers,0,0,0,2024-04-01 00:00:00
p_28tc85jmdq,Military Green Waffle Long Sleeve Crew Neck,Sweatshirt,0,0,0,2024-04-01 00:00:00
p_mxsupz7eaq,Navy Coaches Jacket,Jacket,0,0,1,2024-04-01 00:00:00
p_qqk283mjjn,Navy Fleece French Terry Jogger,Sweatpants & Joggers,0,0,0,2024-04-01 00:00:00
p_xanpax5dbd,True Red Polo,Polos,0,0,0,2024-04-01 00:00:00
p_mrvwze8wph,White Ankle Socks 3-Pack,Socks,0,0,0,2024-04-01 00:00:00
p_ga52js5nmp,White Never Show Socks 3-Pack,Socks,0,0,0,2024-04-01 00:00:00
p_yhe8c62x9c,Heather Navy Quarter Zip Performance Shirt,Athletic Tops,0,0,0,2024-04-01 00:00:00
p_a7p3mw83t9,Heather Military Green Active Long Sleeve Crew Neck,T-Shirts,0,0,0,2024-04-01 00:00:00
p_rwwrukwyz9,Charcoal Heather Gray Short Sleeve Tall Active Crew Neck,T-Shirts,0,0,0,2024-04-01 00:00:00
p_qy223hzmfv,White Short Sleeve Tall Active Crew Neck,T-Shirts,0,0,0,2024-04-01 00:00:00
p_hfj965wa8c,Charcoal Heather Gray Loungewear Long Sleeve Tee And Jogger Set,Sweatshirt,0,0,0,2024-04-01 00:00:00
p_f3v8s3b963,Charcoal Heather Gray Loungewear Short Sleeve Tee And Pant Set,Sweatpants & Joggers,0,0,0,2024-04-01 00:00:00
p_3vtx7z4d8y,Heather Dusty Pink V-Neck T-Shirt,Screen Printed T-Shirts,0,0,0,2024-04-01 00:00:00
p_3kckyj2khu,Heather Navy Loungewear Short Sleeve Tee And Pant Set,Lounge Sweatpants & Joggers,0,0,0,2024-04-01 00:00:00
p_23ej4qec4x,Khaki Coaches Jacket,Jacket,0,0,5,2024-05-01 00:00:00
p_23ubcbvz89,Heather Gray Never Show Socks 3-Pack,Socks,0,0,0,2024-05-01 00:00:00
p_25hy766nzk,Heather Cayenne Short Sleeve Crew Neck T-Shirt,T-Shirts,0,0,4,2024-05-01 00:00:00
p_25m5nqdhtq,Gunmetal Puffer Jacket,Puffer Jackets,0,0,0,2024-05-01 00:00:00
p_25upswaptj,"Chino Shorts | Comfort | 7"" | Khaki",Shorts,0,0,1,2024-05-01 00:00:00
p_26dpvscejy,Chino Pants | Comfort | Navy,Pants,6,1,5,2024-05-01 00:00:00
p_26twzeayzk,Pullover Hoodie | Fleece French Terry | Black,Hoodie,0,0,7,2024-05-01 00:00:00
p_26x46r3gh3,Carbon Short Sleeve Tall Polo Shirt,Polos,0,0,0,2024-05-01 00:00:00
p_284qkebjr8,Heather Military Green Short Sleeve Polo Shirt,Polos,0,0,6,2024-05-01 00:00:00
p_28xdw49sqx,Indigo Short Sleeve Crew Neck T-Shirt,T-Shirts,8,1,5,2024-05-01 00:00:00
p_29wrd4wkfa,Long Sleeve Button Up Shirt | Pale Blue,Button Down Shirts,0,0,4,2024-05-01 00:00:00
p_2bkrkbfbk9,Classic Polarized Sunglasses | Black,Sunglasses,0,0,0,2024-05-01 00:00:00
p_2c7s8a7bmw,Heather Black Active Jogger,Sweatpants & Joggers,0,0,1,2024-05-01 00:00:00
p_2cus7843n6,Long Sleeve Shirt | Crew Neck | White,Shirt,0,0,0,2024-05-01 00:00:00
p_2d43kb3hj3,Evergreen Heather Long Sleeve Waffle Crew,Sweatshirt,0,0,0,2024-05-01 00:00:00
p_2d9wqf9yrd,Puffer Vest | Navy,Outerwear Vests,0,0,0,2024-05-01 00:00:00
p_2eh6mejec7,Dark Heather Cadet Active Crew Neck T-Shirt,T-Shirts,0,0,0,2024-05-01 00:00:00
p_2gwdmudpww,Long Sleeve Shirt | Crew Neck | Black,Shirt,0,0,1,2024-05-01 00:00:00
p_2hkre8aznc,Short Sleeve T-Shirt | Crew Neck | Tall | Round Hem | Military Green,T-Shirts,0,0,0,2024-05-01 00:00:00
p_2nzpxxx9qd,Long Sleeve T-Shirt | Tall | White,T-Shirts,0,0,0,2024-05-01 00:00:00
p_2qn4rb76qt,Evergreen Heather Long Sleeve Crew Neck T-Shirt,T-Shirts,0,0,0,2024-05-01 00:00:00
p_2sxe2kvxmc,Burgundy Long Sleeve Crew Neck T-Shirt,T-Shirts,0,0,0,2024-05-01 00:00:00
p_2uptnqrxy2,Hoodie | Active Comfort | Pullover | Black,Hoodie,0,0,3,2024-05-01 00:00:00
p_2wu3jtehp2,Short Sleeve T-Shirt | V-Neck | Navy,Shirt,0,0,0,2024-05-01 00:00:00
p_2wxxfw7mca,Dark Olive Fleece Shacket,Shirt Jackets,0,0,2,2024-05-01 00:00:00
p_2xrckgaktx,Short Sleeve T-Shirt | Crew Neck | Tall | Round Hem | White,T-Shirts,0,0,0,2024-05-01 00:00:00
p_349fd5fte5,Sweater | Crew Neck | Black,Knit Sweaters,0,0,3,2024-05-01 00:00:00
p_34upddt2cp,Heather Gray Tall Straight Hem Crew Neck T-Shirt,T-Shirts,0,0,0,2024-05-01 00:00:00
p_36tjt6cs8z,Heather Gray Pique Crew Sweater,Knit Sweaters,0,0,2,2024-05-01 00:00:00
p_395td7np9f,Heather Military Green Short Sleeve Tall Polo Shirt,Polos,0,0,0,2024-05-01 00:00:00
p_39k28x38p7,Light Heather Gray Short Sleeve Polo Shirt,Polos,0,0,1,2024-05-01 00:00:00
p_3aup7bbqg3,Carbon Tall Long Sleeve T-Shirt,Shirt,0,0,0,2024-05-01 00:00:00
p_3dh3myqfyq,Charcoal Heather Gray Polo,Polos,0,0,0,2024-05-01 00:00:00
p_3fgxkpaxye,Heather Seafarer Short Sleeve Polo Shirt,Polos,0,0,5,2024-05-01 00:00:00
p_3h5wxbdgfn,Long Sleeve Polo Shirt | White,Polos,0,0,0,2024-05-01 00:00:00
p_3hycs4vyy4,Zip Hoodie | Fleece French Terry | Mahogany,Hoodie,0,0,0,2024-05-01 00:00:00
p_3mznzzvw2f,Carbon Tall Round Hem Crew Neck T-Shirt,T-Shirts,0,0,1,2024-05-01 00:00:00
p_3pkg63ym5k,"Shorts | Active Training | 7"" | Steel",Shorts,0,0,8,2024-05-01 00:00:00
p_3pskc4cwbp,"Shorts | Classic Twill | 9"" Khaki",Shorts,8,1,11,2024-05-01 00:00:00
p_3shyn5zkky,Charcoal Heather Gray Tall Crew T-Shirt,T-Shirts,0,0,2,2024-05-01 00:00:00
p_3wdph5p4a5,Gunmetal Puffer Vest,Outerwear Vests,0,0,0,2024-05-01 00:00:00
p_3wz546brng,Pullover Hoodie | Fleece French Terry | Military Green,Hoodie,0,0,1,2024-05-01 00:00:00
p_3xnj548f3x,Short Sleeve T-Shirt | Crew Neck | Tall | Sapphire,T-Shirts,0,0,1,2024-05-01 00:00:00
p_3zf2yh34hr,Dark Olive Short Sleeve Polo Shirt,Polos,0,0,1,2024-05-01 00:00:00
p_42exp9424a,Light Heather Gray Active Crew Neck T-Shirt,T-Shirts,0,0,0,2024-05-01 00:00:00
p_47meu4bybx,"Chino Shorts | Comfort |  9"" | Ivory",Shorts,0,0,1,2024-05-01 00:00:00
p_47uf2puagk,"Shorts | Classic Twill | 7"" | Navy",Shorts,0,0,1,2024-05-01 00:00:00
p_487dnzupxz,Short Sleeve Polo Shirt | Tall | Military Green,Polos,0,0,0,2024-05-01 00:00:00
p_4axmubbqfb,Jeans | Comfort | Slim Fit | Medium Indigo Wash,Jeans,0,0,1,2024-05-01 00:00:00
p_4fs9u74y4x,Heather Indigo Crew Neck Long Sleeve,T-Shirts,0,0,0,2024-05-01 00:00:00
p_4juc2hdg85,Short Sleeve T-Shirt | Crew Neck | Tall | Straight Hem,T-Shirts,0,0,2,2024-05-01 00:00:00
p_4krqrmhc8s, Sleeveless Muscle Tee | Active | Charcoal Heather Gray,Athletic Tops,0,0,1,2024-05-01 00:00:00
p_4m97kku3wq,Short Sleeve T-Shirt | Crew Neck | Tan 499,T-Shirts,5,1,9,2024-05-01 00:00:00
p_4pdddcg9t6,Heather Military Green Long Sleeve Crew T-Shirt,T-Shirts,0,0,1,2024-05-01 00:00:00
p_4qvba3a9f7,Short Sleeve T-Shirt | Crew Neck | Off White,T-Shirts,0,0,3,2024-05-01 00:00:00
p_4rudftw6u6,Lilac Gray Short Sleeve V-Neck T-Shirt,T-Shirts,0,0,0,2024-05-01 00:00:00
p_4tw7w4865y,Jeans | Comfort | Slim Fit | Medium Gray Wash,Jeans,0,0,0,2024-05-01 00:00:00
p_4xmfcxsvq4,Puffer Jacket | Hooded | Black,Puffer Jackets,0,0,0,2024-05-01 00:00:00
p_4yh4m8q3v7,Puffer Jacket | Navy,Puffer Jackets,0,0,0,2024-05-01 00:00:00
p_56qjzafa6s,Carbon Short Sleeve Button Up Shirt,Button Down Shirts,0,0,3,2024-05-01 00:00:00
p_56zbdasvhd,"Chino Shorts | Comfort | 9"" | Sapphire",Shorts,0,0,2,2024-05-01 00:00:00
p_59st4ejx9g,Heather Graphite Short Sleeve Crew Neck T-Shirt,T-Shirts,1,1,1,2024-05-01 00:00:00
p_5a5sfcgqkq,Heather Burgundy Active Long Sleeve Crew Neck T-Shirt,T-Shirts,0,0,0,2024-05-01 00:00:00
p_5bvpjy99x9,Ivory Active Jacket,Jacket,0,0,2,2024-05-01 00:00:00
p_5e7t6v6gv8,Heather Sapphire Short Sleeve V-Neck T-Shirt,T-Shirts,0,0,0,2024-05-01 00:00:00
p_5ek32kjgzp,Shorts | Active | Quick Dry with Liner | Navy,Swim Shorts,1,1,1,2024-05-01 00:00:00
p_5f676x59tf,Long Sleeve Tee | Loungewear | Heather Navy,T-Shirts,0,0,0,2024-05-01 00:00:00
p_5gc6jyy4vw,Heather Navy Tall Round Hem Crew Neck T-Shirt,T-Shirts,0,0,0,2024-05-01 00:00:00
p_5kpddtqty2,Heather Navy Active Long Sleeve Crew Neck,T-Shirts,0,0,0,2024-05-01 00:00:00
p_5kr9enrf6j,Short Sleeve Tee | Loungewear | Charcoal Heather Gray,T-Shirts,0,0,3,2024-05-01 00:00:00
p_5p5sgcwp5f,"Shorts | Active Training | 7"" | Navy",Shorts,0,0,0,2024-05-01 00:00:00
p_5pqpzmazbr,Carbon Long Sleeve Button Up Shirt,Button Down Shirts,0,0,0,2024-05-01 00:00:00
p_5q6tnqwruf,Heather Light Gray Active Long Sleeve Crew Neck,T-Shirts,0,0,0,2024-05-01 00:00:00
p_5q95b4bjyg,Burgundy Short Sleeve Crew Neck T-Shirt,T-Shirts,0,0,3,2024-05-01 00:00:00
p_5rc5ezqwny,Heather Gray Short Sleeve Polo Shirt,Polos,0,0,0,2024-05-01 00:00:00
p_5za8gj7unh,"Chino Shorts | Comfort | 9"" | Khaki",Shorts,0,0,0,2024-05-01 00:00:00
p_624s29xq4x,Sweater Scarf | Black,Scarf,0,0,1,2024-05-01 00:00:00
p_6b6wk8uxa6,Chino Pants | Comfort | Military Green,Pants,0,0,3,2024-05-01 00:00:00
p_6b99p4bqsk,Short Sleeve Polo Shirt | Mahogany,Polos,0,0,1,2024-05-01 00:00:00
p_6bn53rdnz2,"Shorts | Classic Twill | 9"" | Navy",Shorts,0,0,1,2024-05-01 00:00:00
p_6bppe3h2jj,Centurion Slim Twill Chino,Pants,0,0,0,2024-05-01 00:00:00
p_6c6nrcr2c3, Short Sleeve T-Shirt | Active Crew Neck | Charcoal Heather Gray,T-Shirts,0,0,0,2024-05-01 00:00:00
p_6ccw4zmdj6,Short Sleeve T-Shirt | Crew Neck | Tall | Round Hem | Bluestone,T-Shirts,0,0,1,2024-05-01 00:00:00
p_6cj8gtxf2x,Heather Gray Tall Long Sleeve T-Shirt,Shirt,0,0,1,2024-05-01 00:00:00
p_6e9uas44v6,Heather Voyager Short Sleeve V-Neck T-Shirt,T-Shirts,0,0,0,2024-05-01 00:00:00
p_6hvvy94kq4,Short Sleeve Polo Shirt | White,Polos,0,0,1,2024-05-01 00:00:00
p_6k245nh69q,Crimson Long Sleeve Crew Neck T-Shirt,T-Shirts,0,0,0,2024-05-01 00:00:00
p_6kxr6rztwd,"Chino Shorts | Comfort | 7"" | Slate Green",Shorts,0,0,1,2024-05-01 00:00:00
p_6mr5zpx479,Indigo Wash Straight Fit Comfort Jeans,Jeans,0,0,1,2024-05-01 00:00:00
p_6njreat3aq,Dark Heather Cocoa Active Crew Neck T-Shirt,T-Shirts,0,0,1,2024-05-01 00:00:00
p_6q2v79acx5,Light Blue Short Sleeve V-Neck T-Shirt,T-Shirts,0,0,0,2024-05-01 00:00:00
p_6ra9g27e7u,Burgundy Active Quick Dry Short with Liner,Swim Shorts,1,1,1,2024-05-01 00:00:00
p_6sdgsje2m3,Mahogany Fleece French Terry Jogger,Sweatpants & Joggers,0,0,0,2024-05-01 00:00:00
p_6suxvjsvfc,Heather Indigo Tall Round Hem Crew Neck T-Shirt,T-Shirts,0,0,0,2024-05-01 00:00:00
p_6svhrtmsn3,Bomber Jacket | Navy,Bomber Jackets,0,0,1,2024-05-01 00:00:00
p_6wj7x98tcn,Heather Navy Active Comfort Crew Sweatshirt,Sweatshirt,0,0,0,2024-05-01 00:00:00
p_6wnwzma24v,Long Sleeve Button Up Shirt | Stretch Oxford | Black,Button Down Shirts,0,0,1,2024-05-01 00:00:00
p_6zjn28jf23,Long Sleeve T-Shirt | Crew Neck | Military Green,Shirt,0,0,0,2024-05-01 00:00:00
p_73kjt62een,Heather Cayenne Short Sleeve Polo Shirt,Polos,0,0,4,2024-05-01 00:00:00
p_73vqwcfbpf,Charcoal Heather Gray Short Sleeve Active Polo Shirt,Polos,0,0,2,2024-05-01 00:00:00
p_74gmgsy6yv,Shorts | Fleece French Terry | Navy,Shorts,0,0,0,2024-05-01 00:00:00
p_75cz36rfz9,Heather Gray Sweater Hoodie,Hoodie,0,0,0,2024-05-01 00:00:00
p_76w9v5r9gp,Heather Camel Pique Crew Sweater,Knit Sweaters,0,0,1,2024-05-01 00:00:00
p_77barf9kfn,Long Sleeve Shirt | Waffle Crew | Mahogany,Sweatshirt,0,0,0,2024-05-01 00:00:00
p_79pyfxzssb,Indigo Short Sleeve V-Neck T-Shirt,T-Shirts,0,0,0,2024-05-01 00:00:00
p_7bmuq9q6qw,Heather Navy Long Sleeve Ripstop Commuter Shirt,Shirt,0,0,0,2024-05-01 00:00:00
p_7cvqeq727k,Heather Gray Long Sleeve Polo Shirt,Polos,0,0,0,2024-05-01 00:00:00
p_7dyz93zegj,"Shorts | Active Training | 7"" | Sapphire",Athletic Shorts,0,0,3,2024-05-01 00:00:00
p_7kzk6kwsxk,Sweater Hoodie | Oatmeal,Hoodie,0,0,2,2024-05-01 00:00:00
p_7pvp4dcq5n,Carbon Active Quick Dry Short with Liner,Swim Shorts,0,0,8,2024-05-01 00:00:00
p_7rzxq9sd8n,Never Show Socks | 3-Pack | Black,Socks,0,0,0,2024-05-01 00:00:00
p_7tce4kfut5,Heather Oatmeal Crew Neck Sweater,Knit Sweaters,0,0,2,2024-05-01 00:00:00
p_7y7ms9wtr4,Shorts | Active Comfort | Black,Shorts,11,1,5,2024-05-01 00:00:00
p_82erf6xepz,Carbon Commuter Pant,Pants,0,0,1,2024-05-01 00:00:00
p_8497zwuxp3,Pullover Sweatshirt | Crew Neck | Fleece French Terry | Mahogany,Sweatshirt,0,0,0,2024-05-01 00:00:00
p_84w66d79b8,Pants | Comfort Chino | Black,Pants,0,0,4,2024-05-01 00:00:00
p_84xru5kzx9,Heather Dusty Pink Short Sleeve Crew Neck T-Shirt,T-Shirts,0,0,0,2024-05-01 00:00:00
p_85skykpy7r,Short Sleeve Button Up Shirt | Commuter | Black,Button Down Shirts,16,3,8,2024-05-01 00:00:00
p_8d5cs572ku,Evergreen Heather Short Sleeve Crew Neck T-Shirt,T-Shirts,0,0,0,2024-05-01 00:00:00
p_8jmz33scf8,Sweatshirt | Pullover Crew Neck | Fleece French Terry | Black,Sweatshirt,0,0,0,2024-05-01 00:00:00
p_8nhyuguh4z,Chino Pants | Slim | Twill | Black,Pants,0,0,0,2024-05-01 00:00:00
p_8nnyqj3ewe,Heather Emerald Tall Round Hem Crew Neck T-Shirt,T-Shirts,0,0,1,2024-05-01 00:00:00
p_8nxyvmkrbc,Heather Navy Loungewear Pant,Pants,0,0,0,2024-05-01 00:00:00
p_8p9z2j6eqt,Burgundy Short Sleeve V-Neck T-Shirt,T-Shirts,0,0,0,2024-05-01 00:00:00
p_8pczdfc69m,Heather Cocoa Short Sleeve Active Polo Shirt,Polos,0,0,1,2024-05-01 00:00:00
p_8q3s9r6qwu,Hoodie | Active Comfort | Full Zip | Black,Hoodie,0,0,1,2024-05-01 00:00:00
p_8q6fwp8wgq,Short Sleeve Polo Shirt | Yellow,Polos,0,0,0,2024-05-01 00:00:00
p_8q6kvd32nc,Zip Hoodie | Fleece French Terry | Military Green,Hoodie,0,0,0,2024-05-01 00:00:00
p_8rbvhb5tdc,Short Sleeve T-Shirt | Crew Neck | White,Shirt,0,0,1,2024-05-01 00:00:00
p_8tryb2ahrp,Dark Heather Cocoa Active Polo,Polos,0,0,2,2024-05-01 00:00:00
p_8v2uvftad7,Light Heather Gray Short Sleeve Crew Neck T-Shirt,T-Shirts,17,2,7,2024-05-01 00:00:00
p_8vx6ygsmsd,Heather Gray Hooded Long Sleeve T-Shirt,Hoodie,0,0,1,2024-05-01 00:00:00
p_8y5vsf82td,Heather Emerald Short Sleeve Crew Neck T-Shirt,T-Shirts,0,0,1,2024-05-01 00:00:00
p_92fw37ajex,Heather Seafarer Short Sleeve Tall Crew,Shirt,0,0,1,2024-05-01 00:00:00
p_92vf4hpdrt,Short Sleeve Button Up Shirt | Commuter | White,Button Down Shirts,0,0,5,2024-05-01 00:00:00
p_955cnseek9,Light Heather Gray Crew Neck Long Sleeve,T-Shirts,0,0,0,2024-05-01 00:00:00
p_95axe6dfn6,Heather Navy Active Crew Neck T-Shirt,T-Shirts,1,1,1,2024-05-01 00:00:00
p_9744mpdv5n,Charcoal Heather Gray Long Sleeve,Shirt,0,0,0,2024-05-01 00:00:00
p_9a5tjqerw5,"Shorts | Classic Twill | 9"" | Meadow",Shorts,0,0,2,2024-05-01 00:00:00
p_9absn9mpzt,Chino Pants | Comfort | Suede Brown,Pants,4,1,3,2024-05-01 00:00:00
p_9attt36kqt,Blazer | Black,Blazer,0,0,7,2024-05-01 00:00:00
p_9fu3j9tbue,Short Sleeve T-Shirt | Crew Neck | Tall | Round Hem | Military Green,T-Shirts,0,0,2,2024-05-01 00:00:00
p_9m3e7uj62s,Dark Heather Military Green Active Joggers,Sweatpants & Joggers,0,0,0,2024-05-01 00:00:00
p_9mtccasba9,Dark Oak Waffle Hoodie,Hoodie,0,0,0,2024-05-01 00:00:00
p_9nq4jjbkbr,Puffer Jacket | Military Green,Puffer Jackets,0,0,0,2024-05-01 00:00:00
p_9p8bns7rmp,Heather Gray Active Crew Socks 3-Pack,Socks,0,0,0,2024-05-01 00:00:00
p_9tz4xs4maw,Carbon Commuter Long Sleeve Button Up Shirt,Button Down Shirts,0,0,0,2024-05-01 00:00:00
p_9xxg4dd5wv,Long Sleeve T-Shirt | | Crew Neck | Tall | Navy,Shirt,0,0,4,2024-05-01 00:00:00
p_9y7cp9jumm,"Shorts | Classic Twill | 9"" | Sandstone",Shorts,0,0,0,2024-05-01 00:00:00
p_9y7p8njxta,Deep Sea Blue Heather Active Long Sleeve Crew T-Shirt,T-Shirts,0,0,0,2024-05-01 00:00:00
p_a2wcem7cms,Heather Burgundy Short Sleeve V-Neck T-Shirt,T-Shirts,0,0,0,2024-05-01 00:00:00
p_a66qgjtv8u, Sleeveless Muscle Tee | Active | Heather Cadet,Athletic Tops,0,0,0,2024-05-01 00:00:00
p_a69bzurkgs,Joggers | Active | Black,Sweatpants & Joggers,0,0,0,2024-05-01 00:00:00
p_a6yxedr8jx,Dark Purple Short Sleeve V-Neck T-Shirt ,T-Shirts,0,0,0,2024-05-01 00:00:00
p_aaa5u2senn,Jeans | Comfort | Slim Fit | Black Wash,Jeans,0,0,0,2024-05-01 00:00:00
p_accagka8uw,Reversible Dress Belt,Belt,0,0,0,2024-05-01 00:00:00
p_ae6rxxhgmc,Long Sleeve Chambray Shirt | Medium Indigo Wash,Shirt,0,0,0,2024-05-01 00:00:00
p_agkp4c43e4,Charcoal Heather Active Comfort Pullover Hoodie,Hoodie,1,1,1,2024-05-01 00:00:00
p_aj2ry7xdv9,"Chino Shorts | Comfort | 7"" | Rosewood",Shorts,0,0,2,2024-05-01 00:00:00
p_anqd83cjye,Long Sleeve Crew Neck | Waffle | Military Green,Sweatshirt,0,0,0,2024-05-01 00:00:00
p_ar4zzgjk5p,Short Sleeve T-Shirt | Crew Neck | Periwinkle Blue,T-Shirts,0,0,0,2024-05-01 00:00:00
p_arxdch5qcv,"Chino Shorts | Comfort | 9"" | Military Green",Shorts,0,0,9,2024-05-01 00:00:00
p_auux7guqn5,Sleeveless Muscle Tee | Active | Heather Forest,Athletic Tops,0,0,0,2024-05-01 00:00:00
p_av6ja2w28x,Charcoal Heather Active Comfort Crew Sweatshirt,Athletic Tops,0,0,0,2024-05-01 00:00:00
p_avsdr3kjaw,Boxer Briefs | Military Green | 3-Pack,Underwear,0,0,1,2024-05-01 00:00:00
p_awt8ehv6fc,Heather Gray Short Sleeve Tall Polo Shirt,Polos,0,0,0,2024-05-01 00:00:00
p_axzk47pvme,Boxer Briefs | Teal | 3-Pack,Underwear,0,0,1,2024-05-01 00:00:00
p_aytxzkck8x,"Shorts | Classic Twill | 7"" | Black",Shorts,0,0,2,2024-05-01 00:00:00
p_b2wv3hqta7,"Shorts | Classic Twill | 9"" | Centurion",Shorts,5,1,1,2024-05-01 00:00:00
p_b3ppfm2vay,Dark Olive Long Sleeve Waffle Crew,Shirt,0,0,0,2024-05-01 00:00:00
p_bdbtrvs35c,Charcoal Heather Gray Active Joggers,Sweatpants & Joggers,0,0,0,2024-05-01 00:00:00
p_bdybxrzhhw,Heather Gray Fleece French Terry Pullover Hoodie,Hoodie,0,0,0,2024-05-01 00:00:00
p_behk4g2psv,Heather Gray Short Sleeve V-Neck T-Shirt,T-Shirts,0,0,0,2024-05-01 00:00:00
p_bg7f7edphc,Shorts | Active Comfort | Stone Blue,Shorts,0,0,4,2024-05-01 00:00:00
p_bhfd33ejhy,Indigo Short Sleeve Polo Shirt,Polos,12,2,8,2024-05-01 00:00:00
p_bj4epra3sv,Shorts | Fleece French Terry | Black,Shorts,0,0,1,2024-05-01 00:00:00
p_bjecaeres5,Heather Gray Active Never Show Socks 3-Pack,Socks,0,0,1,2024-05-01 00:00:00
p_bn49najk97,Gray Wash Straight Fit Comfort Jeans,Jeans,27,1,2,2024-05-01 00:00:00
p_bp7w9cp3k9,Pants | Commuter | Black,Pants,0,0,0,2024-05-01 00:00:00
p_bptwztkuks,Short Sleeve Polo Shirt | Active | Navy,Polos,0,0,0,2024-05-01 00:00:00
p_brwwn6xkwh,Long Sleeve Henley | Military Green,T-Shirts,0,0,0,2024-05-01 00:00:00
p_btfq53bzn6,Short Sleeve Polo Shirt | Active | White,Polos,0,0,1,2024-05-01 00:00:00
p_bvsv82u2jt,Dark Oak Fleece French Terry Zip Hoodie,Hoodie,0,0,0,2024-05-01 00:00:00
p_bxnehsqcdv,Heather Navy Short Sleeve Active Polo Shirt,Polos,0,0,2,2024-05-01 00:00:00
p_bxpjzp3q34,Sweater Hoodie | Black,Hoodie,0,0,0,2024-05-01 00:00:00
p_byy2kmxasx,Long Sleeve Shirt | Lightweight Flannel | Navy,Shirt,0,0,1,2024-05-01 00:00:00
p_bz2jmxhgzb,Heather Gray Fleece French Terry Joggers,Sweatpants & Joggers,0,0,1,2024-05-01 00:00:00
p_c4xj5zhjn2,Heather Navy Sweater Button Up Shirt,Button Down Shirts,0,0,3,2024-05-01 00:00:00
p_cbxu2v3ntm,Short Sleeve T-Shirt | Active | Crew Neck | Military Green,T-Shirts,1,1,5,2024-05-01 00:00:00
p_ccse4psnan,Heather Navy Crew Neck Long Sleeve,T-Shirts,0,0,0,2024-05-01 00:00:00
p_ce7amvu2k2,Light Heather Short Sleeve Gray V-Neck T-Shirt,T-Shirts,0,0,0,2024-05-01 00:00:00
p_cfg5xu3gvw,Dark Olive Short Sleeve Crew Neck T-Shirt,T-Shirts,0,0,0,2024-05-01 00:00:00
p_cgxstjpjhj,Light Khaki Short Sleeve Crew Neck T-Shirt,T-Shirts,0,0,1,2024-05-01 00:00:00
p_ch6qn6a8en,Short Sleeve T-Shirt | V-Neck | Military Green,T-Shirts,0,0,0,2024-05-01 00:00:00
p_cje82wcjgv,Iron Gray Active Crew Neck T-Shirt,T-Shirts,0,0,0,2024-05-01 00:00:00
p_cjzvdmswjf,Hoodie | Active | White,Hoodie,0,0,0,2024-05-01 00:00:00
p_cn8axvjmp9,Charcoal Heather Gray Active Comfort Short,Athletic Shorts,1,1,8,2024-05-01 00:00:00
p_cnrb9yncvy,Sock | Half Crew | White | 3-Pack,Socks,0,0,1,2024-05-01 00:00:00
p_cpfjz5js6m,Light Heather Gray Quarter Zip Performance Shirt,Athletic Tops,0,0,0,2024-05-01 00:00:00
p_ct8bqyz5rd,Bomber Jacket | Black,Bomber Jackets,0,0,9,2024-05-01 00:00:00
p_ctw749pxad,Heather Burgundy Long Sleeve Crew Neck T-Shirt,T-Shirts,0,0,0,2024-05-01 00:00:00
p_cty4s4ehz9,Short Sleeve T-Shirt | V-Neck | Orange,T-Shirts,0,0,0,2024-05-01 00:00:00
p_cve5gy56m8,Heather Dark Oak Short Sleeve V-Neck T-Shirt,T-Shirts,0,0,1,2024-05-01 00:00:00
p_cvrhss99ts,Heather Dark Orchid Short Sleeve V-Neck T-Shirt,Shirt,0,0,0,2024-05-01 00:00:00
p_cz4mtzemgt,Heather Gray Fleece French Terry Zip Hoodie,Hoodie,0,0,0,2024-05-01 00:00:00
p_d3c8r9bpvv,Jeans | Authentic Stretch | Slim | Medium Indigo Wash,Jeans,28,2,11,2024-05-01 00:00:00
p_dbcpnaxxzz,Boxer Briefs | Navy | 3-pack,Underwear,0,0,0,2024-05-01 00:00:00
p_dbg2vhd8gn, Long Sleeve T-Shirt | Crew Neck | Waffle | Navy,Sweatshirt,0,0,0,2024-05-01 00:00:00
p_dcfsb4qj5s,Carbon Performance Lightweight Dress Shirt,Button Down Shirts,0,0,2,2024-05-01 00:00:00
p_dd7ynwa46b,Coaches Jacket | Military Green,Jacket,0,0,1,2024-05-01 00:00:00
p_ddgsdeyzu9,Heather Gray Long Sleeve Henley,T-Shirts,0,0,2,2024-05-01 00:00:00
p_dks9q92uqc,Heather Gray Tall Round Hem Crew Neck T-Shirt,T-Shirts,0,0,0,2024-05-01 00:00:00
p_dnq23rfcgu,"Carbon 7"" 2-in-1 Training Short",Athletic Shorts,0,0,3,2024-05-01 00:00:00
p_dny6u2yy3n,Heather Burgundy Active Crew Neck T-Shirt,T-Shirts,0,0,0,2024-05-01 00:00:00
p_dpgtwv5dut,Heather Cayenne Short Sleeve Tall Polo,Polos,0,0,0,2024-05-01 00:00:00
p_dqknx7njuf,Heather Slate Green Short Sleeve Polo Shirt,Polos,0,0,4,2024-05-01 00:00:00
p_dr2dsqwwjd,Dress Shirt | Performance Lightweight | Navy,Button Down Shirts,0,0,0,2024-05-01 00:00:00
p_drc7rrjfsv,Long Sleeve T-Shirt | Mahogany,Shirt,0,0,0,2024-05-01 00:00:00
p_dvj7aj4rxq,Heather Gray Fleece French Terry Pullover Crew Neck Sweatshirt,Sweatshirt,0,0,1,2024-05-01 00:00:00
p_dwbw45rvge,Hooded Puffer Jacket | Navy,Puffer Jackets,0,0,1,2024-05-01 00:00:00
p_dxzcer2fk8,Heather Slate Green Short Sleeve Crew Neck T-Shirt,T-Shirts,0,0,2,2024-05-01 00:00:00
p_dy7mjs4bpm,Sleeveless Muscle Tee | Active | Light Heather Gray,Tank Top,0,0,0,2024-05-01 00:00:00
p_e2426ac79u,Dark Heather Tempest Long Sleeve Active Crew Neck,Sweatshirt,0,0,0,2024-05-01 00:00:00
p_e34ttzx6kf,Short Sleeve T-Shirt | Crew Neck | True Red,T-Shirts,0,0,0,2024-05-01 00:00:00
p_e3w27784ez,Heather Gray Long Sleeve Lightweight Flannel Shirt,Button Down Shirts,0,0,1,2024-05-01 00:00:00
p_e58dmnpc9e,Joggers | Fleece French Terry | Navy,Sweatpants & Joggers,0,0,0,2024-05-01 00:00:00
p_e6pz5d7uh9,Sweater Fleece Jacket | Navy,Hoodie,0,0,1,2024-05-01 00:00:00
p_ea2gekbzfm,Heather Gray Crew Neck Long Sleeve,T-Shirts,0,0,0,2024-05-01 00:00:00
p_ef9p26sqwv,Coaches Jacket | Navy,Jacket,0,0,6,2024-05-01 00:00:00
p_eg72spursx,Half Crew Sock | 3-Pack | Black,Socks,0,0,0,2024-05-01 00:00:00
p_egd9fym6xg,Commuter Pants | Navy,Pants,0,0,1,2024-05-01 00:00:00
p_egq2tewvm7,Long Sleeve Henley | Black,T-Shirts,0,0,0,2024-05-01 00:00:00
p_en8vndps74,"Chino Shorts | Comfort | 9"" | Navy",Shorts,0,0,1,2024-05-01 00:00:00
p_encznv79zd,Charcoal Heather Gray Loungewear Jogger,Sweatpants & Joggers,0,0,0,2024-05-01 00:00:00
p_enhxmmv3xa,Short Sleeve Polo Shirt | Tall | Black,Polos,0,0,1,2024-05-01 00:00:00
p_ens5k22dee,Coaches Jacket | Black,Jacket,0,0,6,2024-05-01 00:00:00
p_epuubwwz7s,Shorts | Fleece French Terry | Military Green,Shorts,0,0,0,2024-05-01 00:00:00
p_erspmns4ce,Heather Seafarer Short Sleeve V-Neck Neck T-Shirt,Shirt,0,0,0,2024-05-01 00:00:00
p_ewa8pkqm8u,Joggers | Fleece French Terry | Military Green,Sweatpants & Joggers,0,0,5,2024-05-01 00:00:00
p_eyc8fnh7za,Heather Purple Short Sleeve Crew Neck T-Shirt,T-Shirts,0,0,0,2024-05-01 00:00:00
p_ez9ax3esv6,Emerald Long Sleeve Crew Neck T-Shirt,T-Shirts,0,0,0,2024-05-01 00:00:00
p_ezjsg82fk7,Garnet Short Sleeve Sweater Polo Shirt,Polos,0,0,1,2024-05-01 00:00:00
p_f3zjdpjr6y,Ankle Socks | Active | White | 3-Pack,Socks,0,0,0,2024-05-01 00:00:00
p_f7jft6kfqg,Light Indigo Wash Long Sleeve Chambray Shirt,Shirt,0,0,0,2024-05-01 00:00:00
p_f8rywmvjsy,"Chino Shorts | Comfort | 7"" | Sapphire",Shorts,0,0,2,2024-05-01 00:00:00
p_f92h3kv2cv,Heather Pale Blue Short Sleeve Crew Neck T-Shirt,T-Shirts,9,1,2,2024-05-01 00:00:00
p_fc9era585c,Jacket | Active | Black,Athletic Jackets,0,0,3,2024-05-01 00:00:00
p_fcgghnz6fh,Evergreen Sweater Beanie,Beanie,0,0,0,2024-05-01 00:00:00
p_fcv57d39m8,Carbon Short Sleeve V-Neck T-Shirt,T-Shirts,0,0,0,2024-05-01 00:00:00
p_fhdff8x3jt,"Shorts | Classic Twill | 7"" | Harbor",Shorts,0,0,3,2024-05-01 00:00:00
p_fpmkw85rke,Short Sleeve Polo Shirt | Black,Polos,0,0,3,2024-05-01 00:00:00
p_fsr8s5rfne,Short Sleeve T-Shirt | Active | Crew Neck | Tall | Navy,T-Shirts,0,0,2,2024-05-01 00:00:00
p_fvgyjfheyt,Sandstone Commuter Short,Shorts,0,0,0,2024-05-01 00:00:00
p_fx25mpavbf,Long Sleeve T-Shirt | Hooded | Black,T-Shirts,0,0,0,2024-05-01 00:00:00
p_fyejvaduhb,Active Joggers | Stone Blue,Sweatpants & Joggers,0,0,0,2024-05-01 00:00:00
p_fzwwcz6x6s,Heather Sage Short Sleeve Crew Neck T-Shirt,T-Shirts,0,0,1,2024-05-01 00:00:00
p_g2f7b4qvq8,Kelly Green Short Sleeve Crew Neck T-Shirt,T-Shirts,0,0,0,2024-05-01 00:00:00
p_g4xkdswn5e,Heather Gray Active Comfort Short,Shorts,11,1,2,2024-05-01 00:00:00
p_g5xjgypbqs,Long Sleeve Button Up Shirt | Black,Button Down Shirts,0,0,9,2024-05-01 00:00:00
p_g6dg3x3nta,Heather Navy Pique Crew Sweater,Knit Sweaters,0,0,1,2024-05-01 00:00:00
p_gawdf2gbfa,Long Sleeve Polo Shirt | Black,Polos,0,0,0,2024-05-01 00:00:00
p_gbd3qsz25s,Heather Charcoal Gray Crew Neck T-Shirt,Shirt,0,0,0,2024-05-01 00:00:00
p_gbh9ypmsjv,Heather Gray Do-It-All Comfort Long Sleeve Button Up Shirt,Button Down Shirts,0,0,0,2024-05-01 00:00:00
p_gf9pckvcm8,Carbon Short Sleeve Polo Shirt,Polos,0,0,6,2024-05-01 00:00:00
p_ggx5q9x8xm,Heather Military Green Active Crew Neck T-Shirt,Shirt,0,0,0,2024-05-01 00:00:00
p_gmhetj6qvj,Long Sleeve Button Up Shirt | Stretch Oxford | Banker Blue,Button Down Shirts,0,0,1,2024-05-01 00:00:00
p_gqfhmx28rz,Short Sleeve T-Shirt | Crew Neck | Blue Quartz,T-Shirts,0,0,0,2024-05-01 00:00:00
p_gqs2hwpkjy, Long Sleeve Button Up Shirt | Commuter | Navy,Shirt,0,0,1,2024-05-01 00:00:00
p_guzmuvmxwg,Heather Dark Orchid Short Sleeve Crew Neck T-Shirt,T-Shirts,0,0,0,2024-05-01 00:00:00
p_gv8hh5kma3,Long Sleeve Button Up Shirt | Oxford | Stone Stretch,Button Down Shirts,0,0,2,2024-05-01 00:00:00
p_gvy838kdy9,Long Sleeve Button Up Sweater Shirt | Black + Carbon,Button Down Shirts,0,0,0,2024-05-01 00:00:00
p_gxqdqumwae,Carbon Short Sleeve Crew Neck T-Shirt,T-Shirts,39,7,22,2024-05-01 00:00:00
p_gzgm33n9cz,Dark Heather Tempest Short Sleeve Active Polo Shirt,Polos,14,2,11,2024-05-01 00:00:00
p_gzymf76rmw,Heather Navy Loungewear Jogger,Sweatpants & Joggers,0,0,0,2024-05-01 00:00:00
p_h4877neu4n,Commuter Shorts | Sandstone,Shorts,1,1,20,2024-05-01 00:00:00
p_h5b94d3deu,Centurion Short Sleeve Sweater Polo,Polos,0,0,6,2024-05-01 00:00:00
p_h644hfsgj7,Sweater Beanie | Black,Beanie,0,0,0,2024-05-01 00:00:00
p_h75hjs7973,Heather Forest Short Sleeve Active Polo Shirt,Polos,6,1,5,2024-05-01 00:00:00
p_h9thpv33ux,Crew Socks | Active | 3-Pack | Black,Socks,1,1,1,2024-05-01 00:00:00
p_h9z43a8zde,Zip Hoodie | Fleece French Terry | Navy,Hoodie,0,0,0,2024-05-01 00:00:00
p_haens7aj79,Short Sleeve Polo Shirt | Tall | Sapphire,Polos,0,0,0,2024-05-01 00:00:00
p_hc97kv4jxf,Deep Sea Blue Short Sleeve Crew Neck T-Shirt,T-Shirts,0,0,1,2024-05-01 00:00:00
p_hed6qt6arh,Short Sleeve Polo Shirt | Raspberry,Polos,0,0,1,2024-05-01 00:00:00
p_hmkhv4g497,Heather Indigo Crew Neck T-Shirt,T-Shirts,0,0,0,2024-05-01 00:00:00
p_hmp7dkjce9,"Chino Shorts | Comfort | 7"" | Carbon",Shorts,4,1,5,2024-05-01 00:00:00
p_hrqsaa2u6g,Charcoal Heather Gray Loungewear Pant,Pants,0,0,0,2024-05-01 00:00:00
p_htnnbrvvmk,Carbon Active Crew Neck,T-Shirts,0,0,0,2024-05-01 00:00:00
p_hun6quaf8f,Gray Wash Slim Fit Comfort Jeans,Jeans,44,3,8,2024-05-01 00:00:00
p_hv5d9t5gb4,Boxer Trunks | Black | 3-Pack,Underwear,7,2,5,2024-05-01 00:00:00
p_hvfwhakq9c,Long Sleeve Dress Shirt | Performance Lightweight | White,Button Down Shirts,0,0,0,2024-05-01 00:00:00
p_hvyht2dd2v,Dark Oak Slim Twill Chino Pant,Pants,14,1,2,2024-05-01 00:00:00
p_hz3svpszdm,Long Sleeve T-Shirt | Tall | Military Green,T-Shirts,0,0,0,2024-05-01 00:00:00
p_hzkzcd9ag9,Charcoal Heather Gray Long Sleeve Ripstop Commuter Shirt,Shirt,0,0,0,2024-05-01 00:00:00
p_j23j35syzx,Long Sleeve Chambray Shirt | Black Wash,Shirt,0,0,0,2024-05-01 00:00:00
p_j48puxsej5,"Shorts | Classic Twill | 7"" | Sandstone",Shorts,0,0,3,2024-05-01 00:00:00
p_j4bf77xx5v,"Chino Shorts | Comfort | 9"" | Black",Shorts,12,2,3,2024-05-01 00:00:00
p_j9ak85wp57,Shorts | Active | Quick Dry with Liner | Military Green,Shorts,1,1,7,2024-05-01 00:00:00
p_j9huduq2g2,Short Sleeve T-Shirt | Crew Neck | Tall | Straight Hem | White,T-Shirts,0,0,1,2024-05-01 00:00:00
p_ja9tudbs9q,Dark Oak Straight Twill Chino,Pants,0,0,2,2024-05-01 00:00:00
p_jc3jqkdafw,Short Sleeve Button Up Shirt | Commuter | White,Button Down Shirts,9,1,1,2024-05-01 00:00:00
p_jdmt24d7hn,Short Sleeve T-Shirt | Crew Neck | Pale Blue,T-Shirts,0,0,0,2024-05-01 00:00:00
p_jg78h55jmw,Heather Gray Sweater Beanie,Beanie,0,0,0,2024-05-01 00:00:00
p_jgnjyyepyv,Short Sleeve T-Shirt | Crew Neck | White,T-Shirts,6,1,8,2024-05-01 00:00:00
p_jj6vbqjbcj,Boxer Trunks | Navy | 3-Pack,Underwear,0,0,1,2024-05-01 00:00:00
p_jpmpa7s5yw,Heather Indigo Short Sleeve V-Neck T-Shirt,T-Shirts,0,0,0,2024-05-01 00:00:00
p_jqam2z9s7w,"Chino Shorts | Comfort | 9"" | Ivory",Shorts,0,0,1,2024-05-01 00:00:00
p_jqxjnq8mc8,Charcoal Heather Active Comfort Straight Leg Pant,Sweatpants & Joggers,0,0,0,2024-05-01 00:00:00
p_jre675wesy,Heather Seafarer Short Sleeve Tall Polo Shirt,Polos,0,0,0,2024-05-01 00:00:00
p_juu2rq3qu8,Indigo Rinse Straight Authentic Stretch Jeans,Jeans,0,0,0,2024-05-01 00:00:00
p_jwjqtb338j,Khaki Comfort Chino Pants,Pants,0,0,5,2024-05-01 00:00:00
p_jx3q5n329x,Khaki Straight Twill Chino,Pants,0,0,2,2024-05-01 00:00:00
p_jybua995rp,Long Sleeve Button Up Shirt | White,Button Down Shirts,0,0,2,2024-05-01 00:00:00
p_jzwpw7njj6,Heather Voyager Short Sleeve Polo Shirt,Polos,0,0,0,2024-05-01 00:00:00
p_k5hymg84ez,"Shorts | Training | 7"" | 2-in-1 Black",Athletic Shorts,1,1,29,2024-05-01 00:00:00
p_k6s6hftqfe,Pullover Hoodie | Fleece French Terry | Navy,Hoodie,0,0,0,2024-05-01 00:00:00
p_k727r3s7q8,Charcoal Heather Gray Fleece French Terry Jogger,Sweatpants & Joggers,0,0,0,2024-05-01 00:00:00
p_k8j2vzha5p,Burgundy Boxer Briefs 3-Pack,Underwear,0,0,0,2024-05-01 00:00:00
p_ka34xhhhr8,Indigo Boxer Briefs 3-Pack,Underwear,0,0,1,2024-05-01 00:00:00
p_ka5fa3ne6y,Slippers | Black,Slippers,0,0,1,2024-05-01 00:00:00
p_kajnxmygka,Heather Military Green Crew Neck T-Shirt,Shirt,0,0,0,2024-05-01 00:00:00
p_kaq2j39v2p,"Chino Shorts | Comfort | 7"" | Navy",Shorts,0,0,0,2024-05-01 00:00:00
p_katetzgtwe,Light Indigo Wash Straight Authentic Stretch Jeans,Jeans,27,1,1,2024-05-01 00:00:00
p_kccxqadagn,Hoodie | Waffle | Navy,Hoodie,0,0,0,2024-05-01 00:00:00
p_kgcgy98rwb,Heather Gray Waffle Hoodie,Hoodie,0,0,1,2024-05-01 00:00:00
p_kkdff6r47e,Chino Pants | Slim Twill | Meadow,Pants,0,0,0,2024-05-01 00:00:00
p_krqrvpb5nk,Short Sleeve Sweater Polo Shirt | Black,Polos,0,0,0,2024-05-01 00:00:00
p_kv4qxkyavb,Chino Pants | Comfort | Carbon,Pants,0,0,2,2024-05-01 00:00:00
p_kvcynwabcy,"Chino Shorts | Comfort | 9"" | Sandstone",Shorts,0,0,3,2024-05-01 00:00:00
p_kvuhf7884a,Electric Blue Short Sleeve Polo Shirt,Polos,0,0,0,2024-05-01 00:00:00
p_kzqm93unyy,Heather Cocoa Active Crew Neck T-Shirt,T-Shirts,2,1,6,2024-05-01 00:00:00
p_m26ckp2n6s,Short Sleeve T-Shirt | Tall | Crew Neck | Round Hem | Black,T-Shirts,7,1,22,2024-05-01 00:00:00
p_m26nune3tt,Sleeveless Muscle Tee | Active | Heather Cocoa,Tank Top,0,0,1,2024-05-01 00:00:00
p_m5f29n89jy,"Chino Shorts | Comfort | 9"" | Carbon",Shorts,0,0,0,2024-05-01 00:00:00
p_m5nrytn7g3,Boxer Briefs | Logo | 3-Pack | Black,Underwear,0,0,1,2024-05-01 00:00:00
p_m6x758mjvq,Short Sleeve Polo Shirt | Tall | White,Polos,0,0,0,2024-05-01 00:00:00
p_m753ak35t9,Long Sleeve Button Up Shirt | Stretch Oxford | Navy,Shirt,0,0,0,2024-05-01 00:00:00
p_m9zcd62yqy,Short Sleeve T-Shirt | Crew-Neck | Sandstone,T-Shirts,3,1,6,2024-05-01 00:00:00
p_mau5qbhasg,Short Sleeve Sweater Polo Shirt | Navy,Knit Sweaters,0,0,1,2024-05-01 00:00:00
p_mbdbf8ya5d,Heather Gray Sweater Long Sleeve Button Up Shirt,Button Down Shirts,0,0,6,2024-05-01 00:00:00
p_mdphbu2y54,Indigo Long Sleeve T-Shirt,T-Shirts,0,0,0,2024-05-01 00:00:00
p_mef5fue56y,Dress Shirt | Lightweight Performance | Black,Button Down Shirts,0,0,1,2024-05-01 00:00:00
p_mjrxd2wgtf,Dark Heather Cocoa Short Sleeve Active Polo Shirt,Polos,0,0,2,2024-05-01 00:00:00
p_mkhh2ymk98,Heather Navy Active Comfort Crew Sweatshirt,Sweatshirt,0,0,0,2024-05-01 00:00:00
p_mm5tbn6qza,Sweatshirt | Comfort Crew | Black,Sweatshirt,0,0,2,2024-05-01 00:00:00
p_mqgpa9st88,Heather Sapphire Short Sleeve V-Neck T-Shirt,T-Shirts,0,0,0,2024-05-01 00:00:00
p_mqhey6peq9,Carbon Fleece French Terry Pullover Crew Neck Sweatshirt,Sweatshirt,0,0,1,2024-05-01 00:00:00
p_msfd479sz8,Short Sleeve Button Up Shirt | Navy,Shirt,0,0,0,2024-05-01 00:00:00
p_mtqhyqahab,Heather Navy Active Comfort Pullover Hoodie,Hoodie,0,0,0,2024-05-01 00:00:00
p_mu7q5qx67m,Jeans | Comfort | Straight Fit | Black Wash,Jeans,1,1,0,2024-05-01 00:00:00
p_mvqwbcmhah,Charcoal Heather Gray Tall Round Hem Crew Neck T-Shirt,T-Shirts,0,0,4,2024-05-01 00:00:00
p_mwv4sjthwt,Short Sleeve Polo Shirt | Military Green,Polos,0,0,2,2024-05-01 00:00:00
p_mxpb4sqvry,Charcoal Heather Gray Short Sleeve Tall Crew,T-Shirts,0,0,2,2024-05-01 00:00:00
p_mzcrkdhuvj,Light Heather Gray Tall Round Hem Crew Neck T-Shirt,T-Shirts,0,0,0,2024-05-01 00:00:00
p_n3jnq4u8q7,Heather Gray Crew Neck Sweater,Knit Sweaters,0,0,2,2024-05-01 00:00:00
p_n6hvkgussy,Carbon Waffle Hoodie,Hoodie,7,1,4,2024-05-01 00:00:00
p_n7npmmnfq3,Bomber Jacket | Army Green,Bomber Jackets,0,0,3,2024-05-01 00:00:00
p_n9qtgjygdv,"Shorts | Active Training | 7"" | Sandstone",Athletic Shorts,0,0,1,2024-05-01 00:00:00
p_ncvpa3z4h7,Dark Heather Cadet Long Sleeve Active Crew Neck T-Shirt,T-Shirts,0,0,0,2024-05-01 00:00:00
p_ncwnq5usm5,"Shorts | Active Training | 7"" | Slate Green",Athletic Shorts,0,0,5,2024-05-01 00:00:00
p_ngbbqfwzd5,Long Sleeve Henley | Navy,Shirt,0,0,0,2024-05-01 00:00:00
p_nmb6y3r32b,Carbon Fleece French Terry Jogger,Sweatpants & Joggers,0,0,0,2024-05-01 00:00:00
p_npv4nzv5x2,Short Sleeve Polo Shirt | Sapphire,Polos,0,0,5,2024-05-01 00:00:00
p_npx42jpcmt,Dark Heather Military Green Active Comfort Short,Shorts,0,0,1,2024-05-01 00:00:00
p_nu9kcajw2z,"Chino Shorts | Comfort | 7"" | Black",Shorts,6,1,1,2024-05-01 00:00:00
p_nw97q8x9x2,Heather Gray Ankle Socks 3-Pack,Socks,0,0,0,2024-05-01 00:00:00
p_p29249kscd,Hoodie | Waffle | White,Hoodie,0,0,0,2024-05-01 00:00:00
p_p42j2ebh8r,Short Sleeve Button Up Shirt | White,Shirt,0,0,3,2024-05-01 00:00:00
p_p6zw3xeg4v,Short Sleeve T-Shirt | Crew Neck | Black,T-Shirts,17,4,24,2024-05-01 00:00:00
p_p7dtyf9kd8,Heather Pale Blue Short Sleeve V-Neck T-Shirt,T-Shirts,0,0,0,2024-05-01 00:00:00
p_p8ep2jre98,Hoodie | Active | Black,Hoodie,0,0,2,2024-05-01 00:00:00
p_pds624ht98,Ankle Socks | Active | 3-Pack | Black,Socks,0,0,0,2024-05-01 00:00:00
p_pgvy4mwya6,Carbon Fleece French Terry Pullover Hoodie,Hoodie,0,0,1,2024-05-01 00:00:00
p_pjpnhtycns,Commuter Pants | Sandstone,Pants,0,0,0,2024-05-01 00:00:00
p_pkqtyg3hqm,Socks | Never Show | White | 3-Pack,Socks,0,0,0,2024-05-01 00:00:00
p_pqjyybc86f,Long Sleeve T-Shirt | Crew Neck | Waffle | Black,T-Shirts,0,0,2,2024-05-01 00:00:00
p_pqwkc9p2hu,Heather Burgundy Short Sleeve Crew Neck T-Shirt,T-Shirts,0,0,0,2024-05-01 00:00:00
p_prm2runmas,Carbon Long Sleeve Henley,T-Shirts,0,0,0,2024-05-01 00:00:00
p_prrc5xwre5,Khaki Commuter Short,Shorts,0,0,8,2024-05-01 00:00:00
p_ps2ys9u9da,Short Sleeve T-Shirt | Crew Neck | Steel,T-Shirts,0,0,1,2024-05-01 00:00:00
p_pxnmvcumyj,Charcoal Heather Gray Do-It-All Comfort Long Sleeve Button Up Shirt,Button Down Shirts,0,0,1,2024-05-01 00:00:00
p_pz6x448p9t,Heather Gray Short Sleeve Sweater Polo Shirt,Knit Tops,0,0,0,2024-05-01 00:00:00
p_pzg4uy9ru4,Heather Military Green Short Sleeve Active Polo Shirt,Polos,0,0,0,2024-05-01 00:00:00
p_pznn6yemfk,Heather Navy Quarter Zip Performance Shirt,Athletic Tops,0,0,0,2024-05-01 00:00:00
p_q2935cukf5,"Shorts | Classic Twill | 7"" | Khaki",Shorts,0,0,5,2024-05-01 00:00:00
p_q4h28hmd8q,Never Show Socks | Active | 3-Pack | Black,Socks,0,0,0,2024-05-01 00:00:00
p_q9e4tw2vgn,Carbon Tall Active Crew Neck T-Shirt,T-Shirts,0,0,0,2024-05-01 00:00:00
p_qcw7eb8td6,Charcoal Heather Active Comfort Full Zip Hoodie,Hoodie,0,0,0,2024-05-01 00:00:00
p_qek9etj5vj,Heather Voyager Short Sleeve Crew Neck T-Shirt,Shirt,0,0,1,2024-05-01 00:00:00
p_qhjjf5kjgd,"Chino Shorts | Comfort | 7"" | Rosewood",Shorts,0,0,7,2024-05-01 00:00:00
p_qr5wafyaq4,"Shorts | Classic Twill | 7"" | Moss",Shorts,0,0,2,2024-05-01 00:00:00
p_qsrzg2ce35,Short Sleeve T-Shirt | Crew Neck | Turquoise,T-Shirts,0,0,0,2024-05-01 00:00:00
p_qsxubmrtfw,Long Sleeve Tee | Loungewear | Charcoal Heather Gray,T-Shirts,0,0,0,2024-05-01 00:00:00
p_qtjb9pcnn3,Heather Navy Active Shell Jacket,Jacket,0,0,1,2024-05-01 00:00:00
p_qvscv7wqa7,Dark Oak Fleece French Terry Jogger,Sweatpants & Joggers,0,0,0,2024-05-01 00:00:00
p_qvxdc36tay,Carbon Bomber Jacket,Bomber Jackets,0,0,1,2024-05-01 00:00:00
p_r3gbt3j2kw,Long Sleeve Button Up Shirt | Navy,Shirt,0,0,0,2024-05-01 00:00:00
p_r5du83g9df,Shorts | Active | Quick Dry with Liner | Black,Swim Shorts,0,0,4,2024-05-01 00:00:00
p_r5gttk27sm,Long Sleeve T-Shirt | Active | Crew Neck | White,Shirt,0,0,0,2024-05-01 00:00:00
p_r5xrp6kuxu,Short Sleeve Polo Shirt | True Red,Polos,0,0,0,2024-05-01 00:00:00
p_r9rn7a2dy5,"Shorts | Active Training | 7"" | Carbon",Shorts,0,0,1,2024-05-01 00:00:00
p_rd96dkwsx6,Carbon Boxer Trunks 3-Pack,Underwear,2,2,2,2024-05-01 00:00:00
p_rdac8nxqpc,Short Sleeve Sweater Polo | Navy,Polos,0,0,0,2024-05-01 00:00:00
p_rejmm7td92,Heather Mist Short Sleeve V-Neck T-Shirt,T-Shirts,0,0,0,2024-05-01 00:00:00
p_rezzg23bjy,Pullover Sweatshirt | Fleece French Terry | Navy,Sweatshirt,0,0,0,2024-05-01 00:00:00
p_rgamhxuwjz,Carbon Crew Neck Long Sleeve,Shirt,0,0,0,2024-05-01 00:00:00
p_rh632vzkvf,Short Sleeve T-Shirt | Crew Neck | Raspberry,T-Shirts,0,0,0,2024-05-01 00:00:00
p_rhexhysfzs,Short Sleeve Polo Shirt | Navy,Polos,0,0,3,2024-05-01 00:00:00
p_rhk5rdjr7y,Heather Voyager Short Sleeve Tall Crew,T-Shirts,0,0,0,2024-05-01 00:00:00
p_rhugz6jch8,Light Indigo Wash Slim Authentic Stretch Jeans,Jeans,27,1,0,2024-05-01 00:00:00
p_rhxjthz5x8,Dark Heather Burgundy Active Comfort Short,Swim Shorts,0,0,0,2024-05-01 00:00:00
p_rnmhwn9kcu,Chino Pants | Slim Twill | Navy,Pants,0,0,1,2024-05-01 00:00:00
p_rpcku7uhxu,Short Sleeve T-Shirt | V-Neck | Mahogany,T-Shirts,0,0,0,2024-05-01 00:00:00
p_rpenkmstmg,Heather Centurion Active Crew Neck T-Shirt,T-Shirts,0,0,0,2024-05-01 00:00:00
p_rpwqburrmc,Dark Heather Cadet Active Polo,Polos,0,0,0,2024-05-01 00:00:00
p_rquj6mrdex,Dark Heather Navy Active Comfort Short,Shorts,0,0,2,2024-05-01 00:00:00
p_rua2yj3jmt,Heather Dark Oak Crew Short Sleeve Neck T-Shirt,T-Shirts,8,1,3,2024-05-01 00:00:00
p_ryght7etrs,Bluestone V-Neck Short Sleeve T-Shirt,T-Shirts,0,0,1,2024-05-01 00:00:00
p_s49r5jxnqq,Short Sleeve T-Shirt | V-Neck | White,T-Shirts,12,2,4,2024-05-01 00:00:00
p_s57sjtnm4q,Chino Pants | Straight Twill | Meadow,Pants,0,0,1,2024-05-01 00:00:00
p_s6hq3cbp99,Heather Indigo Short Sleeve Polo Shirt,Polos,22,3,5,2024-05-01 00:00:00
p_s7c853uk5c,Puffer Jacket | Black,Puffer Jackets,26,2,16,2024-05-01 00:00:00
p_s7yfamyjwt,Short Sleeve T-Shirt | V-Neck | Black,T-Shirts,9,2,3,2024-05-01 00:00:00
p_saytmbtmak,"Shorts | Classic Twill | 9"" | Black",Shorts,0,0,1,2024-05-01 00:00:00
p_sfn5q4bv26,Dark Heather Cadet Short Sleeve Active Polo Shirt,Polos,20,4,31,2024-05-01 00:00:00
p_sgut9a5tns,Light Heather Gray Polo,Polos,0,0,5,2024-05-01 00:00:00
p_shc7xvk932,Evergreen Heather Active Long Sleeve Crew Neck T-Shirt,T-Shirts,0,0,0,2024-05-01 00:00:00
p_shcbhfeqaq,Pullover Sweatshirt | Fleece French Terry | Crew Neck | Military Green,Sweatshirt,0,0,0,2024-05-01 00:00:00
p_shhxbvvxxp,Heather Indigo Active Crew Neck T-Shirt,T-Shirts,0,0,1,2024-05-01 00:00:00
p_spf5g5jf32,Khaki Slim Twill Chino,Pants,0,0,1,2024-05-01 00:00:00
p_spgwfvgehe,Heather Navy Sweater Long Sleeve Button Up Shirt,Button Down Shirts,0,0,2,2024-05-01 00:00:00
p_sph8dsebwy,Dark Oak Fleece French Terry Pullover Crew Neck Sweatshirt,Sweatshirt,0,0,0,2024-05-01 00:00:00
p_srwzc2wwq6,Burgundy Long Sleeve Henley,T-Shirts,0,0,0,2024-05-01 00:00:00
p_svsvrfrcb6,Long Sleeve T-Shirt | Active | Crew Neck | Black,T-Shirts,0,0,4,2024-05-01 00:00:00
p_szpx92nwke,Carbon Fleece French Terry Zip Hoodie,Hoodie,0,0,0,2024-05-01 00:00:00
p_t2tpzxuynp,Dark Heather Navy Active Joggers,Sweatpants & Joggers,0,0,1,2024-05-01 00:00:00
p_t4px9w63de,Short Sleeve T-Shirt | Crew Neck | Navy,T-Shirts,35,5,15,2024-05-01 00:00:00
p_t58yx24wsb, Long Sleeve T-Shirt | Hooded | Navy,Sweatshirt,0,0,0,2024-05-01 00:00:00
p_t83m3bqcj4,Khaki Commuter Pant,Pants,0,0,6,2024-05-01 00:00:00
p_tbp6wvu828,Heather Military Green Short Sleeve V-Neck T-Shirt,T-Shirts,0,0,0,2024-05-01 00:00:00
p_tdz6dj3k93,Charcoal Heather Gray Active Shell Jacket,Jacket,0,0,3,2024-05-01 00:00:00
p_tfc9aqbuz4,Short Sleeve T-Shirt | Crew Neck | Military Green,T-Shirts,45,7,49,2024-05-01 00:00:00
p_tgudk6vxpb,Short Sleeve T-Shirt | V-Neck | Military Green,T-Shirts,0,0,0,2024-05-01 00:00:00
p_tjh5t8a6tw,Long Sleeve Shirt | Crew Neck | Navy,Shirt,0,0,0,2024-05-01 00:00:00
p_tmjb73g498,Heather Navy Short Sleeve Tall Polo Shirt,Polos,0,0,0,2024-05-01 00:00:00
p_tpv8fcqeja,Heather Gray Active Ankle Socks 3-Pack,Socks,0,0,0,2024-05-01 00:00:00
p_tpzfdnukzs,Long Sleeve Crew Neck | Active | Navy,T-Shirts,0,0,0,2024-05-01 00:00:00
p_ttdapkruav,Heather Gray Fleece French Terry Pullover Hoodie,Hoodie,0,0,1,2024-05-01 00:00:00
p_ttezb89gxf,Heather Mauve Short Sleeve Crew Neck T-Shirt,T-Shirts,0,0,2,2024-05-01 00:00:00
p_twpefb4vpq,Long Sleeve Henley | White,T-Shirts,0,0,1,2024-05-01 00:00:00
p_u25kmysesj,Jeans | Comfort | Straight Fit | Medium Gray Wash,Jeans,4,1,5,2024-05-01 00:00:00
p_u2rhgedcvp,Long Sleeve Polo Shirt | White,Polos,0,0,0,2024-05-01 00:00:00
p_u3ffx96ehp,Short Sleeve T-Shirt | Tall | Active Crew Neck | Black,T-Shirts,0,0,6,2024-05-01 00:00:00
p_u4zzshtv4s,Heather Navy Short Sleeve V-Neck T-Shirt,Shirt,0,0,0,2024-05-01 00:00:00
p_u9kx69bqms,Never Show Socks | Active | White | 3-Pack,Socks,0,0,1,2024-05-01 00:00:00
p_u9qz9yabud,Indigo Wash Slim Fit Comfort Jeans,Jeans,0,0,0,2024-05-01 00:00:00
p_ubarpzrdvd,Gray Sweater Fleece Jacket,Knit Sweaters,0,0,0,2024-05-01 00:00:00
p_ucy8r4cqe3,Dark Heather Burgundy Active Joggers,Sweatpants & Joggers,0,0,0,2024-05-01 00:00:00
p_udqn8s72v2,Short Sleeve T-Shirt | Crew Neck | Tall Round Hem | Navy,T-Shirts,0,0,0,2024-05-01 00:00:00
p_ufjg6nn927,Long Sleeve T-Shirt | Tall | Black,T-Shirts,0,0,0,2024-05-01 00:00:00
p_ug6duq4hvt,Heather Navy Crew Neck T-Shirt,Shirt,0,0,3,2024-05-01 00:00:00
p_ug78456eub,Pullover Hoodie | Fleece French Terry | Mahogany,Hoodie,0,0,0,2024-05-01 00:00:00
p_ujs2rxbwwy,Charcoal Heather Gray Active Long Sleeve Crew Neck,T-Shirts,0,0,1,2024-05-01 00:00:00
p_ukpa96wyhm,Light Gray Stretch Oxford Long Sleeve Button Up Shirt,Button Down Shirts,0,0,1,2024-05-01 00:00:00
p_up97jdnnsw,Heather Sapphire Short Sleeve Crew Neck T-Shirt,T-Shirts,8,1,7,2024-05-01 00:00:00
p_uqg73gd526,Dark Olive Short Sleeve V-Neck T-Shirt,T-Shirts,0,0,1,2024-05-01 00:00:00
p_utfqrxy94f,Shorts | Commuter | Black,Shorts,0,0,0,2024-05-01 00:00:00
p_uwgqdnnawm,Charcoal Heather Gray Short Sleeve Tall Polo Shirt,Polos,0,0,0,2024-05-01 00:00:00
p_uwm4psyppk,Short Sleeve T-Shirt | Tall | Crew Neck | Straight Hem | Black,T-Shirts,0,0,2,2024-05-01 00:00:00
p_uwx92gahmk,Long Sleeve Henley Shirt | Mahogany,T-Shirts,0,0,1,2024-05-01 00:00:00
p_v4vw7cyjx6,Short Sleeve T-Shirt | Active | Crew Neck | Tall | White,T-Shirts,0,0,1,2024-05-01 00:00:00
p_v5bwyyhget,Carbon Commuter Short Sleeve Button Up,Button Down Shirts,8,2,11,2024-05-01 00:00:00
p_v8pfb5wryd,Hoodie | Waffle | Military Green,Hoodie,4,1,5,2024-05-01 00:00:00
p_v9vmgr3m4t,Short Sleeve Polo Shirt | Tall | Black,Polos,0,0,1,2024-05-01 00:00:00
p_vaexg8brvb,Heather Navy Short Sleeve Tall Crew,T-Shirts,0,0,0,2024-05-01 00:00:00
p_vdzeqmc9rs,Crew Socks | Active | White | 3-Pack,Socks,0,0,0,2024-05-01 00:00:00
p_vhct7fnamt,Sweater Fleece Jacket | Black,Jacket,0,0,0,2024-05-01 00:00:00
p_vhh2e6dge7,Short Sleeve T-Shirt | Crew Neck | Mellow Yellow,T-Shirts,0,0,0,2024-05-01 00:00:00
p_vjfh4zw9pd,Short Sleeve Polo Shirt | Active | Black,Polos,1,1,6,2024-05-01 00:00:00
p_vjj8djm98g,"Training Shorts | 2-in-1 | 7"" | Voyager",Athletic Shorts,0,0,1,2024-05-01 00:00:00
p_vkp29t8hpk,Sleeveless Muscle Tee | Active | Black,Athletic Tops,0,0,7,2024-05-01 00:00:00
p_vm4udwbmec,Ankle Socks | 3-Pack | Black,Socks,0,0,0,2024-05-01 00:00:00
p_vnexp6dh3m,Heather Centurion Short Sleeve Active Polo Shirt,Polos,6,1,3,2024-05-01 00:00:00
p_vp3anzz9s3,Long Sleeve Button Up Shirt | White,Button Down Shirts,0,0,1,2024-05-01 00:00:00
p_vqc6jejd69,Long Sleeve Button Up Shirt | Do-It-All Comfort | Black,Button Down Shirts,0,0,4,2024-05-01 00:00:00
p_vrmxbznmh9,Indigo Long Sleeve Henley,Shirt,0,0,0,2024-05-01 00:00:00
p_vst6extntp,Heather Gray Active Jogger,Sweatpants & Joggers,0,0,0,2024-05-01 00:00:00
p_vtkmnr87v2,Long Sleeve T-Shirt | Active | Crew Neck | Navy,T-Shirts,0,0,0,2024-05-01 00:00:00
p_vubwwnzvnt,Dark Heather Cadet Long Sleeve Active Crew Neck,T-Shirts,0,0,0,2024-05-01 00:00:00
p_vvkaza7v48,Long Sleeve Button Up Shirt | Commuter | Black,Button Down Shirts,0,0,3,2024-05-01 00:00:00
p_vxfj55w6ma,Heather Burgundy Short Sleeve Polo Shirt,Polos,0,0,14,2024-05-01 00:00:00
p_vybqnpjdfb,Dark Heather Tempest Active Crew Neck T-Shirt,T-Shirts,0,0,0,2024-05-01 00:00:00
p_w24fe8f3xz, Short Sleeve T-Shirt | V-Neck | Mellow Yellow,T-Shirts,0,0,0,2024-05-01 00:00:00
p_w7ysprckp8,Heather Navy Active Comfort Straight Leg Pant,Sweatpants & Joggers,0,0,0,2024-05-01 00:00:00
p_w99wqwtmd8,Performance Shirt | Quarter Zip | Black,Athletic Tops,0,0,6,2024-05-01 00:00:00
p_wc3k5eupk3,Short Sleeve T-Shirt | V-Neck | Pale Blue,T-Shirts,0,0,0,2024-05-01 00:00:00
p_wctjf5cy38,Heather Seafarer Short Sleeve Crew Neck T-Shirt,T-Shirts,7,1,3,2024-05-01 00:00:00
p_wht3v5efkm,Deep Sea Blue Long Sleeve Waffle Crew,T-Shirts,0,0,0,2024-05-01 00:00:00
p_wj3u3m87yx,Short Sleeve T-Shirt | Active | Crew Neck | Black,T-Shirts,0,0,1,2024-05-01 00:00:00
p_wtfwp7uyps,Heather Dark Oak Long Sleeve Crew Neck T-Shirt,T-Shirts,0,0,0,2024-05-01 00:00:00
p_wtnvenruq9,Jeans | Comfort | Straight Fit | Medium indigo Wash,Jeans,0,0,8,2024-05-01 00:00:00
p_wue6hk6hmr,Short Sleeve T-Shirt | V-Neck | Steel,T-Shirts,0,0,0,2024-05-01 00:00:00
p_wungd9j4dh,"Shorts | Active Training | 7"" | Black",Shorts,0,0,0,2024-05-01 00:00:00
p_wvdzacyaq8,Heather Garnet Short Sleeve Crew Neck T-Shirt,T-Shirts,0,0,1,2024-05-01 00:00:00
p_wzprzguypw,Chino Pants | Comfort | Sandstone,Pants,0,0,6,2024-05-01 00:00:00
p_x285vx432e,Ankle Socks | White | 3-Pack,Socks,0,0,0,2024-05-01 00:00:00
p_x443echvnq,"Chino Shorts | Comfort | 7"" | Military Green",Shorts,0,0,0,2024-05-01 00:00:00
p_x525p5gyt4,Short Sleeve Sweater Polo Shirt | Moss,T-Shirts,0,0,2,2024-05-01 00:00:00
p_x5p88uuzy5,Dark Heather Indigo Active Joggers,Sweatpants & Joggers,0,0,1,2024-05-01 00:00:00
p_x5pshyk4q9,Heather Graphite Short Sleeve Polo Shirt,Polos,0,0,4,2024-05-01 00:00:00
p_x7cgdhmyp3,Heather Navy Short Sleeve Polo Shirt,Polos,0,0,2,2024-05-01 00:00:00
p_x8z28nbvwg,Heather Mist Short Sleeve Crew Neck T-Shirt,T-Shirts,0,0,0,2024-05-01 00:00:00
p_xa4dn5yc22,Short Sleeve Polo Shirt | Tall | Navy,Polos,0,0,0,2024-05-01 00:00:00
p_xafkdxwnvm,Waffle Hoodie | Black,Hoodie,0,0,5,2024-05-01 00:00:00
p_xdyn8gxhhe,Dark Oak Long Sleeve Waffle Crew,Sweatshirt,0,0,0,2024-05-01 00:00:00
p_xdyq8mewrc,Short Sleeve Button Up Shirt | Black,Button Down Shirts,0,0,3,2024-05-01 00:00:00
p_xgzt58skmg,Jeans | Straight Authentic Stretch | Medium Indigo Wash,Jeans,41,2,16,2024-05-01 00:00:00
p_xhhgk2nnba,Heather Burgundy Crew Neck T-Shirt,Shirt,0,0,1,2024-05-01 00:00:00
p_xhubfpt2bh,Long Sleeve Shirt | Ripstock Commuter | Olive,Shirt,0,0,0,2024-05-01 00:00:00
p_xngupz8qg8,Heather Military Green Active Long Sleeve Crew Neck,T-Shirts,0,0,1,2024-05-01 00:00:00
p_xnzebcgf9j,Zip Hoodie | Fleece French Terry | Black,Hoodie,0,0,0,2024-05-01 00:00:00
p_xpmubyp2yg,"Chino Shorts | Comfort | 9"" | Slate Green",Shorts,0,0,0,2024-05-01 00:00:00
p_xqcme6qpqk,Heather Navy Active Comfort Full Zip Hoodie,Hoodie,0,0,0,2024-05-01 00:00:00
p_xqh3f9cwus,Heather Emerald Short Sleeve V-Neck T-Shirt,T-Shirts,0,0,0,2024-05-01 00:00:00
p_xrvchd55bc,Heather Military Green Short Sleeve Tall Crew,Screen Printed T-Shirts,0,0,1,2024-05-01 00:00:00
p_xsbj94sm6q,Heather Gray Fleece French Terry Short,Shorts,0,0,4,2024-05-01 00:00:00
p_xug2xuwpqn,Long Sleeve Button Up Shirt | Stretch Oxford | White,Shirt,0,0,1,2024-05-01 00:00:00
p_xvg4py479t,Heather Sage V-Neck Short Sleeve T-Shirt,T-Shirts,0,0,0,2024-05-01 00:00:00
p_xx645fy2er,Short Sleeve T-Shirt | Crew Neck | Pink Opal,T-Shirts,0,0,0,2024-05-01 00:00:00
p_xzhwz3h8uh,Heather Light Khaki Crew Neck,Sweatshirt,0,0,2,2024-05-01 00:00:00
p_y3r2ug2mpu,Heather Forest Active Crew Neck T-Shirt,T-Shirts,4,1,1,2024-05-01 00:00:00
p_y5u5gs4evr,Chino Pants | Straight | Twill | Navy,Pants,0,0,1,2024-05-01 00:00:00
p_y6cg76w8k6,Heather Gray Half Crew Sock 3-Pack,Socks,0,0,0,2024-05-01 00:00:00
p_yabrk8yt6y,Long Sleeve Button Up Shirt | Commuter | White,Button Down Shirts,0,0,1,2024-05-01 00:00:00
p_yb98yp2sqv,Indigo Rinse Slim Authentic Stretch Jeans,Jeans,1,1,4,2024-05-01 00:00:00
p_ydptv6rbpw,Gradient Classic Polarized Sunglasses,Sunglasses,0,0,0,2024-05-01 00:00:00
p_yev838e3bk,Dark Olive Waffle Hoodie,Hoodie,0,0,1,2024-05-01 00:00:00
p_yg5234hu8z,Centurion Short Sleeve Sweater Polo Shirt,Polos,0,0,0,2024-05-01 00:00:00
p_yhput7au44,Dark Olive Long Sleeve Henley,T-Shirts,0,0,0,2024-05-01 00:00:00
p_yjazyejt4q,Charcoal Heather Gray V-Neck,Shirt,0,0,0,2024-05-01 00:00:00
p_ymb5bq3vdv,Fleece Shacket | Navy,Shirt Jackets,0,0,0,2024-05-01 00:00:00
p_yp2v99qxbf,Classic Polarized Sunglasses | Black Mirror,Sunglasses,0,0,0,2024-05-01 00:00:00
p_yqusyfjxtf,Gunmetal Hooded Puffer Jacket,Puffer Jackets,0,0,0,2024-05-01 00:00:00
p_yra4pxjn2n,Charcoal Heather Gray Fleece French Terry Full Zip,Hoodie,0,0,0,2024-05-01 00:00:00
p_yrp9cazs3k,Long Sleeve Shirt | Ripstop Commuter | Olive,Shirt,0,0,0,2024-05-01 00:00:00
p_ys335pw23m,Pants | Active Comfort | Straight Leg | Black,Sweatpants & Joggers,0,0,0,2024-05-01 00:00:00
p_ysyjzgmtu6,Evergreen Heather Active Hoodie,Hoodie,0,0,0,2024-05-01 00:00:00
p_yszdpmgyju,Evergreen Sweater Scarf,Scarf,0,0,0,2024-05-01 00:00:00
p_yupfqc6yfm,Charcoal Heather Gray Short Sleeve V-Neck T-Shirt,T-Shirts,0,0,0,2024-05-01 00:00:00
p_yw7vvn467f,Dark Olive Long Sleeve Crew Neck T-Shirt,T-Shirts,0,0,0,2024-05-01 00:00:00
p_z7kat66jsb,Puffer Vest | Black,Outerwear Vests,0,0,1,2024-05-01 00:00:00
p_z7xekuufwm,Ecru Do-It-All Comfort Long Sleeve Button Up Shirt,Button Down Shirts,0,0,2,2024-05-01 00:00:00
p_z9gg92dcqx,Charcoal Heather Gray Short Sleeve Polo Shirt,Polos,0,0,1,2024-05-01 00:00:00
p_zc2fube8nb,Short Sleeve Polo Shirt | Periwinkle Blue,Polos,0,0,0,2024-05-01 00:00:00
p_zc74ftx9hy,Charcoal Heather Gray Pique Crew Sweater,Knit Sweaters,0,0,1,2024-05-01 00:00:00
p_zd6gtes7qp,Centurion Straight Twill Chino,Pants,0,0,0,2024-05-01 00:00:00
p_zf9muhc3as,Dark Heather Indigo Active Comfort Short,Shorts,0,0,0,2024-05-01 00:00:00
p_zfqbnz8zdc,Heather Gray Short Sleeve Sweater Polo,Polos,0,0,0,2024-05-01 00:00:00
p_zm5cpgbxrk,Short Sleeve T-Shirt | Crew Neck | Sapphire,T-Shirts,14,2,7,2024-05-01 00:00:00
p_znfcswnte7,Charcoal Heather Gray Active Hoodie,Hoodie,0,0,8,2024-05-01 00:00:00
p_zp4vn3rtz4,Deep Sea Blue Long Sleeve Crew Neck T-Shirt,T-Shirts,0,0,0,2024-05-01 00:00:00
p_zpj5m6rzbh,Dark Oak Fleece French Terry Pullover Hoodie,Hoodie,0,0,1,2024-05-01 00:00:00
p_zrt8e4hahp,Chino Pants | Straight | Twill | Black,Pants,0,0,0,2024-05-01 00:00:00
p_zscv6ea69y,Heather Voyager Short Sleeve Crew Neck T-Shirt,T-Shirts,0,0,0,2024-05-01 00:00:00
p_ztgcvk5gkn,Short Sleeve Tee | Loungewear | Heather Navy,T-Shirts,0,0,1,2024-05-01 00:00:00
p_zwwudtzed5,Deep Sea Blue Heather Active Hoodie,Hoodie,0,0,0,2024-05-01 00:00:00
p_zymrwj8fj9,Short Sleeve T-Shirt | Crew Neck | Mahogany,T-Shirts,0,0,1,2024-05-01 00:00:00
p_zzvxdda285,Fleece Shacket | Black,Jacket,0,0,2,2024-05-01 00:00:00
p_3rcm54jqbs,Navy Waffle Hoodie,Hoodie,0,0,0,2024-05-01 00:00:00
p_4ssfur9upr,Pale Blue Button Up Shirt,Button Down Shirts,0,0,0,2024-05-01 00:00:00
p_55tcz9qg6f,Black Boxer Briefs 3-Pack,Underwear,0,0,0,2024-05-01 00:00:00
p_5crt48k7v7,Navy Short Sleeve Button Up Shirt,Shirt,0,0,0,2024-05-01 00:00:00
p_5uapency29,Navy Waffle Long Sleeve Crew Neck,Sweatshirt,0,0,0,2024-05-01 00:00:00
p_64vbv6tpdm,Heather Gray Fleece French Terry Shorts,Shorts,0,0,0,2024-05-01 00:00:00
p_9u87cuwg9k,Carbon Boxer Briefs 3-Pack,Underwear,0,0,2,2024-05-01 00:00:00
p_bmga62pefz,"Chino Shorts | Comfort | 9"" | Sandstone ",Shorts,0,0,0,2024-05-01 00:00:00
p_hubt8gp9tb,"9"" Slate Green Comfort Chino Short",Shorts,0,0,1,2024-05-01 00:00:00
p_jgj485u9gx,Heather Gray Hooded Long Sleeve T-Shirt,Hoodie,0,0,0,2024-05-01 00:00:00
p_juczmrnmtc,"Shorts | Comfort Chino | 9"" | Carbon",Shorts,0,0,2,2024-05-01 00:00:00
p_kdjpvxj7fs,White Half Crew Sock 3-Pack,Socks,1,1,2,2024-05-01 00:00:00
p_ne28r8hbv2,Heather Seafarer Short Sleeve Crew Neck T-Shirt,T-Shirts,0,0,0,2024-05-01 00:00:00
p_nuk7mzc8jt,Navy Active Quick Dry Short with Liner,Swim Shorts,0,0,0,2024-05-01 00:00:00
p_r2e57cmagz,Joggers | Active | Black,Sweatpants & Joggers,0,0,0,2024-05-01 00:00:00
p_u9t2zm725p,Short Sleeve Active Polo Shirt | Black,Polos,0,0,0,2024-05-01 00:00:00
p_uqn6yzvkpa,"Chino Shorts | Comfort | 9"" | Navy",Shorts,0,0,0,2024-05-01 00:00:00
p_use9g4kaed,Black Active Never Show Socks 3-Pack,Socks,0,0,0,2024-05-01 00:00:00
p_uy62gqzk94,"Shorts | Comfort Chino | 7"" | Sapphire",Shorts,0,0,0,2024-05-01 00:00:00
p_v7655zp7an,"Chino Shorts | Comfort | 9"" | Black",Shorts,0,0,0,2024-05-01 00:00:00
p_v7wa7rn4tb,"Shorts | Classic Twill | 9"" | Khaki",Shorts,0,0,0,2024-05-01 00:00:00
p_vsyjxxtp4a,Navy Short Sleeve Active Polo Shirt,Polos,0,0,0,2024-05-01 00:00:00
p_xanpax5dbd,True Red Polo,Polos,0,0,0,2024-05-01 00:00:00
p_xsa4epqty5,Mahogany Polo,Polos,0,0,0,2024-05-01 00:00:00
p_yacuttmhrh,"Shorts | Classic Twill | 9"" | Navy",Shorts,0,0,0,2024-05-01 00:00:00
p_ys9u6f3mbt,"Chino Shorts | Comfort | 7"" | Khaki",Shorts,20,2,4,2024-05-01 00:00:00
p_yvahsdbd7s,Heather Seafarer Short Sleeve Polo,Polos,0,0,0,2024-05-01 00:00:00
p_p58c6d9vvb,Dark Heather Military Green Active Comfort Short,Shorts,0,0,0,2024-05-01 00:00:00
p_tvdv27amhe,Heather Navy Active Comfort Straight Leg Pant,Sweatpants & Joggers,0,0,0,2024-05-01 00:00:00
p_xqd85rvpxs,Black Puffer Jacket,Puffer Jackets,0,0,0,2024-05-01 00:00:00
p_r7g7s9ued2,Dark Olive Fleece Shacket,Jacket,0,0,0,2024-05-01 00:00:00
p_qktubda8xw,Heather Sapphire Short Sleeve V-Neck T-Shirt,T-Shirts,0,0,0,2024-05-01 00:00:00
p_ump27mtkuq,Raspberry Polo,Polos,0,0,0,2024-05-01 00:00:00
p_qj9xh26ctj,Sapphire Short Sleeve Crew Neck T-Shirt,Screen Printed T-Shirts,0,0,0,2024-05-01 00:00:00
p_x53atty9z2,Steel Short Sleeve V-Neck T-Shirt,T-Shirts,0,0,1,2024-05-01 00:00:00
p_zg2kz56sep,Khaki Coaches Jacket,Jacket,0,0,0,2024-05-01 00:00:00
p_perj37fvaa,Periwinkle Blue Polo,Polos,0,0,0,2024-05-01 00:00:00
p_yefeaupknw,Never Show Socks 3-Pack | White,Socks,0,0,0,2024-05-01 00:00:00
p_tfhcx4fbf5,Heather Gray Never Show Socks 3-Pack,Socks,0,0,0,2024-05-01 00:00:00
p_pe2azubxe8,Dark Heather Indigo Active Comfort Short,Shorts,0,0,0,2024-05-01 00:00:00
p_szsv98dxsn,White Active Ankle Socks 3-Pack,Socks,0,0,0,2024-05-01 00:00:00
p_rujp4wvbzv,Mahogany Long Sleeve Waffle Crew,Sweatshirt,0,0,0,2024-05-01 00:00:00
p_yxq99tj7cv,Heather Slate Green Short Sleeve Crew Neck T-Shirt,Shirt,0,0,0,2024-05-01 00:00:00
p_wkggwhgxue,Navy Long Sleeve Lightweight Flannel Shirt,Shirt,0,0,0,2024-05-01 00:00:00
p_v6xzqb4euh,Electric Blue Polo,Polos,0,0,0,2024-05-01 00:00:00
p_zwzpj7gynb,Deep Sea Blue Long Sleeve Waffle Crew,T-Shirts,0,0,0,2024-05-01 00:00:00
p_rr9yu69cdx,Heather Mist Short Sleeve Vee Neck T-Shirt,T-Shirts,0,0,0,2024-05-01 00:00:00
p_pzx9wvv4qb,Heather Mauve Short Sleeve Crew Neck T-Shirt,T-Shirts,0,0,0,2024-05-01 00:00:00
p_wuqcj8q3tb,Heather Gray Never Show Socks 3-Pack,Socks,0,0,0,2024-05-01 00:00:00
p_yhe8c62x9c,Heather Navy Quarter Zip Performance Shirt,Athletic Tops,0,0,0,2024-05-01 00:00:00
p_yn26dfj46r,Dark Heather Burgundy Active Comfort Short,Swim Shorts,0,0,0,2024-05-01 00:00:00
p_vey4w66jst,Military Green Active Quick Dry Short with Liner,Shorts,0,0,0,2024-05-01 00:00:00
p_pevetyjchy,Heather Dark Oak V-Neck T-Shirt,Screen Printed T-Shirts,0,0,0,2024-05-01 00:00:00
p_wdbckwxtef,Carbon Active Quick Dry Short with Liner,Swim Shorts,0,0,0,2024-05-01 00:00:00
p_phdjj3n8yh,Heather Gray Fleece French Terry Joggers,Sweatpants & Joggers,0,0,0,2024-05-01 00:00:00
p_vvxrx4e62u,Navy Boxer Trunks 3-Pack,Underwear,0,0,0,2024-05-01 00:00:00
p_sdkp4ngqy8,"Shorts | Active Training | 7"" | Sandstone",Shorts,0,0,0,2024-05-01 00:00:00
p_vahhav9rn7,"Shorts | Classic Twill | 9"" | Black",Shorts,5,1,1,2024-05-01 00:00:00
p_yptjy3dzdz,"Shorts | Classic Twill | 7"" | Navy",Shorts,0,0,0,2024-05-01 00:00:00
p_wrcbv4f2uu,Navy Hooded Long Sleeve T-Shirt,Sweatshirt,0,0,0,2024-05-01 00:00:00
p_t3995sdwge,"Shorts | Comfort Chino | 7"" | Carbon",Shorts,20,2,3,2024-05-01 00:00:00
p_zm7a3rkwma,Navy Tall Straight Hem Crew Neck T-Shirt,T-Shirts,0,0,0,2024-05-01 00:00:00
p_rwwrukwyz9,Charcoal Heather Gray Short Sleeve Tall Active Crew Neck,T-Shirts,0,0,0,2024-05-01 00:00:00
p_rbz7y8npg6,Indigo Wash Slim Fit Comfort Jeans,Jeans,0,0,0,2024-05-01 00:00:00
p_wcjsyc8zup,Medium Gray Wash Straight Fit Comfort Jeans,Jeans,0,0,0,2024-05-01 00:00:00
p_zsnvka2svc,Heather Mist Short Sleeve Crew Neck T-Shirt,T-Shirts,0,0,0,2024-05-01 00:00:00
p_pxj9zkmurj,Charcoal Heather Active Comfort Pullover Hoodie,Hoodie,0,0,0,2024-05-01 00:00:00
p_qh5ucmcku5,Military Green Waffle Hoodie,Hoodie,0,0,0,2024-05-01 00:00:00
p_r3b5cqykd8,Heather Gray Never Show Socks 3-Pack,Socks,0,0,0,2024-05-01 00:00:00
p_r6t642amsw,Short Sleeve Button Up Shirt | White,Shirt,0,0,0,2024-05-01 00:00:00
p_znadcksnfx,Reversible Casual Belt,Belt,0,0,0,2024-05-01 00:00:00
p_x53vukk5e9,"Shorts | Classic Twill | 9"" | Meadow",Shorts,0,0,0,2024-05-01 00:00:00
p_qjxt4q7gff,Military Green Coaches Jacket,Jacket,0,0,0,2024-05-01 00:00:00
p_zkfhub8juv,Indigo Boxer Briefs 3-Pack,Underwear,0,0,0,2024-05-01 00:00:00
p_sxcevd7ww2,Heather Oatmeal Crew Neck Sweater,Knit Sweaters,0,0,0,2024-05-01 00:00:00
p_pgq6zgcvgq,Black Fleece French Terry Short,Shorts,0,0,1,2024-05-01 00:00:00
p_qqk283mjjn,Navy Fleece French Terry Jogger,Sweatpants & Joggers,0,0,0,2024-05-01 00:00:00
p_v4pawc4ufa,Heather Gray Ankle Socks 3-Pack,Socks,0,0,0,2024-05-01 00:00:00
p_mrvwze8wph,White Ankle Socks 3-Pack,Socks,0,0,0,2024-05-01 00:00:00
p_2rhbv3znrg,Heather Navy Active Shell Jacket,Jacket,0,0,0,2024-05-01 00:00:00
p_3dxryrdx2k,Medium Indigo Wash Slim Authentic Stretch Jeans,Jeans,0,0,0,2024-05-01 00:00:00
p_cc9s42vn4x,Short Sleeve Tee And Pant Set | Loungewear | Charcoal Heather Gray,Sweatpants & Joggers,0,0,0,2024-05-01 00:00:00
p_3mav9fu9q9,"Shorts | Active Training 7"" | Black",Shorts,0,0,0,2024-05-01 00:00:00
p_2krzrc4m74,Carbon Fleece French Terry Jogger,Sweatpants & Joggers,0,0,0,2024-05-01 00:00:00
p_hcstkqf7xs,Navy Boxer Briefs 3-Pack,Underwear,0,0,0,2024-05-01 00:00:00
p_cguvv472kt,Heather Navy Loungewear Pant,Pants,0,0,0,2024-05-01 00:00:00
p_adhb2jnwk7,Military Green Tall Straight Hem Crew Neck T-Shirt,T-Shirts,0,0,0,2024-05-01 00:00:00
p_37z5p8b2wz,Heather Dark Orchid Short Sleeve Vee Neck T-Shirt,Shirt,0,0,0,2024-05-01 00:00:00
p_ap2c64hjnc,Dark Olive Long Sleeve Waffle Crew,Shirt,0,0,0,2024-05-01 00:00:00
p_7fgbszq45t,Heather Voyager Short Sleeve Vee Neck T-Shirt,T-Shirts,0,0,0,2024-05-01 00:00:00
p_grdphsazq4,Reversible Dress Belt,Belt,0,0,0,2024-05-01 00:00:00
p_fbcq86jv23,Heather Dusty Pink Short Sleeve V-Neck T-Shirt,T-Shirts,0,0,0,2024-05-01 00:00:00
p_jxeh4td3j3,"Shorts | 9"" | Classic Twill | Centurion",Shorts,0,0,0,2024-05-01 00:00:00
p_3vtx7z4d8y,Heather Dusty Pink V-Neck T-Shirt,Screen Printed T-Shirts,0,0,0,2024-05-01 00:00:00
p_kyjxexravk,Heather Gray Active Crew Socks 3-Pack,Socks,0,0,0,2024-05-01 00:00:00
p_7bmm7jjbng,Heather Gray Long Sleeve Lightweight Flannel Shirt,Button Down Shirts,0,0,0,2024-05-01 00:00:00
p_eaxfgdw35q,Medium Gray Wash Slim Fit Comfort Jeans,Jeans,0,0,0,2024-05-01 00:00:00
p_jnvzcqrwxp,Khaki Commuter Short,Shorts,0,0,0,2024-05-01 00:00:00
p_9ueremsrcn,Heather Navy Short Sleeve Loungewear Tee,T-Shirts,0,0,0,2024-05-01 00:00:00
p_vjgaj8nyrd,Heather Gray Sweater Scarf,Scarf,0,0,0,2024-05-01 00:00:00
p_un65wg283k,Long Sleeve Tee And Jogger Set | Loungewear | Heather Navy,Sweatshirt,0,0,0,2024-05-01 00:00:00
p_29aky289rv,Navy Fleece French Terry Short,Shorts,0,0,3,2024-05-01 00:00:00
p_hfj965wa8c,Charcoal Heather Gray Loungewear Long Sleeve Tee And Jogger Set,Sweatshirt,0,0,0,2024-05-01 00:00:00
p_ex8zw8z5dh,Heather Sapphire Short Sleeve Crew Neck T-Shirt,T-Shirts,0,0,1,2024-05-01 00:00:00
p_bpux6v6hy3,Moss Short Sleeve Sweater Polo Shirt,T-Shirts,0,0,0,2024-05-01 00:00:00
p_dcqnnrpypu,Long Sleeve Tee And Jogger Set | Loungewear | Charcoal Heather Gray,Sweatshirt,0,0,0,2024-05-01 00:00:00
p_5ez35speq8,Medium Indigo Wash Long Sleeve Chambray Shirt,Shirt,0,0,0,2024-05-01 00:00:00
p_cyyubbh7u4,Mahogany Fleece French Terry Jogger,Sweatpants & Joggers,0,0,0,2024-05-01 00:00:00
p_2vpu7ymaay,Commuter Short | Black,Shorts,0,0,3,2024-05-01 00:00:00
p_hj4kerceu3,Heather Gray Sweater Beanie,Beanie,0,0,0,2024-05-01 00:00:00
p_ga52js5nmp,White Never Show Socks 3-Pack,Socks,0,0,0,2024-05-01 00:00:00
p_3he4jy8f99,"Shorts | Active Training | 7"" | Carbon",Shorts,0,0,1,2024-05-01 00:00:00
p_7sfgw9sa4n,Medium Indigo Wash Straight Authentic Stretch Jeans,Jeans,0,0,0,2024-05-01 00:00:00
p_h8jucbuvcu,Heather Navy Pique Crew Sweater,Knit Sweaters,0,0,0,2024-05-01 00:00:00
p_8fx2h79sez,Black Slippers,Slippers,0,0,0,2024-05-01 00:00:00
p_n5vm5c3nb9,"Chino Shorts | Comfort | 7"" | Black",Shorts,0,0,0,2024-05-01 00:00:00
p_28tc85jmdq,Military Green Waffle Long Sleeve Crew Neck,Sweatshirt,0,0,0,2024-05-01 00:00:00
p_36tbyhq9p3,Navy Fleece Shacket,Shirt Jackets,0,0,0,2024-05-01 00:00:00
p_39acmqrp48,White Never Show Socks 3-Pack,Socks,0,0,0,2024-05-01 00:00:00
p_ejzn2bhevc,Evergreen Heather Long Sleeve Waffle Crew,Sweatshirt,0,0,0,2024-05-01 00:00:00
p_fqsqmarq3k,Mahogany Long Sleeve T-Shirt,Shirt,0,0,0,2024-05-01 00:00:00
p_456rdfdknv,Navy Long Sleeve Button Up Shirt,Shirt,0,0,0,2024-05-01 00:00:00
p_csr594d6ws,Heather Navy Loungewear Jogger,Sweatpants & Joggers,0,0,0,2024-05-01 00:00:00
p_mxsupz7eaq,Navy Coaches Jacket,Jacket,0,0,0,2024-05-01 00:00:00
p_n6kve3ddkw,Heather Navy Long Sleeve Ripstop Commuter Shirt,Shirt,0,0,0,2024-05-01 00:00:00
p_d47n8u8fab,Black Long Sleeve Henley,Shirt,0,0,0,2024-05-01 00:00:00
p_n52bwwvypc,White Active Crew Socks 3-Pack,Socks,0,0,0,2024-05-01 00:00:00
p_f8nexh4476,Heather Navy Short Sleeve Tall Active Crew Neck,T-Shirts,0,0,0,2024-05-01 00:00:00
p_xfct3t2vkk,Hoodie | Waffle | Mahogany,Hoodie,0,0,0,2024-05-01 00:00:00
p_fsar8whm4b,Dark Oak Waffle Hoodie,Hoodie,0,0,0,2024-05-01 00:00:00
p_ch7bwuavhv,Heather Gray Sweater Scarf,Scarf,0,0,0,2024-05-01 00:00:00
p_a7p3mw83t9,Heather Military Green Active Long Sleeve Crew Neck,T-Shirts,0,0,0,2024-05-01 00:00:00
p_aw48ckctp9,Burgundy Active Quick Dry Short with Liner,Swim Shorts,0,0,0,2024-05-01 00:00:00
p_2432p8f6a5,"Shorts | Active Training | 7"" | Navy",Shorts,0,0,0,2024-05-01 00:00:00
p_nqbh5bzsfh,Heather Gray Long Sleeve Polo,Polos,0,0,0,2024-05-01 00:00:00
p_3t9x6drd9q,Never Show Socks | 3-Pack | Black,Socks,0,0,0,2024-05-01 00:00:00
p_p54vvkv29d,Light Heather Gray Quarter Zip Performance Shirt,Athletic Tops,0,0,0,2024-05-01 00:00:00
p_gkhuhrbvc5,Light Indigo Wash Long Sleeve Chambray Shirt,Shirt,0,0,0,2024-05-01 00:00:00
p_9h2qsu97ew,Dark Heather Navy Active Comfort Short,Shorts,0,0,4,2024-05-01 00:00:00
p_njb9h744v3,Indigo Rinse Straight Authentic Stretch Jeans,Jeans,0,0,0,2024-05-01 00:00:00
p_nyn3pcwdu8,Light Indigo Wash Slim Authentic Stretch Jeans,Jeans,0,0,0,2024-05-01 00:00:00
p_75westm75x,Light Indigo Wash Straight Authentic Stretch Jeans,Jeans,0,0,0,2024-05-01 00:00:00
p_2mwcc7hpkx,Light Heather Gray Sleeveless Active Muscle Tee,Tank Top,0,0,0,2024-05-01 00:00:00
p_n2cq64ucyu,"9"" Sapphire Comfort Chino Short",Shorts,0,0,0,2024-05-01 00:00:00
p_e6aypq2yyn,Charcoal Heather Active Comfort Full Zip Hoodie,Hoodie,0,0,0,2024-05-01 00:00:00
p_8an2wybh3y,Charcoal Heather Gray Active Comfort Short,Athletic Shorts,0,0,0,2024-05-01 00:00:00
p_ebtxk5mjkc,Teal Boxer Briefs 3-Pack,Underwear,0,0,0,2024-05-01 00:00:00
p_8hbywkfrwc,Military Green Fleece French Terry Short,Shorts,0,0,0,2024-05-01 00:00:00
p_ngty2gftav,White Active Never Show Socks 3-Pack,Socks,0,0,0,2024-05-01 00:00:00
p_5uvd4uv28m,Mahogany Waffle Hoodie,Hoodie,0,0,0,2024-05-01 00:00:00
p_hdbwf4s669,Heather Gray Tall Straight Hem Crew Neck T-Shirt,T-Shirts,0,0,0,2024-05-01 00:00:00
p_7nraatq97j,Steel Short Sleeve Crew Neck T-Shirt,T-Shirts,0,0,0,2024-05-01 00:00:00
p_fm6edfx4ep,Military Green Fleece French Terry Jogger,Sweatpants & Joggers,0,0,0,2024-05-01 00:00:00
p_3kckyj2khu,Heather Navy Loungewear Short Sleeve Tee And Pant Set,Lounge Sweatpants & Joggers,0,0,0,2024-05-01 00:00:00
p_9f3wn27yj9,Indigo Rinse Slim Authentic Stretch Jeans,Jeans,0,0,0,2024-05-01 00:00:00
p_85umjtnpsy,Sweater Scarf | Black,Scarf,0,0,0,2024-05-01 00:00:00
p_6uh7rmkygu,Black Active Quick Dry Short with Liner,Swim Shorts,0,0,0,2024-05-01 00:00:00
p_zwuqmdbfnt,Charcoal Heather Gray Short Sleeve Tall Active Crew Neck,T-Shirts,0,0,0,2024-05-01 00:00:00
p_ggkq2n25rk,Carbon Waffle Hoodie,Hoodie,0,0,0,2024-05-01 00:00:00
p_h4edseg6hf,Heather Navy Active Comfort Pullover Hoodie,Hoodie,0,0,0,2024-05-01 00:00:00
p_5z9rynrdat,Dark Oak Long Sleeve Waffle Crew,Sweatshirt,0,0,0,2024-05-01 00:00:00
p_jdy7juawjw,Heather Gray Pique Crew Sweater,Knit Sweaters,0,0,0,2024-05-01 00:00:00
p_fdgw8vn8mw,Indigo Wash Straight Fit Comfort Jeans,Jeans,0,0,0,2024-05-01 00:00:00
p_f3v8s3b963,Charcoal Heather Gray Loungewear Short Sleeve Tee And Pant Set,Sweatpants & Joggers,0,0,0,2024-05-01 00:00:00
p_b9pagk3ugb,Shorts | Active Comfort | Black,Shorts,0,0,0,2024-05-01 00:00:00
p_pqxd5rn6d9,Short Sleeve Tee And Pant Set | Loungewear | Heather Navy,Lounge Sweatpants & Joggers,0,0,0,2024-05-01 00:00:00
p_4xegh3d2dq,Short Sleeve Polo Shirt | Active | White,Polos,0,0,0,2024-05-01 00:00:00
p_7ekanr458k,Long Sleeve T-Shirt | Active | Crew Neck | Heather Burgundy,Shirt,0,0,0,2024-05-01 00:00:00
p_ab6dzqm4qc,Charcoal Heather Gray Fleece French Terry Jogger,Sweatpants & Joggers,0,0,0,2024-05-01 00:00:00
p_aj728cj6p2,Reversible Casual Belt,Belt,0,0,0,2024-05-01 00:00:00
p_atrr9sdp25,Charcoal Heather Gray Short Sleeve Tall Polo Shirt,Polos,0,0,0,2024-05-01 00:00:00
p_cad333s5q5,Long Sleeve T-Shirt | Active | Crew Neck | Heather Burgundy,Sweatshirt,0,0,0,2024-05-01 00:00:00
p_d53wqyy6nw,Oatmeal Sweater Hoodie,Hoodie,0,0,0,2024-05-01 00:00:00
p_gky7ujn5kk,Military Green Boxer Briefs 3-Pack,Underwear,0,0,0,2024-05-01 00:00:00
p_heevyaqhce,"Shorts | Classic Twill | 9"" | Sandstone",Shorts,0,0,0,2024-05-01 00:00:00
p_jw2fyemxq7,"Chino Shorts | Comfort | 9"" | Khaki",Shorts,0,0,9,2024-05-01 00:00:00
p_mnk33hmpwg,Short Sleeve Polo | Active | White,Polos,0,0,0,2024-05-01 00:00:00
p_ntuxn2s2c5,Polo Shirt | Yellow,Polos,0,0,0,2024-05-01 00:00:00
p_qcke957864,"Chino Shorts | Comfort | 7"" | Military Green",Shorts,0,0,0,2024-05-01 00:00:00
p_qy223hzmfv,Short Sleeve T-Shirt | Active | Crew Neck | Tall | White,T-Shirts,0,0,0,2024-05-01 00:00:00
p_r6f5ekuzmt,Mahogany V-Neck T-Shirt,Shirt,0,0,0,2024-05-01 00:00:00
p_svgga79dfc,"Chino Shorts | Comfort | 7"" | Slate Green",Shorts,10,1,1,2024-05-01 00:00:00
p_sy5ta2zsks,Heather Cayenne Short Sleeve Crew Neck T-Shirt,Shirt,0,0,0,2024-05-01 00:00:00
p_ter2rcscz6,Heather Gray Waffle Hoodie,Hoodie,0,0,0,2024-05-01 00:00:00
p_vjd833ph3z,Hoodie | Waffle | White,Hoodie,0,0,0,2024-05-01 00:00:00
p_23ej4qec4x,Jacket | Coaches | Khaki,Jacket,0,0,6,2024-06-01
p_23ubcbvz89,Socks | Never Show | 3-Pack | Heather Gray,Socks,0,0,0,2024-06-01
p_25hy766nzk,Short Sleeve T-Shirt | Crew Neck | Heather Cayenne,T-Shirts,0,0,4,2024-06-01
p_25m5nqdhtq,Jacket | Puffer | Gunmetal,Puffer Jackets,0,0,0,2024-06-01
p_25upswaptj,"Chino Shorts | Comfort | 7"" | Khaki",Shorts,0,0,0,2024-06-01
p_26dpvscejy,Chino Pants | Comfort | Navy,Pants,0,0,4,2024-06-01
p_26twzeayzk,Pullover Hoodie | Fleece French Terry | Black,Hoodie,0,0,3,2024-06-01
p_26x46r3gh3,Short Sleeve Polo Shirt | Tall | Carbon,Polos,0,0,2,2024-06-01
p_284qkebjr8,Short Sleeve Shirt | Polo | Heather Military Green,Polos,1,1,2,2024-06-01
p_28xdw49sqx,Short Sleeve T-Shirt | Crew Neck | Indigo,T-Shirts,5,2,9,2024-06-01
p_29wrd4wkfa,Long Sleeve Button Up Shirt | Pale Blue,Button Down Shirts,0,0,4,2024-06-01
p_2bkrkbfbk9,Classic Polarized Sunglasses | Black,Sunglasses,0,0,5,2024-06-01
p_2c7s8a7bmw,Jogger | Active | Heather Black ,Sweatpants & Joggers,2,2,6,2024-06-01
p_2cus7843n6,Long Sleeve Shirt | Crew Neck | White,Shirt,0,0,0,2024-06-01
p_2d43kb3hj3,Long Sleeve Shirt | Waffle | Crew Neck | Evergreen Heather,Sweatshirt,0,0,0,2024-06-01
p_2d9wqf9yrd,Puffer Vest | Navy,Outerwear Vests,0,0,0,2024-06-01
p_2eh6mejec7,Short Sleeve T-Shirt | Active | Crew | Dark Heather Cadet,T-Shirts,0,0,2,2024-06-01
p_2gwdmudpww,Long Sleeve Shirt | Crew Neck | Black,Shirt,0,0,1,2024-06-01
p_2hkre8aznc,Short Sleeve T-Shirt | Crew Neck | Tall | Round Hem | Military Green,T-Shirts,0,0,1,2024-06-01
p_2nzpxxx9qd,Long Sleeve T-Shirt | Tall | White,T-Shirts,0,0,0,2024-06-01
p_2qn4rb76qt, Long Sleeve T-Shirt | Crew Neck | Evergreen Heather,T-Shirts,0,0,0,2024-06-01
p_2sxe2kvxmc, Long Sleeve T-Shirt | Crew Neck | Burgundy,T-Shirts,0,0,0,2024-06-01
p_2uptnqrxy2,Hoodie | Active Comfort | Pullover | Black,Hoodie,0,0,2,2024-06-01
p_2wu3jtehp2,Short Sleeve T-Shirt | V-Neck | Navy,Shirt,0,0,0,2024-06-01
p_2wxxfw7mca,Shacket | Fleece | Dark Olive,Shirt Jackets,0,0,0,2024-06-01
p_2xrckgaktx,Short Sleeve T-Shirt | Crew Neck | Tall | Round Hem | White,T-Shirts,0,0,1,2024-06-01
p_349fd5fte5,Sweater | Crew Neck | Black,Knit Sweaters,1,1,1,2024-06-01
p_34upddt2cp,Short Sleeve T-Shirt | Tall Straight Hem Crew | Heather Gray,T-Shirts,0,0,1,2024-06-01
p_36tjt6cs8z,Sweater | Crew Neck | Heather Gray Pique,Knit Sweaters,0,0,0,2024-06-01
p_395td7np9f,Short Sleeve Shirt | Polo | Tall | Heather Military Green,Polos,0,0,1,2024-06-01
p_39k28x38p7,Short Sleeve Shirt | Polo | Light Heather Gray ,Polos,0,0,0,2024-06-01
p_3aup7bbqg3,Long Sleeve T-Shirt | Tall | Carbon,Shirt,0,0,0,2024-06-01
p_3dh3myqfyq,Polo Shirt | Charcoal Heather Gray,Polos,0,0,0,2024-06-01
p_3fgxkpaxye, Short Sleeve Shirt | Polo | Heather Seafarer,Polos,1,1,7,2024-06-01
p_3h5wxbdgfn,Long Sleeve Polo Shirt | White,Polos,0,0,0,2024-06-01
p_3hycs4vyy4,Zip Hoodie | Fleece French Terry | Mahogany,Hoodie,0,0,1,2024-06-01
p_3mznzzvw2f,T-Shirt | Round Hem | Tall | Carbon,T-Shirts,0,0,2,2024-06-01
p_3pkg63ym5k,"Shorts | Active Training | 7"" | Steel",Shorts,0,0,2,2024-06-01
p_3pskc4cwbp,"Shorts | Classic Twill | 9"" Khaki",Shorts,29,3,7,2024-06-01
p_3shyn5zkky,T-Shirt | Tall | Crew Neck | Charcoal Heather Gray,T-Shirts,1,1,0,2024-06-01
p_3wdph5p4a5,Vest | Puffer | Gunmetal,Outerwear Vests,0,0,0,2024-06-01
p_3wz546brng,Pullover Hoodie | Fleece French Terry | Military Green,Hoodie,0,0,1,2024-06-01
p_3xnj548f3x,Short Sleeve T-Shirt | Crew Neck | Tall | Sapphire,T-Shirts,0,0,0,2024-06-01
p_3zf2yh34hr,Short Sleeve Shirt | Polo | Dark Olive,Polos,0,0,0,2024-06-01
p_42exp9424a,Short Sleeve T-Shirt | Active | Crew | Light Heather Gray,T-Shirts,0,0,1,2024-06-01
p_47meu4bybx,"Chino Shorts | Comfort |  9"" | Ivory",Shorts,0,0,0,2024-06-01
p_47uf2puagk,"Shorts | Classic Twill | 7"" | Navy",Shorts,0,0,7,2024-06-01
p_487dnzupxz,Short Sleeve Polo Shirt | Tall | Military Green,Polos,0,0,0,2024-06-01
p_4axmubbqfb,Jeans | Comfort | Slim Fit | Medium Indigo Wash,Jeans,0,0,3,2024-06-01
p_4fs9u74y4x,Long Sleeve T-Shirt | Crew Neck | Heather Indigo,T-Shirts,0,0,0,2024-06-01
p_4juc2hdg85,Short Sleeve T-Shirt | Crew Neck | Tall | Straight Hem,T-Shirts,1,1,1,2024-06-01
p_4krqrmhc8s, Sleeveless Muscle Tee | Active | Charcoal Heather Gray,Athletic Tops,0,0,4,2024-06-01
p_4m97kku3wq,Short Sleeve T-Shirt | Crew Neck | Tan 499,T-Shirts,2,1,12,2024-06-01
p_4pdddcg9t6,Long Sleeve T-Shirt | Crew Neck | Heather Military Green,T-Shirts,0,0,0,2024-06-01
p_4qvba3a9f7,Short Sleeve T-Shirt | Crew Neck | Off White,T-Shirts,1,1,9,2024-06-01
p_4rudftw6u6,Short Sleeve T-Shirt | V-Neck | Lilac Gray,T-Shirts,0,0,1,2024-06-01
p_4tw7w4865y,Jeans | Comfort | Slim Fit | Medium Gray Wash,Jeans,0,0,0,2024-06-01
p_4xmfcxsvq4,Puffer Jacket | Hooded | Black,Puffer Jackets,0,0,0,2024-06-01
p_4yh4m8q3v7,Puffer Jacket | Navy,Puffer Jackets,5,1,7,2024-06-01
p_56qjzafa6s,Short Sleeve Shirt | Button Up | Carbon,Button Down Shirts,7,2,25,2024-06-01
p_56zbdasvhd,"Chino Shorts | Comfort | 9"" | Sapphire",Shorts,0,0,1,2024-06-01
p_59st4ejx9g,Short Sleeve T-Shirt | Crew Neck | Heather Graphite,T-Shirts,0,0,3,2024-06-01
p_5a5sfcgqkq,Long Sleeve T-Shirt | Active | Crew Neck | Heather Burg,T-Shirts,0,0,2,2024-06-01
p_5bvpjy99x9,Jacket | Active | Ivory,Jacket,0,0,0,2024-06-01
p_5e7t6v6gv8,Short SleeveT-Shirt | V-Neck | Heather Sapphire,T-Shirts,10,1,3,2024-06-01
p_5ek32kjgzp,Shorts | Active | Quick Dry with Liner | Navy,Swim Shorts,0,0,2,2024-06-01
p_5f676x59tf,Long Sleeve Tee | Loungewear | Heather Navy,T-Shirts,0,0,0,2024-06-01
p_5gc6jyy4vw,Short Sleeve T-Shirt | Tall | Crew Round Hem | Heather Navy ,T-Shirts,0,0,0,2024-06-01
p_5kpddtqty2,Long Sleeve Crew Neck | Active | Heather Navy ,T-Shirts,0,0,0,2024-06-01
p_5kr9enrf6j,Short Sleeve Tee | Loungewear | Charcoal Heather Gray,T-Shirts,0,0,0,2024-06-01
p_5p5sgcwp5f,"Shorts | Active Training | 7"" | Navy",Shorts,0,0,0,2024-06-01
p_5pqpzmazbr,Long Sleeve Button Up Shirt | Carbon,Button Down Shirts,0,0,0,2024-06-01
p_5q6tnqwruf,Long Sleeve Shirt | Active | Crew Neck | Heather Light Gray ,T-Shirts,0,0,3,2024-06-01
p_5q95b4bjyg,Short Sleeve T-Shirt | Crew Neck | Burgundy,T-Shirts,0,0,3,2024-06-01
p_5rc5ezqwny,Short Sleeve Shirt | Polo | Heather Gray,Polos,0,0,1,2024-06-01
p_5za8gj7unh,"Chino Shorts | Comfort | 9"" | Khaki",Shorts,0,0,3,2024-06-01
p_624s29xq4x,Sweater Scarf | Black,Scarf,0,0,1,2024-06-01
p_6b6wk8uxa6,Chino Pants | Comfort | Military Green,Pants,0,0,3,2024-06-01
p_6b99p4bqsk,Short Sleeve Polo Shirt | Mahogany,Polos,0,0,2,2024-06-01
p_6bn53rdnz2,"Shorts | Classic Twill | 9"" | Navy",Shorts,0,0,0,2024-06-01
p_6bppe3h2jj,Chino Pants | Slim Twill | Centurion,Pants,0,0,0,2024-06-01
p_6c6nrcr2c3, Short Sleeve T-Shirt | Active Crew Neck | Charcoal Heather Gray,T-Shirts,0,0,1,2024-06-01
p_6ccw4zmdj6,Short Sleeve T-Shirt | Crew Neck | Tall | Round Hem | Bluestone,T-Shirts,0,0,2,2024-06-01
p_6cj8gtxf2x, Long Sleeve T-Shirt | Tall | Heather Gray,Shirt,0,0,0,2024-06-01
p_6e9uas44v6,Short Sleeve T-Shirt | V-Neck | Heather Voyager,T-Shirts,1,1,7,2024-06-01
p_6hvvy94kq4,Short Sleeve Polo Shirt | White,Polos,0,0,1,2024-06-01
p_6k245nh69q,Long Sleeve T-Shirt | Crew Neck | Crimson,T-Shirts,0,0,0,2024-06-01
p_6kxr6rztwd,"Chino Shorts | Comfort | 7"" | Slate Green",Shorts,0,0,3,2024-06-01
p_6mr5zpx479,Jeans | Comfort | Straight Fit | Indigo Wash,Jeans,0,0,5,2024-06-01
p_6njreat3aq,Short Sleeve T-Shirt | Active Crew Neck | Dark Heather Cocoa,T-Shirts,0,0,0,2024-06-01
p_6q2v79acx5,Short Sleeve T-Shirt | V-Neck | Light Blue ,T-Shirts,0,0,0,2024-06-01
p_6ra9g27e7u,Shorts | Active | Quick Dry with Liner | Burgundy,Swim Shorts,0,0,1,2024-06-01
p_6sdgsje2m3,Mahogany Fleece French Terry Jogger,Sweatpants & Joggers,0,0,0,2024-06-01
p_6suxvjsvfc,Short Sleeve T-Shirt | Tall Round Hem Crew | Heather Indigo ,T-Shirts,0,0,1,2024-06-01
p_6svhrtmsn3,Bomber Jacket | Navy,Bomber Jackets,0,0,4,2024-06-01
p_6wj7x98tcn,Sweatshirt | Active Comfort | Crew | Heather Navy,Sweatshirt,0,0,1,2024-06-01
p_6wnwzma24v,Long Sleeve Button Up Shirt | Stretch Oxford | Black,Button Down Shirts,0,0,1,2024-06-01
p_6zjn28jf23,Long Sleeve T-Shirt | Crew Neck | Military Green,Shirt,0,0,0,2024-06-01
p_73kjt62een,Short Sleeve Shirt | Polo | Heather Cayenne,Polos,1,1,2,2024-06-01
p_73vqwcfbpf,Short Sleeve Active Polo Shirt | Charcoal Heather Gray,Polos,0,0,0,2024-06-01
p_74gmgsy6yv,Shorts | Fleece French Terry | Navy,Shorts,0,0,2,2024-06-01
p_75cz36rfz9,Hoodie | Sweater | Heather Gray,Hoodie,0,0,0,2024-06-01
p_76w9v5r9gp,Crew Sweater | Heather Camel Pique,Knit Sweaters,0,0,0,2024-06-01
p_77barf9kfn,Long Sleeve Shirt | Waffle Crew | Mahogany,Sweatshirt,0,0,0,2024-06-01
p_79pyfxzssb,Short Sleeve T-Shirt | V-Neck | Indigo,T-Shirts,0,0,0,2024-06-01
p_7bmuq9q6qw,Long Sleeve Shirt | Ripstop Commuter | Heather Navy ,Shirt,0,0,0,2024-06-01
p_7cvqeq727k,Long Sleeve Shirt | Polo | Heather Gray,Polos,0,0,0,2024-06-01
p_7dyz93zegj,"Shorts | Active Training | 7"" | Sapphire",Athletic Shorts,0,0,3,2024-06-01
p_7kzk6kwsxk,Sweater Hoodie | Oatmeal,Hoodie,0,0,1,2024-06-01
p_7pvp4dcq5n,Shorts | Active | Quick Dry with Liner | Carbon,Swim Shorts,0,0,5,2024-06-01
p_7rzxq9sd8n,Never Show Socks | 3-Pack | Black,Socks,0,0,0,2024-06-01
p_7tce4kfut5,Sweater | Crew Neck | Heather Oatmeal,Knit Sweaters,0,0,0,2024-06-01
p_7y7ms9wtr4,Shorts | Active Comfort | Black,Shorts,0,0,3,2024-06-01
p_82erf6xepz,Pants | Commuter | Carbon,Pants,0,0,2,2024-06-01
p_8497zwuxp3,Pullover Sweatshirt | Crew Neck | Fleece French Terry | Mahogany,Sweatshirt,0,0,0,2024-06-01
p_84w66d79b8,Pants | Comfort Chino | Black,Pants,0,0,4,2024-06-01
p_84xru5kzx9,Short Sleeve T-Shirt | Crew Neck | Heather Dusty Pink,T-Shirts,0,0,0,2024-06-01
p_85skykpy7r,Short Sleeve Button Up Shirt | Commuter | Black,Button Down Shirts,0,0,17,2024-06-01
p_8d5cs572ku,Short Sleeve T-Shirt | Crew Neck | Evergreen Heather,T-Shirts,0,0,1,2024-06-01
p_8jmz33scf8,Sweatshirt | Pullover Crew Neck | Fleece French Terry | Black,Sweatshirt,0,0,0,2024-06-01
p_8nhyuguh4z,Chino Pants | Slim | Twill | Black,Pants,0,0,1,2024-06-01
p_8nnyqj3ewe,Short Sleeve T-Shirt | Round Hem | Tall | Heather Emerald ,T-Shirts,0,0,0,2024-06-01
p_8nxyvmkrbc,Loungewear Pants | Heather Navy,Pants,0,0,0,2024-06-01
p_8p9z2j6eqt,Short Sleeve T-Shirt | V-Neck | Burgundy,T-Shirts,0,0,0,2024-06-01
p_8pczdfc69m,Short Sleeve Shirt | Active Polo | Heather Cocoa ,Polos,0,0,1,2024-06-01
p_8q3s9r6qwu,Hoodie | Active Comfort | Full Zip | Black,Hoodie,0,0,7,2024-06-01
p_8q6fwp8wgq,Short Sleeve Polo Shirt | Yellow,Polos,0,0,0,2024-06-01
p_8q6kvd32nc,Hoodie | Zip | Fleece French Terry | Military Green,Hoodie,0,0,8,2024-06-01
p_8rbvhb5tdc,Short Sleeve T-Shirt | Crew Neck | White,Shirt,0,0,0,2024-06-01
p_8tryb2ahrp,Shirt | Active Polo | Dark Heather Cocoa,Polos,0,0,0,2024-06-01
p_8v2uvftad7,Short Sleeve T-Shirt | Crew Neck | Light Heather Gray ,T-Shirts,2,1,18,2024-06-01
p_8vx6ygsmsd,Long Sleeve T-Shirt | Hooded | Heather Gray ,Hoodie,0,0,1,2024-06-01
p_8y5vsf82td,Short Sleeve T-Shirt | Crew Neck | Heather Emerald,T-Shirts,0,0,1,2024-06-01
p_92fw37ajex,Short Sleeve T-Shirt | Tall | Crew Neck | Heather Seafarer,Shirt,0,0,0,2024-06-01
p_92vf4hpdrt,Short Sleeve Button Up Shirt | Commuter | White,Button Down Shirts,16,2,5,2024-06-01
p_955cnseek9,Long Sleeve t-Shirt | Crew | Light Heather Gray,T-Shirts,0,0,8,2024-06-01
p_95axe6dfn6,Short Sleeve T-Shirt | Active | Crew Neck | Heather Navy,T-Shirts,1,1,4,2024-06-01
p_9744mpdv5n,Long Sleeve Shirt | Charcoal Heather Gray,Shirt,0,0,0,2024-06-01
p_9a5tjqerw5,"Shorts | Classic Twill | 9"" | Meadow",Shorts,9,1,5,2024-06-01
p_9absn9mpzt,Chino Pants | Comfort | Suede Brown,Pants,0,0,2,2024-06-01
p_9attt36kqt,Blazer | Black,Blazer,0,0,3,2024-06-01
p_9fu3j9tbue,Short Sleeve T-Shirt | Crew Neck | Tall | Round Hem | Military Green,T-Shirts,0,0,0,2024-06-01
p_9m3e7uj62s,Joggers | Active | Dark Heather Military Green,Sweatpants & Joggers,0,0,0,2024-06-01
p_9mtccasba9,Hoodie | Waffle | Dark Oak,Hoodie,0,0,0,2024-06-01
p_9nq4jjbkbr,Puffer Jacket | Military Green,Puffer Jackets,0,0,0,2024-06-01
p_9p8bns7rmp,Socks | Active | Crew | 3-Pack | Heather Gray ,Socks,1,1,1,2024-06-01
p_9tz4xs4maw,Long Sleeve Button Up Shirt | Commuter | Carbon,Button Down Shirts,0,0,0,2024-06-01
p_9xxg4dd5wv,Long Sleeve T-Shirt | | Crew Neck | Tall | Navy,Shirt,0,0,0,2024-06-01
p_9y7cp9jumm,"Shorts | Classic Twill | 9"" | Sandstone",Shorts,0,0,0,2024-06-01
p_9y7p8njxta,Long Sleeve T-Shirt | Crew Neck | Deep Sea Blue Heather ,T-Shirts,0,0,0,2024-06-01
p_a2wcem7cms,Short Sleeve T-Shirt | V-Neck | Heather Burgundy,T-Shirts,0,0,0,2024-06-01
p_a66qgjtv8u, Sleeveless Muscle Tee | Active | Heather Cadet,Athletic Tops,0,0,1,2024-06-01
p_a69bzurkgs,Joggers | Active | Black,Sweatpants & Joggers,0,0,0,2024-06-01
p_a6yxedr8jx, Short Sleeve  T-Shirt | V-Neck | Dark Purple,T-Shirts,0,0,1,2024-06-01
p_aaa5u2senn,Jeans | Comfort | Slim Fit | Black Wash,Jeans,0,0,1,2024-06-01
p_accagka8uw,Dress Belt | Reversible,Belt,0,0,1,2024-06-01
p_ae6rxxhgmc,Long Sleeve Chambray Shirt | Medium Indigo Wash,Shirt,0,0,1,2024-06-01
p_agkp4c43e4,Pullover Hoodie | Active Comfort | Charcoal Heather,Hoodie,0,0,5,2024-06-01
p_aj2ry7xdv9,"Chino Shorts | Comfort | 7"" | Rosewood",Shorts,0,0,3,2024-06-01
p_anqd83cjye,Long Sleeve Crew Neck | Waffle | Military Green,Sweatshirt,0,0,1,2024-06-01
p_ar4zzgjk5p,Short Sleeve T-Shirt | Crew Neck | Periwinkle Blue,T-Shirts,0,0,1,2024-06-01
p_arxdch5qcv,"Chino Shorts | Comfort | 9"" | Military Green",Shorts,0,0,1,2024-06-01
p_auux7guqn5,Sleeveless Muscle Tee | Active | Heather Forest,Athletic Tops,0,0,0,2024-06-01
p_av6ja2w28x,Sweatshirt | Active Comfort | Crew Neck | Charcoal Heather,Athletic Tops,0,0,3,2024-06-01
p_avsdr3kjaw,Boxer Briefs | Military Green | 3-Pack,Underwear,0,0,6,2024-06-01
p_awt8ehv6fc,Short Sleeve Shirt | Polo | Tall | Heather Gray ,Polos,1,1,1,2024-06-01
p_axzk47pvme,Boxer Briefs | Teal | 3-Pack,Underwear,0,0,5,2024-06-01
p_aytxzkck8x,"Shorts | Classic Twill | 7"" | Black",Shorts,0,0,3,2024-06-01
p_b2wv3hqta7,"Shorts | Classic Twill | 9"" | Centurion",Shorts,11,1,7,2024-06-01
p_b3ppfm2vay,Long Sleeve Shirt | Waffle | Crew Neck | Dark Olive,Shirt,0,0,0,2024-06-01
p_bdbtrvs35c,Joggers | Active | Charcoal Heather Gray,Sweatpants & Joggers,0,0,1,2024-06-01
p_bdybxrzhhw,Hoodie | Pullover | Fleece French Terry | Heather Gray,Hoodie,0,0,0,2024-06-01
p_behk4g2psv,Short Sleeve T-Shirt | V-Neck | Heather Gray,T-Shirts,0,0,0,2024-06-01
p_bg7f7edphc,Shorts | Active Comfort | Stone Blue,Shorts,0,0,1,2024-06-01
p_bhfd33ejhy,Short Sleeve Shirt | Polo | Indigo,Polos,0,0,2,2024-06-01
p_bj4epra3sv,Shorts | Fleece French Terry | Black,Shorts,0,0,0,2024-06-01
p_bjecaeres5,Socks | Active | Never Show | 3-Pack | Heather Gray,Socks,0,0,2,2024-06-01
p_bn49najk97,Jeans | Comfort | Straight Fit | Gray Wash ,Jeans,0,0,12,2024-06-01
p_bp7w9cp3k9,Pants | Commuter | Black,Pants,0,0,2,2024-06-01
p_bptwztkuks,Short Sleeve Polo Shirt | Active | Navy,Polos,0,0,4,2024-06-01
p_brwwn6xkwh,Long Sleeve Henley | Military Green,T-Shirts,0,0,0,2024-06-01
p_btfq53bzn6,Short Sleeve Polo Shirt | Active | White,Polos,1,1,1,2024-06-01
p_bvsv82u2jt,Hoodie | Zip | Fleece French Terry | Dark Oak,Hoodie,0,0,0,2024-06-01
p_bxnehsqcdv,Short Sleeve Shirt | Active Polo | Heather Navy ,Polos,3,1,3,2024-06-01
p_bxpjzp3q34,Sweater Hoodie | Black,Hoodie,0,0,0,2024-06-01
p_byy2kmxasx,Long Sleeve Shirt | Lightweight Flannel | Navy,Shirt,0,0,2,2024-06-01
p_bz2jmxhgzb,Joggers | Fleece French Terry | Heather Gray,Sweatpants & Joggers,0,0,2,2024-06-01
p_c4xj5zhjn2,Button Up Shirt | Sweater | Heather Navy ,Button Down Shirts,0,0,0,2024-06-01
p_cbxu2v3ntm,Short Sleeve T-Shirt | Active | Crew Neck | Military Green,T-Shirts,0,0,5,2024-06-01
p_cc9s42vn4x,Short Sleeve Tee And Pant Set | Loungewear | Charcoal Heather Gray,Sweatpants & Joggers,0,0,0,2024-06-01
p_ccse4psnan,Long Sleeve Shirt | Crew Neck | Heather Navy ,T-Shirts,0,0,0,2024-06-01
p_ce7amvu2k2,Short Sleeve T-Shirt | V-Neck | Light Heather Gray,T-Shirts,0,0,2,2024-06-01
p_cfg5xu3gvw,Short Sleeve T-Shirt | Crew Neck | Dark Olive,T-Shirts,0,0,2,2024-06-01
p_cgxstjpjhj,Short Sleeve T-Shirt | Crew Neck | Light Khaki ,T-Shirts,0,0,0,2024-06-01
p_ch6qn6a8en,Short Sleeve T-Shirt | V-Neck | Military Green,T-Shirts,0,0,0,2024-06-01
p_cje82wcjgv,Short Sleeve T-Shirt | Active | Crew Neck | Iron Gray,T-Shirts,0,0,1,2024-06-01
p_cjzvdmswjf,Hoodie | Active | White,Hoodie,0,0,3,2024-06-01
p_cn8axvjmp9,Comfort Short | Active | Charcoal Heather Gray,Athletic Shorts,0,0,8,2024-06-01
p_cnrb9yncvy,Sock | Half Crew | White | 3-Pack,Socks,0,0,3,2024-06-01
p_cpfjz5js6m,Shirt | Performance | Quarter Zip | Light Heather Gray ,Athletic Tops,0,0,2,2024-06-01
p_ct8bqyz5rd,Bomber Jacket | Black,Bomber Jackets,52,1,7,2024-06-01
p_ctw749pxad,Long Sleeve T-Shirt | Crew Neck | Heather Burgundy,T-Shirts,0,0,0,2024-06-01
p_cty4s4ehz9,Short Sleeve T-Shirt | V-Neck | Orange,T-Shirts,0,0,0,2024-06-01
p_cve5gy56m8,Short Sleeve T-Shirt | V-Neck | Heather Dark Oak,T-Shirts,0,0,0,2024-06-01
p_cvrhss99ts,hort Sleeve T-Shirt | V-Neck | Heather Dark Orchid,Shirt,0,0,5,2024-06-01
p_cz4mtzemgt,Hoodie | Zip | Fleece French Terry | Heather Gray,Hoodie,0,0,1,2024-06-01
p_d3c8r9bpvv,Jeans | Authentic Stretch | Slim | Medium Indigo Wash,Jeans,0,0,5,2024-06-01
p_dbcpnaxxzz,Boxer Briefs | Navy | 3-pack,Underwear,0,0,0,2024-06-01
p_dbg2vhd8gn, Long Sleeve T-Shirt | Crew Neck | Waffle | Navy,Sweatshirt,0,0,0,2024-06-01
p_dcfsb4qj5s,Dress Shirt | Performance Lightweight | Carbon,Button Down Shirts,0,0,4,2024-06-01
p_dcqnnrpypu,Long Sleeve Tee And Jogger Set | Loungewear | Charcoal Heather Gray,Sweatshirt,0,0,0,2024-06-01
p_dd7ynwa46b,Jacket | Coaches | Military Green,Jacket,0,0,2,2024-06-01
p_ddgsdeyzu9,Long Sleeve Shirt | Henley | Heather Gray,T-Shirts,0,0,3,2024-06-01
p_dks9q92uqc,Short Sleeve T-Shirt | Tall | Round Hem | Heather Gray ,T-Shirts,9,1,1,2024-06-01
p_dnq23rfcgu,"Shorts | Training | 7"" 2-in-1 | Carbon",Athletic Shorts,0,0,5,2024-06-01
p_dny6u2yy3n,Short Sleeve T-Shirt | Active | Crew Neck | Heather Burgundy,T-Shirts,0,0,0,2024-06-01
p_dpgtwv5dut,Short Sleeve | Polo | Tall | Heather Cayenne,Polos,1,1,1,2024-06-01
p_dqknx7njuf, Short Sleeve Shirt | Polo | Heather Slate Green,Polos,0,0,2,2024-06-01
p_dr2dsqwwjd,Dress Shirt | Performance Lightweight | Navy,Button Down Shirts,0,0,0,2024-06-01
p_drc7rrjfsv,Long Sleeve T-Shirt | Mahogany,Shirt,0,0,0,2024-06-01
p_dvj7aj4rxq,Sweatshirt | Crew | Fleece French Terry | Heather Gray ,Sweatshirt,0,0,2,2024-06-01
p_dwbw45rvge,Jacket | Hooded Puffer | Navy,Puffer Jackets,0,0,0,2024-06-01
p_dxzcer2fk8,Short Sleeve T-Shirt | Crew Neck | Heather Slate Green,T-Shirts,0,0,4,2024-06-01
p_dy7mjs4bpm,Sleeveless Muscle Tee | Active | Light Heather Gray,Tank Top,1,1,5,2024-06-01
p_e2426ac79u,Long Sleeve T-Shirt | Active | Crew | Dark Heather Tempest,Sweatshirt,0,0,5,2024-06-01
p_e34ttzx6kf,Short Sleeve T-Shirt | Crew Neck | True Red,T-Shirts,0,0,1,2024-06-01
p_e3w27784ez, Long Sleeve Shirt | Lightweight Flannel | Heather Gray,Button Down Shirts,0,0,2,2024-06-01
p_e58dmnpc9e,Joggers | Fleece French Terry | Navy,Sweatpants & Joggers,0,0,1,2024-06-01
p_e6pz5d7uh9,Sweater Fleece Jacket | Navy,Hoodie,0,0,1,2024-06-01
p_ea2gekbzfm,Long Sleeve Shirt | Crew Neck | Heather Gray,T-Shirts,0,0,0,2024-06-01
p_ef9p26sqwv,Jacket | Coaches | Navy,Jacket,0,0,7,2024-06-01
p_eg72spursx,Half Crew Sock | 3-Pack | Black,Socks,0,0,0,2024-06-01
p_egd9fym6xg,Pants | Commuter | Navy,Pants,0,0,0,2024-06-01
p_egq2tewvm7,Long Sleeve Henley | Black,T-Shirts,0,0,0,2024-06-01
p_en8vndps74,"Chino Shorts | Comfort | 9"" | Navy",Shorts,12,2,8,2024-06-01
p_encznv79zd,Loungewear Jogger | Charcoal Heather Gray,Sweatpants & Joggers,0,0,1,2024-06-01
p_enhxmmv3xa,Short Sleeve Polo Shirt | Tall | Black,Polos,0,0,2,2024-06-01
p_ens5k22dee,Jacket | Coaches | Black,Jacket,0,0,4,2024-06-01
p_epuubwwz7s,Shorts | Fleece French Terry | Military Green,Shorts,0,0,3,2024-06-01
p_erspmns4ce,Short Sleeve T-Shirt | V-Neck | Heather Seafarer,Shirt,0,0,0,2024-06-01
p_ewa8pkqm8u,Joggers | Fleece French Terry | Military Green,Sweatpants & Joggers,0,0,4,2024-06-01
p_eyc8fnh7za,Short Sleeve T-Shirt | Crew Neck | Heather Purple,T-Shirts,0,0,0,2024-06-01
p_ez9ax3esv6,Long Sleeve T-Shirt | Crew Neck | Emerald,T-Shirts,0,0,0,2024-06-01
p_ezjsg82fk7,Short Sleeve Shirt | Sweater Polo | Garnet ,Polos,0,0,0,2024-06-01
p_f3zjdpjr6y,Ankle Socks | Active | White | 3-Pack,Socks,0,0,0,2024-06-01
p_f7jft6kfqg,Long Sleeve Shirt | Chambray | Light Indigo Wash,Shirt,0,0,3,2024-06-01
p_f8nexh4476,Short Sleeve | Shirt | Active | Crew Neck | Heather Navy,T-Shirts,0,0,0,2024-06-01
p_f8rywmvjsy,"Chino Shorts | Comfort | 7"" | Sapphire",Shorts,0,0,0,2024-06-01
p_f92h3kv2cv,Short Sleeve T-Shirt | Crew Neck | Heather Pale Blue,T-Shirts,0,0,2,2024-06-01
p_fbcq86jv23,Short Sleeve T-Shirt | V-Neck | Heather Dusty Pink,T-Shirts,0,0,0,2024-06-01
p_fc9era585c,Jacket | Active | Black,Athletic Jackets,0,0,4,2024-06-01
p_fcgghnz6fh,Beanie | Sweater | Evergreen,Beanie,0,0,0,2024-06-01
p_fcv57d39m8,Short Sleeve T-Shirt | V-Neck | Carbon,T-Shirts,0,0,0,2024-06-01
p_fhdff8x3jt,"Shorts | Classic Twill | 7"" | Harbor",Shorts,0,0,1,2024-06-01
p_fpmkw85rke,Short Sleeve Polo Shirt | Black,Polos,3,3,14,2024-06-01
p_fsr8s5rfne,Short Sleeve T-Shirt | Active | Crew Neck | Tall | Navy,T-Shirts,0,0,5,2024-06-01
p_fvgyjfheyt,Shorts | Commuter | Sandstone,Shorts,0,0,3,2024-06-01
p_fx25mpavbf,Long Sleeve T-Shirt | Hooded | Black,T-Shirts,0,0,0,2024-06-01
p_fyejvaduhb,Active Joggers | Stone Blue,Sweatpants & Joggers,0,0,2,2024-06-01
p_fzwwcz6x6s,Short Sleeve T-Shirt | Crew Neck | Heather Sage,T-Shirts,0,0,1,2024-06-01
p_g2f7b4qvq8,Short Sleeve T-Shirt | Crew Neck | Kelly Green,T-Shirts,0,0,2,2024-06-01
p_g4xkdswn5e,Shorts | Active Comfort | Heather Gray,Shorts,0,0,0,2024-06-01
p_g5xjgypbqs,Long Sleeve Button Up Shirt | Black,Button Down Shirts,0,0,1,2024-06-01
p_g6dg3x3nta,Sweater | Crew | Heather Navy Pique,Knit Sweaters,1,1,3,2024-06-01
p_gawdf2gbfa,Long Sleeve Polo Shirt | Black,Polos,0,0,2,2024-06-01
p_gbd3qsz25s,Short Sleeve T-Shirt | Crew Neck | Heather Charcoal Gray,T-Shirts,1,1,0,2024-06-01
p_gbh9ypmsjv,Long Sleeve Button Up Shirt | Do-It-All Comfort Heather Gray,Button Down Shirts,0,0,0,2024-06-01
p_gf9pckvcm8,Short Sleeve Polo Shirt | Carbon,Polos,0,0,2,2024-06-01
p_ggx5q9x8xm,Short Sleeve Neck T-Shirt |  Active | Heather Military Green,Shirt,0,0,1,2024-06-01
p_gmhetj6qvj,Long Sleeve Button Up Shirt | Stretch Oxford | Banker Blue,Button Down Shirts,0,0,1,2024-06-01
p_gqfhmx28rz,Short Sleeve T-Shirt | Crew Neck | Blue Quartz,T-Shirts,0,0,0,2024-06-01
p_gqs2hwpkjy, Long Sleeve Button Up Shirt | Commuter | Navy,Shirt,0,0,1,2024-06-01
p_guzmuvmxwg,Short Sleeve T-Shirt | Crew Neck | Heather Dark Orchid,T-Shirts,0,0,1,2024-06-01
p_gv8hh5kma3,Long Sleeve Button Up Shirt | Oxford | Stone Stretch,Button Down Shirts,0,0,0,2024-06-01
p_gvy838kdy9,Long Sleeve Button Up Sweater Shirt | Black + Carbon,Button Down Shirts,0,0,0,2024-06-01
p_gxqdqumwae,Short Sleeve T-Shirt | Crew Neck | Carbon,T-Shirts,5,3,31,2024-06-01
p_gzgm33n9cz,Short Sleeve Shirt | Active | Polo | Dark Heather Tempest,Polos,0,0,10,2024-06-01
p_gzymf76rmw,Jogger | Loungewear | Heather Navy,Sweatpants & Joggers,0,0,0,2024-06-01
p_h4877neu4n,Shorts | Commuter | Sandstone,Shorts,6,1,24,2024-06-01
p_h5b94d3deu,Short Sleeve Sweater | Polo | Centurion,Polos,0,0,3,2024-06-01
p_h644hfsgj7,Sweater Beanie | Black,Beanie,0,0,0,2024-06-01
p_h75hjs7973,Short Sleeve Shirt | Active | Polo | Heather Forest,Polos,1,1,12,2024-06-01
p_h9thpv33ux,Crew Socks | Active | 3-Pack | Black,Socks,0,0,1,2024-06-01
p_h9z43a8zde,Hoodie | Zip | Fleece French Terry | Navy,Hoodie,0,0,0,2024-06-01
p_haens7aj79,Short Sleeve Polo Shirt | Tall | Sapphire,Polos,0,0,0,2024-06-01
p_hc97kv4jxf,Short Sleeve T-Shirt | Crew Neck | Deep Sea Blue ,T-Shirts,0,0,3,2024-06-01
p_hed6qt6arh,Short Sleeve Polo Shirt | Raspberry,Polos,0,0,0,2024-06-01
p_hmkhv4g497,Short Sleeve T-Shirt | Crew Neck | Heather Indigo,T-Shirts,3,1,6,2024-06-01
p_hmp7dkjce9,"Chino Shorts | Comfort | 7"" | Carbon",Shorts,1,1,7,2024-06-01
p_hrqsaa2u6g,Loungewear Pant | Charcoal Heather Gray,Pants,0,0,0,2024-06-01
p_htnnbrvvmk,Short Sleeve T-Shirt | Active | Crew Neck | Carbon,T-Shirts,0,0,7,2024-06-01
p_hun6quaf8f,Jeans | Comfort | Slim Fit | Gray Wash,Jeans,0,0,2,2024-06-01
p_hv5d9t5gb4,Boxer Trunks | Black | 3-Pack,Underwear,0,0,7,2024-06-01
p_hvfwhakq9c,Long Sleeve Dress Shirt | Performance Lightweight | White,Button Down Shirts,0,0,0,2024-06-01
p_hvyht2dd2v,Chino Pant | Slim | Twill | Dark Oak,Pants,0,0,0,2024-06-01
p_hz3svpszdm,Long Sleeve T-Shirt | Tall | Military Green,T-Shirts,0,0,1,2024-06-01
p_hzkzcd9ag9,Long Sleeve Commuter Shirt | Ripstop | Charcoal Heather Gray,Shirt,0,0,2,2024-06-01
p_j23j35syzx,Long Sleeve Chambray Shirt | Black Wash,Shirt,0,0,1,2024-06-01
p_j48puxsej5,"Shorts | Classic Twill | 7"" | Sandstone",Shorts,0,0,0,2024-06-01
p_j4bf77xx5v,"Chino Shorts | Comfort | 9"" | Black",Shorts,1,1,7,2024-06-01
p_j9ak85wp57,Shorts | Active | Quick Dry with Liner | Military Green,Shorts,1,1,8,2024-06-01
p_j9huduq2g2,Short Sleeve T-Shirt | Crew Neck | Tall | Straight Hem | White,T-Shirts,0,0,2,2024-06-01
p_ja9tudbs9q,Chino Pants | Straight | Twill | Dark Oak,Pants,0,0,4,2024-06-01
p_jc3jqkdafw,Short Sleeve Button Up Shirt | Commuter | White,Button Down Shirts,0,0,10,2024-06-01
p_jdmt24d7hn,Short Sleeve T-Shirt | Crew Neck | Pale Blue,T-Shirts,0,0,0,2024-06-01
p_jg78h55jmw,Beanie | Sweater | Heather Gray,Beanie,0,0,0,2024-06-01
p_jgnjyyepyv,Short Sleeve T-Shirt | Crew Neck | White,T-Shirts,8,2,43,2024-06-01
p_jj6vbqjbcj,Boxer Trunks | Navy | 3-Pack,Underwear,0,0,1,2024-06-01
p_jpmpa7s5yw,Short Sleeve T-Shirt | V-Neck | Heather Indigo ,T-Shirts,0,0,0,2024-06-01
p_jqam2z9s7w,"Chino Shorts | Comfort | 9"" | Ivory",Shorts,0,0,2,2024-06-01
p_jqxjnq8mc8,Straight Leg Pant | Active Comfort | Charcoal Heather,Sweatpants & Joggers,0,0,1,2024-06-01
p_jre675wesy,Short Sleeve Shirt | Polo | Tall | Heather Seafarer ,Polos,0,0,0,2024-06-01
p_juu2rq3qu8,Jeans | Straight | Authentic Stretch | Indigo Rinse,Jeans,0,0,0,2024-06-01
p_jwjqtb338j,Chino Pants | Comfort | Khaki,Pants,0,0,2,2024-06-01
p_jx3q5n329x,Chino Pants |  Straight | Twill | Khaki,Pants,0,0,2,2024-06-01
p_jybua995rp,Long Sleeve Button Up Shirt | White,Button Down Shirts,0,0,0,2024-06-01
p_jzwpw7njj6,Short Sleeve Shirt | Polo | Heather Voyager ,Polos,0,0,0,2024-06-01
p_k5hymg84ez,"Shorts | Training | 7"" | 2-in-1 Black",Athletic Shorts,8,2,27,2024-06-01
p_k6s6hftqfe,Pullover Hoodie | Fleece French Terry | Navy,Hoodie,0,0,1,2024-06-01
p_k727r3s7q8,Jogger | Fleece French Terry | Charcoal Heather Gray,Sweatpants & Joggers,0,0,0,2024-06-01
p_k8j2vzha5p,Boxer Briefs | 3-Pack | Burgundy,Underwear,0,0,0,2024-06-01
p_ka34xhhhr8,Boxer Briefs | 3-Pack | Indigo,Underwear,0,0,5,2024-06-01
p_ka5fa3ne6y,Slippers | Black,Slippers,0,0,0,2024-06-01
p_kajnxmygka,Short Sleeve T-Shirt | Crew Neck | Heather Military Green ,Shirt,0,0,6,2024-06-01
p_kaq2j39v2p,"Chino Shorts | Comfort | 7"" | Navy",Shorts,0,0,0,2024-06-01
p_katetzgtwe,Jeans | Straight | Authentic Stretch | Light Indigo Wash,Jeans,0,0,3,2024-06-01
p_kccxqadagn,Hoodie | Waffle | Navy,Hoodie,0,0,0,2024-06-01
p_kgcgy98rwb,Hoodie | Waffle | Heather Gray,Hoodie,1,1,6,2024-06-01
p_kkdff6r47e,Chino Pants | Slim Twill | Meadow,Pants,0,0,2,2024-06-01
p_krqrvpb5nk,Short Sleeve Sweater Polo Shirt | Black,Polos,0,0,0,2024-06-01
p_kv4qxkyavb,Chino Pants | Comfort | Carbon,Pants,0,0,3,2024-06-01
p_kvcynwabcy,"Chino Shorts | Comfort | 9"" | Sandstone",Shorts,0,0,0,2024-06-01
p_kvuhf7884a,Short Sleeve Shirt | Polo | Electric Blue ,Polos,0,0,1,2024-06-01
p_kzqm93unyy,Short Sleeve T-Shirt | Active | Crew Neck | Heather Cocoa,T-Shirts,33,1,7,2024-06-01
p_m26ckp2n6s,Short Sleeve T-Shirt | Tall | Crew Neck | Round Hem | Black,T-Shirts,0,0,11,2024-06-01
p_m26nune3tt,Sleeveless Muscle Tee | Active | Heather Cocoa,Tank Top,0,0,0,2024-06-01
p_m5f29n89jy,"Chino Shorts | Comfort | 9"" | Carbon",Shorts,0,0,0,2024-06-01
p_m5nrytn7g3,Boxer Briefs | Logo | 3-Pack | Black,Underwear,0,0,2,2024-06-01
p_m6x758mjvq,Short Sleeve Polo Shirt | Tall | White,Polos,0,0,0,2024-06-01
p_m753ak35t9,Long Sleeve Button Up Shirt | Stretch Oxford | Navy,Shirt,0,0,1,2024-06-01
p_m9zcd62yqy,Short Sleeve T-Shirt | Crew-Neck | Sandstone,T-Shirts,0,0,14,2024-06-01
p_mau5qbhasg,Short Sleeve Sweater Polo Shirt | Navy,Knit Sweaters,0,0,0,2024-06-01
p_mbdbf8ya5d,Long Sleeve Button Up Shirt | Sweater | Heather Gray,Button Down Shirts,0,0,3,2024-06-01
p_mdphbu2y54,Long Sleeve T-Shirt | Indigo,T-Shirts,0,0,0,2024-06-01
p_mef5fue56y,Dress Shirt | Lightweight Performance | Black,Button Down Shirts,0,0,0,2024-06-01
p_mjrxd2wgtf,Short Sleeve Polo Shirt | Active | Dark Heather Cocoa,Polos,0,0,2,2024-06-01
p_mkhh2ymk98,Sweatshirt | Active Comfort | Crew | Heather Navy,Sweatshirt,0,0,0,2024-06-01
p_mm5tbn6qza,Sweatshirt | Comfort Crew | Black,Sweatshirt,0,0,0,2024-06-01
p_mqgpa9st88,Short Sleeve T-Shirt | V-Neck | Heather Sapphire,T-Shirts,0,0,0,2024-06-01
p_mqhey6peq9,Pullover Sweatshirt | Crew Neck | French Terry,Sweatshirt,0,0,3,2024-06-01
p_msfd479sz8,Short Sleeve Button Up Shirt | Navy,Shirt,0,0,4,2024-06-01
p_mtqhyqahab,Heather Navy Active Comfort Pullover Hoodie,Hoodie,0,0,9,2024-06-01
p_mu7q5qx67m,Jeans | Comfort | Straight Fit | Black Wash,Jeans,0,0,2,2024-06-01
p_mvqwbcmhah,Short Sleeve T-Shirt | Tall Round Hem | Crew Neck | Charcoal,T-Shirts,0,0,2,2024-06-01
p_mwv4sjthwt,Short Sleeve Polo Shirt | Military Green,Polos,0,0,0,2024-06-01
p_mxpb4sqvry,Short Sleeve Shirt | Tall | Crew Neck | Charcoal Heather,T-Shirts,0,0,0,2024-06-01
p_mzcrkdhuvj,T-Shirt | Crew Neck | Tall | Round Hem | Light Heather Gray ,T-Shirts,0,0,0,2024-06-01
p_n3jnq4u8q7,Sweater | Crew Neck | Heather Gray,Knit Sweaters,0,0,1,2024-06-01
p_n6hvkgussy,Hoodie | Waffle | Carbon,Hoodie,0,0,1,2024-06-01
p_n7npmmnfq3,Bomber Jacket | Army Green,Bomber Jackets,0,0,1,2024-06-01
p_n9qtgjygdv,"Shorts | Active Training | 7"" | Sandstone",Athletic Shorts,0,0,1,2024-06-01
p_ncvpa3z4h7,Long Sleeve T-Shirt | Active | Crew | Dark Heather Cadet,T-Shirts,0,0,0,2024-06-01
p_ncwnq5usm5,"Shorts | Active Training | 7"" | Slate Green",Athletic Shorts,0,0,11,2024-06-01
p_ngbbqfwzd5,Long Sleeve Henley | Navy,Shirt,0,0,0,2024-06-01
p_nmb6y3r32b,Jogger | Fleece French Terry | Carbon,Sweatpants & Joggers,0,0,0,2024-06-01
p_npv4nzv5x2,Short Sleeve Polo Shirt | Sapphire,Polos,0,0,3,2024-06-01
p_npx42jpcmt,Shorts | Active Comfort | Dark Heather Military Green,Shorts,0,0,3,2024-06-01
p_nu9kcajw2z,"Chino Shorts | Comfort | 7"" | Black",Shorts,0,0,1,2024-06-01
p_nw97q8x9x2,Ankle Socks | 3-Pack | Heather Gray,Socks,0,0,0,2024-06-01
p_p29249kscd,Hoodie | Waffle | White,Hoodie,0,0,1,2024-06-01
p_p42j2ebh8r,Short Sleeve Button Up Shirt | White,Shirt,0,0,4,2024-06-01
p_p6zw3xeg4v,Short Sleeve T-Shirt | Crew Neck | Black,T-Shirts,41,6,88,2024-06-01
p_p7dtyf9kd8,Short Sleeve T-Shirt |  V-Neck | Heather Pale Blue,T-Shirts,0,0,0,2024-06-01
p_p8ep2jre98,Hoodie | Active | Black,Hoodie,0,0,1,2024-06-01
p_pds624ht98,Ankle Socks | Active | 3-Pack | Black,Socks,0,0,0,2024-06-01
p_pgvy4mwya6,Pullover Hoodie | Fleece French Terry | Carbon,Hoodie,0,0,2,2024-06-01
p_pjpnhtycns,Commuter Pants | Sandstone,Pants,0,0,0,2024-06-01
p_pkqtyg3hqm,Socks | Never Show | White | 3-Pack,Socks,0,0,0,2024-06-01
p_pqjyybc86f,Long Sleeve T-Shirt | Crew Neck | Waffle | Black,T-Shirts,0,0,1,2024-06-01
p_pqwkc9p2hu,Short Sleeve T-Shirt | Crew Neck | Heather Burgundy,T-Shirts,0,0,0,2024-06-01
p_pqxd5rn6d9,Short Sleeve Tee And Pant Set | Loungewear | Heather Navy,Lounge Sweatpants & Joggers,0,0,0,2024-06-01
p_prm2runmas,Long Sleeve Shirt | Henley | Carbon,T-Shirts,0,0,2,2024-06-01
p_prrc5xwre5,Shorts | Commuter | Khaki,Shorts,5,1,19,2024-06-01
p_ps2ys9u9da,Short Sleeve T-Shirt | Crew Neck | Steel,T-Shirts,0,0,0,2024-06-01
p_pxnmvcumyj,Long Sleeve Button Up Shirt | Do-It-All Comfort | Charcoal  ,Button Down Shirts,0,0,2,2024-06-01
p_pz6x448p9t,Short Sleeve Shirt | Sweater Polo | Heather Gray,Knit Tops,0,0,0,2024-06-01
p_pzg4uy9ru4,Short Sleeve Shirt | Active Polo | Heather Military Green ,Polos,0,0,1,2024-06-01
p_pznn6yemfk,Shirt | Performance | Quarter Zip | Heather Navy,Athletic Tops,0,0,0,2024-06-01
p_q2935cukf5,"Shorts | Classic Twill | 7"" | Khaki",Shorts,0,0,6,2024-06-01
p_q4h28hmd8q,Never Show Socks | Active | 3-Pack | Black,Socks,1,1,3,2024-06-01
p_q9e4tw2vgn,T-Shirt | Active | Crew Neck | Tall | Carbon,T-Shirts,1,1,3,2024-06-01
p_qcw7eb8td6,Hoodie | Active Comfort | Full Zip | Charcoal Heather Gray,Hoodie,0,0,0,2024-06-01
p_qek9etj5vj,Short Sleeve T-Shirt | Crew Neck | Heather Voyager,Shirt,0,0,0,2024-06-01
p_qhjjf5kjgd,"Chino Shorts | Comfort | 7"" | Rosewood",Shorts,1,1,12,2024-06-01
p_qr5wafyaq4,"Shorts | Classic Twill | 7"" | Moss",Shorts,0,0,0,2024-06-01
p_qsrzg2ce35,Short Sleeve T-Shirt | Crew Neck | Turquoise,T-Shirts,0,0,1,2024-06-01
p_qsxubmrtfw,Long Sleeve Tee | Loungewear | Charcoal Heather Gray,T-Shirts,0,0,0,2024-06-01
p_qtjb9pcnn3,Jacket | Active Shell | Heather Navy,Jacket,0,0,1,2024-06-01
p_qvscv7wqa7,Jogger | Fleece French Terry | Dark Oak,Sweatpants & Joggers,0,0,0,2024-06-01
p_qvxdc36tay,Bomber Jacket | Carbon,Bomber Jackets,0,0,2,2024-06-01
p_r3gbt3j2kw,Long Sleeve Button Up Shirt | Navy,Shirt,0,0,1,2024-06-01
p_r5du83g9df,Shorts | Active | Quick Dry with Liner | Black,Swim Shorts,1,1,13,2024-06-01
p_r5gttk27sm,Long Sleeve T-Shirt | Active | Crew Neck | White,Shirt,0,0,0,2024-06-01
p_r5xrp6kuxu,Short Sleeve Polo Shirt | True Red,Polos,0,0,0,2024-06-01
p_r9rn7a2dy5,"Shorts | Active Training | 7"" | Carbon",Shorts,0,0,0,2024-06-01
p_rd96dkwsx6,Boxer Trunks | 3-Pack | Carbon,Underwear,0,0,6,2024-06-01
p_rdac8nxqpc,Short Sleeve Sweater Polo | Navy,Polos,0,0,0,2024-06-01
p_rejmm7td92, Short Sleeve T-Shirt | V-Neck | Heather Mist,T-Shirts,9,1,7,2024-06-01
p_rezzg23bjy,Pullover Sweatshirt | Fleece French Terry | Navy,Sweatshirt,0,0,2,2024-06-01
p_rgamhxuwjz,Long Sleeve T-Shirt | Crew Neck | Carbon,Shirt,0,0,0,2024-06-01
p_rh632vzkvf,Short Sleeve T-Shirt | Crew Neck | Raspberry,T-Shirts,0,0,0,2024-06-01
p_rhexhysfzs,Short Sleeve Polo Shirt | Navy,Polos,0,0,7,2024-06-01
p_rhk5rdjr7y,Short Sleeve Shirt | Crew Neck | Tall | Heather Voyager,T-Shirts,0,0,0,2024-06-01
p_rhugz6jch8,Jeans | Slim | Authentic Stretch | Light Indigo Wash,Jeans,0,0,0,2024-06-01
p_rhxjthz5x8,Shorts | Active Comfort | Dark Heather Burgundy,Swim Shorts,0,0,0,2024-06-01
p_rnmhwn9kcu,Chino Pants | Slim Twill | Navy,Pants,0,0,2,2024-06-01
p_rpcku7uhxu,Short Sleeve T-Shirt | V-Neck | Mahogany,T-Shirts,0,0,1,2024-06-01
p_rpenkmstmg,Short Sleeve T-Shirt | Active | Crew | Heather Centurion,T-Shirts,1,1,4,2024-06-01
p_rpwqburrmc,Polo Shirt | Active | Dark Heather Cadet,Polos,0,0,0,2024-06-01
p_rquj6mrdex,Shorts | Active Comfort | Dark Heather Navy,Shorts,0,0,0,2024-06-01
p_rua2yj3jmt,Short Sleeve T-Shirt | Crew Neck | Heather Dark Oak,T-Shirts,0,0,3,2024-06-01
p_ryght7etrs,Short Sleeve T-Shirt | V-Neck | Bluestone,T-Shirts,0,0,0,2024-06-01
p_s49r5jxnqq,Short Sleeve T-Shirt | V-Neck | White,T-Shirts,2,1,4,2024-06-01
p_s57sjtnm4q,Chino Pants | Straight Twill | Meadow,Pants,0,0,0,2024-06-01
p_s6hq3cbp99,Short Sleeve Shirt | Polo | Heather Indigo,Polos,0,0,7,2024-06-01
p_s7c853uk5c,Puffer Jacket | Black,Puffer Jackets,0,0,4,2024-06-01
p_s7yfamyjwt,Short Sleeve T-Shirt | V-Neck | Black,T-Shirts,0,0,0,2024-06-01
p_saytmbtmak,"Shorts | Classic Twill | 9"" | Black",Shorts,0,0,0,2024-06-01
p_sfn5q4bv26,Short Sleeve Shirt | Active | Polo | Dark Heather,Polos,2,2,25,2024-06-01
p_sgut9a5tns,Polo Shirt | Light Heather Gray,Polos,0,0,5,2024-06-01
p_shc7xvk932,Long Sleeve T-Shirt | Crew Neck | Active | Evergreen Heather,T-Shirts,0,0,0,2024-06-01
p_shcbhfeqaq,Pullover Sweatshirt | Fleece French Terry | Crew Neck | Military Green,Sweatshirt,0,0,0,2024-06-01
p_shhxbvvxxp,Short Sleeve T-Shirt | Active | Crew Neck | Heather Indigo,T-Shirts,0,0,6,2024-06-01
p_spf5g5jf32,Chino Pants | Twill | Slim | Khaki,Pants,0,0,2,2024-06-01
p_spgwfvgehe,Long Sleeve Button Up Shirt | Heather Navy,Button Down Shirts,0,0,3,2024-06-01
p_sph8dsebwy,Pullover Sweatshirt | Crew | Fleece French Terry | Dark Oak,Sweatshirt,0,0,0,2024-06-01
p_srwzc2wwq6,Long Sleeve Henley Shirt | Burgundy,T-Shirts,0,0,0,2024-06-01
p_svsvrfrcb6,Long Sleeve T-Shirt | Active | Crew Neck | Black,T-Shirts,0,0,0,2024-06-01
p_szpx92nwke,Hoodie | Zip | Fleece French Terry | Carbon,Hoodie,0,0,4,2024-06-01
p_t2tpzxuynp,Joggers | Active | Dark Heather Navy ,Sweatpants & Joggers,0,0,0,2024-06-01
p_t4px9w63de,Short Sleeve T-Shirt | Crew Neck | Navy,T-Shirts,13,3,40,2024-06-01
p_t58yx24wsb, Long Sleeve T-Shirt | Hooded | Navy,Sweatshirt,0,0,2,2024-06-01
p_t83m3bqcj4,Pants | Commuter | Khaki,Pants,0,0,1,2024-06-01
p_tbp6wvu828,Short Sleeve T-Shirt | V-Neck | Heather Military Green ,T-Shirts,0,0,0,2024-06-01
p_tdz6dj3k93,Shell Jacket | Active | Charcoal Heather Gray,Jacket,0,0,0,2024-06-01
p_tfc9aqbuz4,Short Sleeve T-Shirt | Crew Neck | Military Green,T-Shirts,2,2,22,2024-06-01
p_tgudk6vxpb,Short Sleeve T-Shirt | V-Neck | Military Green,T-Shirts,0,0,0,2024-06-01
p_tjh5t8a6tw,Long Sleeve Shirt | Crew Neck | Navy,Shirt,0,0,0,2024-06-01
p_tmjb73g498,Short Sleeve Shirt |  Polo | Tall | Heather Navy ,Polos,1,1,1,2024-06-01
p_tpv8fcqeja,Ankle Socks | Active | 3-Pack | Heather Gray ,Socks,0,0,1,2024-06-01
p_tpzfdnukzs,Long Sleeve Crew Neck | Active | Navy,T-Shirts,0,0,0,2024-06-01
p_ttdapkruav,Hoodie | Pullover | Fleece French Terry | Heather Gray,Hoodie,0,0,3,2024-06-01
p_ttezb89gxf,Short Sleeve T-Shirt | Crew Neck | Heather Mauve,T-Shirts,0,0,10,2024-06-01
p_twpefb4vpq,Long Sleeve Henley | White,T-Shirts,1,1,1,2024-06-01
p_u25kmysesj,Jeans | Comfort | Straight Fit | Medium Gray Wash,Jeans,0,0,2,2024-06-01
p_u2rhgedcvp,Long Sleeve Polo Shirt | White,Polos,0,0,0,2024-06-01
p_u3ffx96ehp,Short Sleeve T-Shirt | Tall | Active Crew Neck | Black,T-Shirts,0,0,1,2024-06-01
p_u4zzshtv4s,Short Sleeve T-Shirt | V-Neck | Heather Navy,Shirt,0,0,0,2024-06-01
p_u9kx69bqms,Never Show Socks | Active | White | 3-Pack,Socks,0,0,0,2024-06-01
p_u9qz9yabud,Jeans | Comfort | Slim Fit | Indigo Wash,Jeans,0,0,4,2024-06-01
p_ubarpzrdvd,Jacket | Sweater Fleece | Gray,Knit Sweaters,0,0,2,2024-06-01
p_ucy8r4cqe3,Joggers | Active | Dark Heather Burgundy,Sweatpants & Joggers,0,0,1,2024-06-01
p_udqn8s72v2,Short Sleeve T-Shirt | Crew Neck | Tall Round Hem | Navy,T-Shirts,0,0,0,2024-06-01
p_ufjg6nn927,Long Sleeve T-Shirt | Tall | Black,T-Shirts,0,0,0,2024-06-01
p_ug6duq4hvt,Short Sleeve T-Shirt | Crew Neck | Heather Navy,Shirt,1,1,3,2024-06-01
p_ug78456eub,Pullover Hoodie | Fleece French Terry | Mahogany,Hoodie,0,0,0,2024-06-01
p_ujs2rxbwwy,Long Sleeve | Active | Crew Neck | Charcoal Heather Gray,T-Shirts,0,0,3,2024-06-01
p_ukpa96wyhm,Long Sleeve Button Up Shirt | Stretch Oxford | Light Gray ,Button Down Shirts,0,0,0,2024-06-01
p_un65wg283k,Long Sleeve Tee And Jogger Set | Loungewear | Heather Navy,Sweatshirt,0,0,0,2024-06-01
p_up97jdnnsw,Short Sleeve T-Shirt | Crew Neck | Heather Sapphire,T-Shirts,0,0,5,2024-06-01
p_uqg73gd526,Short Sleeve T-Shirt | V-Neck | Dark Olive,T-Shirts,0,0,0,2024-06-01
p_utfqrxy94f,Shorts | Commuter | Black,Shorts,0,0,4,2024-06-01
p_uwgqdnnawm, Short Sleeve Polo Shirt | Tall | Charcoal Heather Gray,Polos,0,0,0,2024-06-01
p_uwm4psyppk,Short Sleeve T-Shirt | Tall | Crew Neck | Straight Hem | Black,T-Shirts,0,0,0,2024-06-01
p_uwx92gahmk,Long Sleeve Henley Shirt | Mahogany,T-Shirts,0,0,1,2024-06-01
p_v4vw7cyjx6,Short Sleeve T-Shirt | Active | Crew Neck | Tall | White,T-Shirts,0,0,0,2024-06-01
p_v5bwyyhget,Short Sleeve Button Up Shirt | Commuter | Carbon,Button Down Shirts,0,0,8,2024-06-01
p_v8pfb5wryd,Hoodie | Waffle | Military Green,Hoodie,1,1,15,2024-06-01
p_v9vmgr3m4t,Short Sleeve Polo Shirt | Tall | Black,Polos,1,1,5,2024-06-01
p_vaexg8brvb,Short Sleeve Shirt | Tall | Crew Neck | Heather Navy,T-Shirts,0,0,0,2024-06-01
p_vdzeqmc9rs,Crew Socks | Active | White | 3-Pack,Socks,0,0,4,2024-06-01
p_vhct7fnamt,Sweater Fleece Jacket | Black,Jacket,0,0,0,2024-06-01
p_vhh2e6dge7,Short Sleeve T-Shirt | Crew Neck | Mellow Yellow,T-Shirts,0,0,0,2024-06-01
p_vjfh4zw9pd,Short Sleeve Polo Shirt | Active | Black,Polos,0,0,4,2024-06-01
p_vjgaj8nyrd,Scarf | Sweater | Heather Gray,Scarf,0,0,0,2024-06-01
p_vjj8djm98g,"Training Shorts | 2-in-1 | 7"" | Voyager",Athletic Shorts,0,0,2,2024-06-01
p_vkp29t8hpk,Sleeveless Muscle Tee | Active | Black,Athletic Tops,0,0,6,2024-06-01
p_vm4udwbmec,Ankle Socks | 3-Pack | Black,Socks,0,0,1,2024-06-01
p_vnexp6dh3m,Short Sleeve Shirt | Polo | Active | Heather Centurion,Polos,0,0,0,2024-06-01
p_vp3anzz9s3,Long Sleeve Button Up Shirt | White,Button Down Shirts,0,0,0,2024-06-01
p_vqc6jejd69,Long Sleeve Button Up Shirt | Do-It-All Comfort | Black,Button Down Shirts,0,0,7,2024-06-01
p_vrmxbznmh9,Long Sleeve Henley Shirt | Indigo,Shirt,0,0,0,2024-06-01
p_vst6extntp,Jogger | Active | Heather Gray,Sweatpants & Joggers,1,1,2,2024-06-01
p_vtkmnr87v2,Long Sleeve T-Shirt | Active | Crew Neck | Navy,T-Shirts,0,0,1,2024-06-01
p_vubwwnzvnt,Long Sleeve Shirt | Active | Crew Neck | Dark Heather Cadet,T-Shirts,0,0,0,2024-06-01
p_vvkaza7v48,Long Sleeve Button Up Shirt | Commuter | Black,Button Down Shirts,0,0,2,2024-06-01
p_vxfj55w6ma,Short Sleeve Shirt | Polo | Heather Burgundy,Polos,0,0,8,2024-06-01
p_vybqnpjdfb,Short Sleeve T-Shirt | Active | Crew | Dark Heather Tempest,T-Shirts,1,1,1,2024-06-01
p_w24fe8f3xz, Short Sleeve T-Shirt | V-Neck | Mellow Yellow,T-Shirts,0,0,0,2024-06-01
p_w7ysprckp8,Pants | Active Comfort | Straight Leg | Heather Navy,Sweatpants & Joggers,0,0,0,2024-06-01
p_w99wqwtmd8,Performance Shirt | Quarter Zip | Black,Athletic Tops,0,0,5,2024-06-01
p_wc3k5eupk3,Short Sleeve T-Shirt | V-Neck | Pale Blue,T-Shirts,0,0,0,2024-06-01
p_wctjf5cy38,Short Sleeve T-Shirt | Crew Neck | Heather Seafarer,T-Shirts,0,0,1,2024-06-01
p_wht3v5efkm, Long Sleeve Shirt | Waffle Crew | Deep Sea Blue,T-Shirts,0,0,1,2024-06-01
p_wj3u3m87yx,Short Sleeve T-Shirt | Active | Crew Neck | Black,T-Shirts,0,0,9,2024-06-01
p_wtfwp7uyps,Long Sleeve T-Shirt | Crew Neck | Heather Dark Oak,T-Shirts,0,0,0,2024-06-01
p_wtnvenruq9,Jeans | Comfort | Straight Fit | Medium indigo Wash,Jeans,0,0,13,2024-06-01
p_wue6hk6hmr,Short Sleeve T-Shirt | V-Neck | Steel,T-Shirts,0,0,0,2024-06-01
p_wungd9j4dh,"Shorts | Active Training | 7"" | Black",Shorts,0,0,1,2024-06-01
p_wvdzacyaq8,Short Sleeve T-Shirt | Crew Neck | Heather Garnet,T-Shirts,0,0,2,2024-06-01
p_wzprzguypw,Chino Pants | Comfort | Sandstone,Pants,0,0,2,2024-06-01
p_x285vx432e,Ankle Socks | White | 3-Pack,Socks,0,0,3,2024-06-01
p_x443echvnq,"Chino Shorts | Comfort | 7"" | Military Green",Shorts,0,0,0,2024-06-01
p_x525p5gyt4,Short Sleeve Sweater Polo Shirt | Moss,T-Shirts,0,0,0,2024-06-01
p_x5p88uuzy5,Joggers | Active | Dark Heather Indigo,Sweatpants & Joggers,0,0,0,2024-06-01
p_x5pshyk4q9,Short Sleeve Shirt | Polo | Heather Graphite,Polos,0,0,1,2024-06-01
p_x7cgdhmyp3,Short Sleeve Shirt | Polo | Heather Navy,Polos,0,0,1,2024-06-01
p_x8z28nbvwg,Short Sleeve T-Shirt | Crew Neck | Heather Gray,T-Shirts,0,0,3,2024-06-01
p_xa4dn5yc22,Short Sleeve Polo Shirt | Tall | Navy,Polos,0,0,0,2024-06-01
p_xafkdxwnvm,Hoodie | Waffle | Black,Hoodie,0,0,2,2024-06-01
p_xdyn8gxhhe, Long Sleeve Shirt | Waffle | Crew Neck | Dark Oak,Sweatshirt,0,0,0,2024-06-01
p_xdyq8mewrc,Short Sleeve Button Up Shirt | Black,Button Down Shirts,0,0,8,2024-06-01
p_xfct3t2vkk,Hoodie | Waffle | Mahogany,Hoodie,0,0,0,2024-06-01
p_xgzt58skmg,Jeans | Straight Authentic Stretch | Medium Indigo Wash,Jeans,0,0,6,2024-06-01
p_xhhgk2nnba,Short Sleeve T-Shirt | Crew Neck | Heather Burgundy ,Shirt,1,1,8,2024-06-01
p_xhubfpt2bh,Long Sleeve Shirt | Ripstock Commuter | Olive,Shirt,0,0,0,2024-06-01
p_xngupz8qg8,Long Sleeve Shirt | Active | Crew | Heather Military Green ,T-Shirts,0,0,0,2024-06-01
p_xnzebcgf9j,Zip Hoodie | Fleece French Terry | Black,Hoodie,0,0,9,2024-06-01
p_xpmubyp2yg,"Chino Shorts | Comfort | 9"" | Slate Green",Shorts,11,1,11,2024-06-01
p_xqcme6qpqk,Hoodie | Full Zip | Active Comfort | Heather Navy,Hoodie,0,0,1,2024-06-01
p_xqh3f9cwus,Short Sleeve T-Shirt | V-Neck | Heather Emerald,T-Shirts,0,0,0,2024-06-01
p_xrvchd55bc,Short Sleeve Shirt | Tall | Crew | Heather Military Green ,Screen Printed T-Shirts,0,0,0,2024-06-01
p_xsbj94sm6q,Shorts | Fleece French Terry | Heather Gray ,Shorts,0,0,0,2024-06-01
p_xug2xuwpqn,Long Sleeve Button Up Shirt | Stretch Oxford | White,Shirt,0,0,2,2024-06-01
p_xvg4py479t,Short Sleeve T-Shirt | V-Neck | Heather Sage,T-Shirts,0,0,0,2024-06-01
p_xx645fy2er,Short Sleeve T-Shirt | Crew Neck | Pink Opal,T-Shirts,0,0,1,2024-06-01
p_xzhwz3h8uh,Short Sleeve T-Shirt | Crew Neck | Heather Light Khaki,Sweatshirt,0,0,1,2024-06-01
p_y3r2ug2mpu,Short Sleeve T-Shirt | Crew Neck | Active | Heather Forest ,T-Shirts,0,0,3,2024-06-01
p_y5u5gs4evr,Chino Pants | Straight | Twill | Navy,Pants,0,0,0,2024-06-01
p_y6cg76w8k6,Socks | Half Crew | 3-Pack | Heather Gray,Socks,0,0,0,2024-06-01
p_yabrk8yt6y,Long Sleeve Button Up Shirt | Commuter | White,Button Down Shirts,0,0,2,2024-06-01
p_yb98yp2sqv,Jeans | Slim | Authentic Stretch | Indigo Rinse,Jeans,1,1,8,2024-06-01
p_ydptv6rbpw,Gradient Classic Polarized Sunglasses,Sunglasses,0,0,1,2024-06-01
p_yev838e3bk,Hoodie | Waffle | Dark Olive,Hoodie,0,0,1,2024-06-01
p_yg5234hu8z,Short Sleeve Sweater Polo Shirt | Centurion,Polos,0,0,0,2024-06-01
p_yhput7au44,Long Sleeve Shirt | Henley | Dark Olive,T-Shirts,0,0,0,2024-06-01
p_yjazyejt4q,T-Shirt | V-Neck | Charcoal Heather Gray,Shirt,1,1,0,2024-06-01
p_ymb5bq3vdv,Fleece Shacket | Navy,Shirt Jackets,0,0,0,2024-06-01
p_yp2v99qxbf,Classic Polarized Sunglasses | Black Mirror,Sunglasses,0,0,1,2024-06-01
p_yqusyfjxtf,Jacket | Hooded Puffer | Gunmetal,Puffer Jackets,0,0,0,2024-06-01
p_yra4pxjn2n,Hoodie | Full Zip | Fleece French Terry | Charcoal Heather,Hoodie,0,0,0,2024-06-01
p_yrp9cazs3k,Long Sleeve Shirt | Ripstop Commuter | Olive,Shirt,0,0,1,2024-06-01
p_ys335pw23m,Pants | Active Comfort | Straight Leg | Black,Sweatpants & Joggers,0,0,2,2024-06-01
p_ysyjzgmtu6,Hoodie | Active | Evergreen Heather ,Hoodie,0,0,3,2024-06-01
p_yszdpmgyju,Scarf | Evergreen Sweater,Scarf,0,0,0,2024-06-01
p_yupfqc6yfm,Short Sleeve Shirt | V-Neck | Charcoal Heather Gray,T-Shirts,0,0,0,2024-06-01
p_yw7vvn467f,Long Sleeve T-Shirt | Crew Neck | Dark Olive ,T-Shirts,0,0,0,2024-06-01
p_z7kat66jsb,Puffer Vest | Black,Outerwear Vests,0,0,0,2024-06-01
p_z7xekuufwm,Ecru Do-It-All Comfort Long Sleeve Button Up Shirt,Button Down Shirts,0,0,1,2024-06-01
p_z9gg92dcqx,Short Sleeve Polo Shirt | Charcoal Heather Gray ,Polos,0,0,0,2024-06-01
p_zc2fube8nb,Short Sleeve Polo Shirt | Periwinkle Blue,Polos,0,0,0,2024-06-01
p_zc74ftx9hy,Pique Crew Sweater | Charcoal Heather Gray,Knit Sweaters,0,0,1,2024-06-01
p_zd6gtes7qp,Chino Pants | Straight Twill | Centurion,Pants,0,0,0,2024-06-01
p_zf9muhc3as,Shorts | Active Comfort | Dark Heather Indigo,Shorts,0,0,0,2024-06-01
p_zfqbnz8zdc,Short Sleeve Shirt | Sweater Polo | Heather Gray ,Polos,0,0,0,2024-06-01
p_zm5cpgbxrk,Short Sleeve T-Shirt | Crew Neck | Sapphire,T-Shirts,0,0,10,2024-06-01
p_znfcswnte7,Hoodie | Active | Charcoal Heather Gray,Hoodie,0,0,8,2024-06-01
p_zp4vn3rtz4,Long Sleeve T-Shirt | Crew Neck | Deep Sea Blue ,T-Shirts,0,0,1,2024-06-01
p_zpj5m6rzbh,Pullover Hoodie | Fleece French Terry | Dark Oak,Hoodie,0,0,1,2024-06-01
p_zrt8e4hahp,Chino Pants | Straight | Twill | Black,Pants,0,0,6,2024-06-01
p_zscv6ea69y,Short Sleeve T-Shirt | Crew Neck | Heather Voyager,T-Shirts,0,0,0,2024-06-01
p_ztgcvk5gkn,Short Sleeve Tee | Loungewear | Heather Navy,T-Shirts,0,0,0,2024-06-01
p_zwuqmdbfnt,Short Sleeve | Active Crew Neck | Tall Charcoal Heather Gray,T-Shirts,0,0,0,2024-06-01
p_zwwudtzed5,Hoodie | Active | Deep Sea Blue Heather,Hoodie,0,0,1,2024-06-01
p_zymrwj8fj9,Short Sleeve T-Shirt | Crew Neck | Mahogany,T-Shirts,0,0,4,2024-06-01
p_zzvxdda285,Fleece Shacket | Black,Jacket,0,0,2,2024-06-01
p_2rhbv3znrg,Heather Navy Active Shell Jacket,Jacket,0,0,0,2024-06-01
p_4ssfur9upr,Pale Blue Button Up Shirt,Button Down Shirts,0,0,0,2024-06-01
p_4xegh3d2dq,Short Sleeve Polo Shirt | Active | White,Polos,0,0,0,2024-06-01
p_5uapency29,Navy Waffle Long Sleeve Crew Neck,Sweatshirt,0,0,0,2024-06-01
p_7fgbszq45t,Heather Voyager Short Sleeve Vee Neck T-Shirt,T-Shirts,0,0,0,2024-06-01
p_85umjtnpsy,Sweater Scarf | Black,Scarf,0,0,0,2024-06-01
p_9u87cuwg9k,Boxer Briefs | 3-Pack | Carbon,Underwear,0,0,0,2024-06-01
p_adhb2jnwk7,Military Green Tall Straight Hem Crew Neck T-Shirt,T-Shirts,0,0,0,2024-06-01
p_b9pagk3ugb,Shorts | Active Comfort | Black,Shorts,0,0,0,2024-06-01
p_ex8zw8z5dh,Heather Sapphire Short Sleeve Crew Neck T-Shirt,T-Shirts,0,0,0,2024-06-01
p_hj4kerceu3,Heather Gray Sweater Beanie,Beanie,0,0,0,2024-06-01
p_hubt8gp9tb,Chino Shorts | Comfort | Slate Green,Shorts,0,0,0,2024-06-01
p_jgj485u9gx,Heather Gray Hooded Long Sleeve T-Shirt,Hoodie,0,0,0,2024-06-01
p_ne28r8hbv2,Heather Seafarer Short Sleeve Crew Neck T-Shirt,T-Shirts,0,0,0,2024-06-01
p_ngty2gftav,White Active Never Show Socks 3-Pack,Socks,0,0,0,2024-06-01
p_ntuxn2s2c5,Polo Shirt | Yellow,Polos,0,0,0,2024-06-01
p_nuk7mzc8jt,Navy Active Quick Dry Short with Liner,Swim Shorts,0,0,0,2024-06-01
p_qktubda8xw,Heather Sapphire Short Sleeve V-Neck T-Shirt,T-Shirts,0,0,0,2024-06-01
p_r2e57cmagz,Joggers | Active | Black,Sweatpants & Joggers,0,0,0,2024-06-01
p_rr9yu69cdx,Heather Mist Short Sleeve Vee Neck T-Shirt,T-Shirts,0,0,0,2024-06-01
p_vsyjxxtp4a,Navy Short Sleeve Active Polo Shirt,Polos,0,0,0,2024-06-01
p_xsa4epqty5,Mahogany Polo,Polos,0,0,0,2024-06-01
p_yptjy3dzdz,"Shorts | Classic Twill | 7"" | Navy",Shorts,0,0,0,2024-06-01
p_ys9u6f3mbt,"Chino Shorts | Comfort | 7"" | Khaki",Shorts,0,0,0,2024-06-01
p_yvahsdbd7s,Heather Seafarer Short Sleeve Polo,Polos,0,0,0,2024-06-01
p_znadcksnfx,Reversible Casual Belt,Belt,0,0,0,2024-06-01
p_ter2rcscz6,Heather Gray Waffle Hoodie,Hoodie,0,0,0,2024-06-01
p_tvdv27amhe,Heather Navy Active Comfort Straight Leg Pant,Sweatpants & Joggers,0,0,0,2024-06-01
p_xqd85rvpxs,Black Puffer Jacket,Puffer Jackets,0,0,0,2024-06-01
p_yacuttmhrh,"Shorts | Classic Twill | 9"" | Navy",Shorts,0,0,0,2024-06-01
p_r7g7s9ued2,Dark Olive Fleece Shacket,Jacket,0,0,0,2024-06-01
p_ump27mtkuq,Raspberry Polo,Polos,0,0,0,2024-06-01
p_x53atty9z2,Steel Short Sleeve V-Neck T-Shirt,T-Shirts,0,0,0,2024-06-01
p_zg2kz56sep,Khaki Coaches Jacket,Jacket,0,0,0,2024-06-01
p_yefeaupknw,Never Show Socks 3-Pack | White,Socks,0,0,0,2024-06-01
p_tfhcx4fbf5,Heather Gray Never Show Socks 3-Pack,Socks,0,0,0,2024-06-01
p_szsv98dxsn,White Active Ankle Socks 3-Pack,Socks,0,0,0,2024-06-01
p_rujp4wvbzv,Mahogany Long Sleeve Waffle Crew,Sweatshirt,0,0,0,2024-06-01
p_yxq99tj7cv,Heather Slate Green Short Sleeve Crew Neck T-Shirt,Shirt,0,0,0,2024-06-01
p_wkggwhgxue,Navy Long Sleeve Lightweight Flannel Shirt,Shirt,0,0,0,2024-06-01
p_v6xzqb4euh,Electric Blue Polo,Polos,0,0,0,2024-06-01
p_zwzpj7gynb,Deep Sea Blue Long Sleeve Waffle Crew,T-Shirts,0,0,0,2024-06-01
p_sy5ta2zsks,Heather Cayenne Short Sleeve Crew Neck T-Shirt,Shirt,0,0,0,2024-06-01
p_qy223hzmfv,Short Sleeve T-Shirt | Active | Crew Neck | Tall | White,T-Shirts,0,0,0,2024-06-01
p_v7wa7rn4tb,"Shorts | Classic Twill | 9"" | Khaki",Shorts,0,0,0,2024-06-01
p_wuqcj8q3tb,Heather Gray Never Show Socks 3-Pack,Socks,0,0,0,2024-06-01
p_yhe8c62x9c,Heather Navy Quarter Zip Performance Shirt,Athletic Tops,0,0,0,2024-06-01
p_yn26dfj46r,Dark Heather Burgundy Active Comfort Short,Swim Shorts,0,0,0,2024-06-01
p_vey4w66jst,Military Green Active Quick Dry Short with Liner,Shorts,0,0,0,2024-06-01
p_rbz7y8npg6,Indigo Wash Slim Fit Comfort Jeans,Jeans,0,0,0,2024-06-01
p_xanpax5dbd,True Red Polo,Polos,0,0,0,2024-06-01
p_wcjsyc8zup,Medium Gray Wash Straight Fit Comfort Jeans,Jeans,0,0,0,2024-06-01
p_zsnvka2svc,Heather Mist Short Sleeve Crew Neck T-Shirt,T-Shirts,0,0,0,2024-06-01
p_uy62gqzk94,"Shorts | Comfort Chino | 7"" | Sapphire",Shorts,0,0,0,2024-06-01
p_r3b5cqykd8,Heather Gray Never Show Socks 3-Pack,Socks,0,0,0,2024-06-01
p_v7655zp7an,"Chino Shorts | Comfort | 9"" | Black",Shorts,0,0,1,2024-06-01
p_u9t2zm725p,Short Sleeve Active Polo Shirt | Black,Polos,0,0,0,2024-06-01
p_r6t642amsw,Short Sleeve Button Up Shirt | White,Shirt,0,0,0,2024-06-01
p_x53vukk5e9,"Shorts | Classic Twill | 9"" | Meadow",Shorts,0,0,0,2024-06-01
p_wdbckwxtef,Shorts | Active | Quick Dry Short with Liner | Carbon,Swim Shorts,0,0,0,2024-06-01
p_use9g4kaed,Black Active Never Show Socks 3-Pack,Socks,0,0,0,2024-06-01
p_vvxrx4e62u,Navy Boxer Trunks 3-Pack,Underwear,0,0,0,2024-06-01
p_sdkp4ngqy8,"Shorts | Active Training | 7"" | Sandstone",Shorts,0,0,0,2024-06-01
p_r6f5ekuzmt,Mahogany V-Neck T-Shirt,Shirt,0,0,0,2024-06-01
p_vahhav9rn7,"Shorts | Classic Twill | 9"" | Black",Shorts,0,0,0,2024-06-01
p_vjd833ph3z,Hoodie | Waffle | White,Hoodie,0,0,0,2024-06-01
p_svgga79dfc,"Chino Shorts | Comfort | 7"" | Slate Green",Shorts,0,0,0,2024-06-01
p_uqn6yzvkpa,"Chino Shorts | Comfort | 9"" | Navy",Shorts,0,0,0,2024-06-01
p_zkfhub8juv,Indigo Boxer Briefs 3-Pack,Underwear,0,0,0,2024-06-01
p_sxcevd7ww2,Heather Oatmeal Crew Neck Sweater,Knit Sweaters,0,0,0,2024-06-01
p_wrcbv4f2uu,Navy Hooded Long Sleeve T-Shirt,Sweatshirt,0,0,0,2024-06-01
p_rwwrukwyz9,Charcoal Heather Gray Short Sleeve Tall Active Crew Neck,T-Shirts,0,0,0,2024-06-01
p_zm7a3rkwma,Navy Tall Straight Hem Crew Neck T-Shirt,T-Shirts,0,0,0,2024-06-01
p_t3995sdwge,"Shorts | Comfort Chino | 7"" | Carbon",Shorts,0,0,0,2024-06-01
p_v4pawc4ufa,Heather Gray Ankle Socks 3-Pack,Socks,0,0,0,2024-06-01
p_qqk283mjjn,Navy Fleece French Terry Jogger,Sweatpants & Joggers,0,0,0,2024-06-01
p_mrvwze8wph,White Ankle Socks 3-Pack,Socks,0,0,0,2024-06-01
p_3dxryrdx2k,Medium Indigo Wash Slim Authentic Stretch Jeans,Jeans,0,0,0,2024-06-01
p_jw2fyemxq7,"Chino Shorts | Comfort | 9"" | Khaki",Shorts,0,0,0,2024-06-01
p_3mav9fu9q9,"Shorts | Active Training 7"" | Black",Shorts,0,0,0,2024-06-01
p_hcstkqf7xs,Navy Boxer Briefs 3-Pack,Underwear,0,0,0,2024-06-01
p_2krzrc4m74,Jogger | Fleece French Terry | Carbon,Sweatpants & Joggers,0,0,0,2024-06-01
p_cguvv472kt,Heather Navy Loungewear Pant,Pants,0,0,0,2024-06-01
p_kdjpvxj7fs,White Half Crew Sock 3-Pack,Socks,0,0,0,2024-06-01
p_37z5p8b2wz,Heather Dark Orchid Short Sleeve Vee Neck T-Shirt,Shirt,0,0,0,2024-06-01
p_ap2c64hjnc,Dark Olive Long Sleeve Waffle Crew,Shirt,0,0,0,2024-06-01
p_grdphsazq4,Reversible Dress Belt,Belt,0,0,0,2024-06-01
p_pzx9wvv4qb,Heather Mauve Short Sleeve Crew Neck T-Shirt,T-Shirts,0,0,1,2024-06-01
p_jxeh4td3j3,"Shorts | 9"" | Classic Twill | Centurion",Shorts,0,0,0,2024-06-01
p_3vtx7z4d8y,Heather Dusty Pink V-Neck T-Shirt,Screen Printed T-Shirts,0,0,0,2024-06-01
p_gky7ujn5kk,Military Green Boxer Briefs 3-Pack,Underwear,0,0,0,2024-06-01
p_cad333s5q5,Long Sleeve T-Shirt | Active | Crew Neck | Heather Burgundy,Sweatshirt,0,0,0,2024-06-01
p_kyjxexravk,Heather Gray Active Crew Socks 3-Pack,Socks,0,0,0,2024-06-01
p_d53wqyy6nw,Oatmeal Sweater Hoodie,Hoodie,0,0,0,2024-06-01
p_7bmm7jjbng,Heather Gray Long Sleeve Lightweight Flannel Shirt,Button Down Shirts,0,0,0,2024-06-01
p_eaxfgdw35q,Medium Gray Wash Slim Fit Comfort Jeans,Jeans,0,0,0,2024-06-01
p_jnvzcqrwxp,Khaki Commuter Short,Shorts,0,0,0,2024-06-01
p_9ueremsrcn,Heather Navy Short Sleeve Loungewear Tee,T-Shirts,0,0,0,2024-06-01
p_pevetyjchy,Heather Dark Oak V-Neck T-Shirt,Screen Printed T-Shirts,0,0,0,2024-06-01
p_29aky289rv,Navy Fleece French Terry Short,Shorts,0,0,0,2024-06-01
p_hfj965wa8c,Charcoal Heather Gray Loungewear Long Sleeve Tee And Jogger Set,Sweatshirt,0,0,0,2024-06-01
p_bpux6v6hy3,Moss Short Sleeve Sweater Polo Shirt,T-Shirts,0,0,0,2024-06-01
p_5ez35speq8,Medium Indigo Wash Long Sleeve Chambray Shirt,Shirt,0,0,0,2024-06-01
p_2vpu7ymaay,Commuter Short | Black,Shorts,0,0,0,2024-06-01
p_cyyubbh7u4,Mahogany Fleece French Terry Jogger,Sweatpants & Joggers,0,0,0,2024-06-01
p_7ekanr458k,Long Sleeve T-Shirt | Active | Crew Neck | Heather Burgundy,Shirt,0,0,0,2024-06-01
p_juczmrnmtc,"Shorts | Comfort Chino | 9"" | Carbon",Shorts,0,0,0,2024-06-01
p_3he4jy8f99,"Shorts | Active Training | 7"" | Carbon",Shorts,0,0,0,2024-06-01
p_phdjj3n8yh,Heather Gray Fleece French Terry Joggers,Sweatpants & Joggers,0,0,0,2024-06-01
p_ga52js5nmp,White Never Show Socks 3-Pack,Socks,0,0,0,2024-06-01
p_qcke957864,"Chino Shorts | Comfort | 7"" | Military Green",Shorts,0,0,0,2024-06-01
p_gkhuhrbvc5,Light Indigo Wash Long Sleeve Chambray Shirt,Shirt,0,0,0,2024-06-01
p_njb9h744v3,Indigo Rinse Straight Authentic Stretch Jeans,Jeans,0,0,0,2024-06-01
p_9h2qsu97ew,Dark Heather Navy Active Comfort Short,Shorts,0,0,0,2024-06-01
p_atrr9sdp25,Charcoal Heather Gray Short Sleeve Tall Polo Shirt,Polos,0,0,0,2024-06-01
p_nyn3pcwdu8,Light Indigo Wash Slim Authentic Stretch Jeans,Jeans,0,0,0,2024-06-01
p_5crt48k7v7,Navy Short Sleeve Button Up Shirt,Shirt,0,0,0,2024-06-01
p_7sfgw9sa4n,Medium Indigo Wash Straight Authentic Stretch Jeans,Jeans,0,0,0,2024-06-01
p_p58c6d9vvb,Dark Heather Military Green Active Comfort Short,Shorts,0,0,0,2024-06-01
p_ab6dzqm4qc,Jogger | Fleece French Terry | Charcoal Heather Gray,Sweatpants & Joggers,0,0,0,2024-06-01
p_qj9xh26ctj,Sapphire Short Sleeve Crew Neck T-Shirt,Screen Printed T-Shirts,0,0,0,2024-06-01
p_h8jucbuvcu,Heather Navy Pique Crew Sweater,Knit Sweaters,0,0,0,2024-06-01
p_n5vm5c3nb9,"Chino Shorts | Comfort | 7"" | Black",Shorts,0,0,0,2024-06-01
p_8fx2h79sez,Black Slippers,Slippers,0,0,0,2024-06-01
p_perj37fvaa,Periwinkle Blue Polo,Polos,0,0,0,2024-06-01
p_39acmqrp48,White Never Show Socks 3-Pack,Socks,0,0,0,2024-06-01
p_28tc85jmdq,Military Green Waffle Long Sleeve Crew Neck,Sweatshirt,0,0,0,2024-06-01
p_36tbyhq9p3,Navy Fleece Shacket,Shirt Jackets,0,0,0,2024-06-01
p_ejzn2bhevc,Evergreen Heather Long Sleeve Waffle Crew,Sweatshirt,0,0,0,2024-06-01
p_pe2azubxe8,Dark Heather Indigo Active Comfort Short,Shorts,0,0,0,2024-06-01
p_fqsqmarq3k,Mahogany Long Sleeve T-Shirt,Shirt,0,0,0,2024-06-01
p_mnk33hmpwg,Short Sleeve Polo | Active | White,Polos,0,0,0,2024-06-01
p_456rdfdknv,Navy Long Sleeve Button Up Shirt,Shirt,0,0,0,2024-06-01
p_csr594d6ws,Heather Navy Loungewear Jogger,Sweatpants & Joggers,0,0,0,2024-06-01
p_mxsupz7eaq,Navy Coaches Jacket,Jacket,0,0,0,2024-06-01
p_n6kve3ddkw,Heather Navy Long Sleeve Ripstop Commuter Shirt,Shirt,0,0,0,2024-06-01
p_d47n8u8fab,Black Long Sleeve Henley,Shirt,0,0,0,2024-06-01
p_n52bwwvypc,White Active Crew Socks 3-Pack,Socks,0,0,0,2024-06-01
p_aw48ckctp9,Shorts | Active | Quick Dry Short with Liner | Burgundy,Swim Shorts,0,0,0,2024-06-01
p_a7p3mw83t9,Heather Military Green Active Long Sleeve Crew Neck,T-Shirts,0,0,0,2024-06-01
p_ch7bwuavhv,Heather Gray Sweater Scarf,Scarf,0,0,0,2024-06-01
p_fsar8whm4b,Dark Oak Waffle Hoodie,Hoodie,0,0,0,2024-06-01
p_2432p8f6a5,"Shorts | Active Training | 7"" | Navy",Shorts,0,0,0,2024-06-01
p_nqbh5bzsfh,Heather Gray Long Sleeve Polo,Polos,0,0,0,2024-06-01
p_64vbv6tpdm,Heather Gray Fleece French Terry Shorts,Shorts,0,0,0,2024-06-01
p_pgq6zgcvgq,Black Fleece French Terry Short,Shorts,0,0,0,2024-06-01
p_3t9x6drd9q,Never Show Socks | 3-Pack | Black,Socks,0,0,0,2024-06-01
p_p54vvkv29d,Light Heather Gray Quarter Zip Performance Shirt,Athletic Tops,0,0,0,2024-06-01
p_7nraatq97j,Steel Short Sleeve Crew Neck T-Shirt,T-Shirts,0,0,0,2024-06-01
p_hdbwf4s669,Heather Gray Tall Straight Hem Crew Neck T-Shirt,T-Shirts,0,0,0,2024-06-01
p_5uvd4uv28m,Mahogany Waffle Hoodie,Hoodie,0,0,0,2024-06-01
p_fm6edfx4ep,Military Green Fleece French Terry Jogger,Sweatpants & Joggers,0,0,0,2024-06-01
p_9f3wn27yj9,Indigo Rinse Slim Authentic Stretch Jeans,Jeans,0,0,0,2024-06-01
p_3kckyj2khu,Heather Navy Loungewear Short Sleeve Tee And Pant Set,Lounge Sweatpants & Joggers,0,0,0,2024-06-01
p_bmga62pefz,"Chino Shorts | Comfort | 9"" | Sandstone ",Shorts,0,0,0,2024-06-01
p_pxj9zkmurj,Hoodie | Active Comfort | Pullover | Charcoal Heather,Hoodie,0,0,0,2024-06-01
p_qh5ucmcku5,Military Green Waffle Hoodie,Hoodie,0,0,0,2024-06-01
p_heevyaqhce,"Shorts | Classic Twill | 9"" | Sandstone",Shorts,0,0,0,2024-06-01
p_6uh7rmkygu,Black Active Quick Dry Short with Liner,Swim Shorts,0,0,0,2024-06-01
p_ggkq2n25rk,Waffle Hoodie | Carbon,Hoodie,0,0,0,2024-06-01
p_h4edseg6hf,Heather Navy Active Comfort Pullover Hoodie,Hoodie,0,0,0,2024-06-01
p_75westm75x,Light Indigo Wash Straight Authentic Stretch Jeans,Jeans,0,0,0,2024-06-01
p_55tcz9qg6f,Black Boxer Briefs 3-Pack,Underwear,0,0,0,2024-06-01
p_2mwcc7hpkx,Light Heather Gray Sleeveless Active Muscle Tee,Tank Top,0,0,0,2024-06-01
p_n2cq64ucyu,"Chino Shorts | Comfort | 9"" | Sapphire",Shorts,0,0,0,2024-06-01
p_ebtxk5mjkc,Teal Boxer Briefs 3-Pack,Underwear,0,0,0,2024-06-01
p_8an2wybh3y,Charcoal Heather Gray Active Comfort Short,Athletic Shorts,0,0,0,2024-06-01
p_e6aypq2yyn,Hoodie | Active Comfort | Full Zip | Charcoal Heather ,Hoodie,0,0,0,2024-06-01
p_8hbywkfrwc,Military Green Fleece French Terry Short,Shorts,0,0,0,2024-06-01
p_jdy7juawjw,Heather Gray Pique Crew Sweater,Knit Sweaters,0,0,0,2024-06-01
p_5z9rynrdat,Dark Oak Long Sleeve Waffle Crew,Sweatshirt,0,0,0,2024-06-01
p_aj728cj6p2,Reversible Casual Belt,Belt,0,0,0,2024-06-01
p_qjxt4q7gff,Military Green Coaches Jacket,Jacket,0,0,0,2024-06-01
p_fdgw8vn8mw,Indigo Wash Straight Fit Comfort Jeans,Jeans,0,0,0,2024-06-01
p_f3v8s3b963,Charcoal Heather Gray Loungewear Short Sleeve Tee And Pant Set,Sweatpants & Joggers,0,0,0,2024-06-01
p_3rcm54jqbs,Navy Waffle Hoodie,Hoodie,0,0,0,2024-06-01
p_23ej4qec4x,Jacket | Coaches | Khaki,Jacket,0,0,2,2024-07-01
p_23ubcbvz89,Socks | Never Show | 3-Pack | Heather Gray,Socks,0,0,0,2024-07-01
p_25hy766nzk,Short Sleeve T-Shirt | Crew Neck | Heather Cayenne,T-Shirts,11,1,5,2024-07-01
p_25m5nqdhtq,Jacket | Puffer | Gunmetal,Puffer Jackets,0,0,0,2024-07-01
p_25upswaptj,"Chino Shorts | Comfort | 7"" | Khaki",Shorts,0,0,1,2024-07-01
p_26dpvscejy,Chino Pants | Comfort | Navy,Pants,0,0,2,2024-07-01
p_26twzeayzk,Pullover Hoodie | Fleece French Terry | Black,Hoodie,0,0,0,2024-07-01
p_26x46r3gh3,Short Sleeve Polo Shirt | Tall | Carbon,Polos,0,0,5,2024-07-01
p_284qkebjr8,Short Sleeve Shirt | Polo | Heather Military Green,Polos,22,4,10,2024-07-01
p_28xdw49sqx,Short Sleeve T-Shirt | Crew Neck | Indigo,T-Shirts,3,1,11,2024-07-01
p_29wrd4wkfa,Long Sleeve Button Up Shirt | Pale Blue,Button Down Shirts,0,0,3,2024-07-01
p_2bkrkbfbk9,Classic Polarized Sunglasses | Black,Sunglasses,0,0,3,2024-07-01
p_2c7s8a7bmw,Jogger | Active | Heather Black ,Sweatpants & Joggers,7,1,6,2024-07-01
p_2cus7843n6,Long Sleeve Shirt | Crew Neck | White,Shirt,0,0,0,2024-07-01
p_2d43kb3hj3,Long Sleeve Shirt | Waffle | Crew Neck | Evergreen Heather,Sweatshirt,0,0,0,2024-07-01
p_2d9wqf9yrd,Puffer Vest | Navy,Outerwear Vests,0,0,0,2024-07-01
p_2eh6mejec7,Short Sleeve T-Shirt | Active | Crew | Dark Heather Cadet,T-Shirts,0,0,0,2024-07-01
p_2gwdmudpww,Long Sleeve Shirt | Crew Neck | Black,Shirt,0,0,0,2024-07-01
p_2hkre8aznc,Short Sleeve T-Shirt | Crew Neck | Tall | Round Hem | Military Green,T-Shirts,0,0,1,2024-07-01
p_2nzpxxx9qd,Long Sleeve T-Shirt | Tall | White,T-Shirts,0,0,0,2024-07-01
p_2qn4rb76qt, Long Sleeve T-Shirt | Crew Neck | Evergreen Heather,T-Shirts,0,0,0,2024-07-01
p_2sxe2kvxmc, Long Sleeve T-Shirt | Crew Neck | Burgundy,T-Shirts,0,0,0,2024-07-01
p_2uptnqrxy2,Hoodie | Active Comfort | Pullover | Black,Hoodie,0,0,2,2024-07-01
p_2wu3jtehp2,Short Sleeve T-Shirt | V-Neck | Navy,Shirt,0,0,0,2024-07-01
p_2wxxfw7mca,Shacket | Fleece | Dark Olive,Shirt Jackets,1,1,2,2024-07-01
p_2xrckgaktx,Short Sleeve T-Shirt | Crew Neck | Tall | Round Hem | White,T-Shirts,0,0,0,2024-07-01
p_349fd5fte5,Sweater | Crew Neck | Black,Knit Sweaters,0,0,0,2024-07-01
p_34upddt2cp,Short Sleeve T-Shirt | Tall Straight Hem Crew | Heather Gray,T-Shirts,0,0,0,2024-07-01
p_36tjt6cs8z,Sweater | Crew Neck | Heather Gray Pique,Knit Sweaters,0,0,0,2024-07-01
p_395td7np9f,Short Sleeve Shirt | Polo | Tall | Heather Military Green,Polos,0,0,0,2024-07-01
p_39k28x38p7,Short Sleeve Shirt | Polo | Light Heather Gray ,Polos,0,0,0,2024-07-01
p_3aup7bbqg3,Long Sleeve T-Shirt | Tall | Carbon,Shirt,0,0,0,2024-07-01
p_3dh3myqfyq,Polo Shirt | Charcoal Heather Gray,Polos,0,0,0,2024-07-01
p_3fgxkpaxye, Short Sleeve Shirt | Polo | Heather Seafarer,Polos,0,0,5,2024-07-01
p_3h5wxbdgfn,Long Sleeve Polo Shirt | White,Polos,0,0,0,2024-07-01
p_3hycs4vyy4,Zip Hoodie | Fleece French Terry | Mahogany,Hoodie,0,0,0,2024-07-01
p_3mznzzvw2f,T-Shirt | Round Hem | Tall | Carbon,T-Shirts,0,0,2,2024-07-01
p_3pkg63ym5k,"Shorts | Active Training | 7"" | Steel",Shorts,0,0,3,2024-07-01
p_3pskc4cwbp,"Shorts | Classic Twill | 9"" Khaki",Shorts,0,0,3,2024-07-01
p_3shyn5zkky,T-Shirt | Tall | Crew Neck | Charcoal Heather Gray,T-Shirts,9,1,5,2024-07-01
p_3wdph5p4a5,Vest | Puffer | Gunmetal,Outerwear Vests,0,0,0,2024-07-01
p_3wz546brng,Pullover Hoodie | Fleece French Terry | Military Green,Hoodie,0,0,0,2024-07-01
p_3xnj548f3x,Short Sleeve T-Shirt | Crew Neck | Tall | Sapphire,T-Shirts,6,1,2,2024-07-01
p_3zf2yh34hr,Short Sleeve Shirt | Polo | Dark Olive,Polos,0,0,0,2024-07-01
p_42exp9424a,Short Sleeve T-Shirt | Active | Crew | Light Heather Gray,T-Shirts,0,0,0,2024-07-01
p_47meu4bybx,"Chino Shorts | Comfort |  9"" | Ivory",Shorts,0,0,0,2024-07-01
p_47uf2puagk,"Shorts | Classic Twill | 7"" | Navy",Shorts,0,0,0,2024-07-01
p_487dnzupxz,Short Sleeve Polo Shirt | Tall | Military Green,Polos,0,0,1,2024-07-01
p_4axmubbqfb,Jeans | Comfort | Slim Fit | Medium Indigo Wash,Jeans,0,0,1,2024-07-01
p_4fs9u74y4x,Long Sleeve T-Shirt | Crew Neck | Heather Indigo,T-Shirts,0,0,0,2024-07-01
p_4juc2hdg85,Short Sleeve T-Shirt | Crew Neck | Tall | Straight Hem,T-Shirts,16,2,10,2024-07-01
p_4krqrmhc8s, Sleeveless Muscle Tee | Active | Charcoal Heather Gray,Athletic Tops,0,0,4,2024-07-01
p_4m97kku3wq,Short Sleeve T-Shirt | Crew Neck | Tan 499,T-Shirts,10,2,8,2024-07-01
p_4pdddcg9t6,Long Sleeve T-Shirt | Crew Neck | Heather Military Green,T-Shirts,0,0,1,2024-07-01
p_4qvba3a9f7,Short Sleeve T-Shirt | Crew Neck | Off White,T-Shirts,0,0,0,2024-07-01
p_4rudftw6u6,Short Sleeve T-Shirt | V-Neck | Lilac Gray,T-Shirts,0,0,0,2024-07-01
p_4tw7w4865y,Jeans | Comfort | Slim Fit | Medium Gray Wash,Jeans,0,0,2,2024-07-01
p_4xmfcxsvq4,Puffer Jacket | Hooded | Black,Puffer Jackets,0,0,0,2024-07-01
p_4yh4m8q3v7,Puffer Jacket | Navy,Puffer Jackets,0,0,1,2024-07-01
p_56qjzafa6s,Short Sleeve Shirt | Button Up | Carbon,Button Down Shirts,0,0,2,2024-07-01
p_56zbdasvhd,"Chino Shorts | Comfort | 9"" | Sapphire",Shorts,0,0,0,2024-07-01
p_59st4ejx9g,Short Sleeve T-Shirt | Crew Neck | Heather Graphite,T-Shirts,14,2,5,2024-07-01
p_5a5sfcgqkq,Long Sleeve T-Shirt | Active | Crew Neck | Heather Burg,T-Shirts,0,0,0,2024-07-01
p_5bvpjy99x9,Jacket | Active | Ivory,Jacket,0,0,0,2024-07-01
p_5e7t6v6gv8,Short SleeveT-Shirt | V-Neck | Heather Sapphire,T-Shirts,0,0,1,2024-07-01
p_5ek32kjgzp,Shorts | Active | Quick Dry with Liner | Navy,Swim Shorts,0,0,0,2024-07-01
p_5f676x59tf,Long Sleeve Tee | Loungewear | Heather Navy,T-Shirts,0,0,0,2024-07-01
p_5gc6jyy4vw,Short Sleeve T-Shirt | Tall | Crew Round Hem | Heather Navy ,T-Shirts,0,0,1,2024-07-01
p_5kpddtqty2,Long Sleeve Crew Neck | Active | Heather Navy ,T-Shirts,0,0,0,2024-07-01
p_5kr9enrf6j,Short Sleeve Tee | Loungewear | Charcoal Heather Gray,T-Shirts,0,0,0,2024-07-01
p_5p5sgcwp5f,"Shorts | Active Training | 7"" | Navy",Shorts,0,0,1,2024-07-01
p_5pqpzmazbr,Long Sleeve Button Up Shirt | Carbon,Button Down Shirts,0,0,0,2024-07-01
p_5q6tnqwruf,Long Sleeve Shirt | Active | Crew Neck | Heather Light Gray ,T-Shirts,0,0,0,2024-07-01
p_5q95b4bjyg,Short Sleeve T-Shirt | Crew Neck | Burgundy,T-Shirts,0,0,2,2024-07-01
p_5rc5ezqwny,Short Sleeve Shirt | Polo | Heather Gray,Polos,0,0,0,2024-07-01
p_5za8gj7unh,"Chino Shorts | Comfort | 9"" | Khaki",Shorts,0,0,1,2024-07-01
p_624s29xq4x,Sweater Scarf | Black,Scarf,0,0,0,2024-07-01
p_6b6wk8uxa6,Chino Pants | Comfort | Military Green,Pants,0,0,0,2024-07-01
p_6b99p4bqsk,Short Sleeve Polo Shirt | Mahogany,Polos,0,0,0,2024-07-01
p_6bn53rdnz2,"Shorts | Classic Twill | 9"" | Navy",Shorts,0,0,0,2024-07-01
p_6bppe3h2jj,Chino Pants | Slim Twill | Centurion,Pants,0,0,0,2024-07-01
p_6c6nrcr2c3, Short Sleeve T-Shirt | Active Crew Neck | Charcoal Heather Gray,T-Shirts,0,0,1,2024-07-01
p_6ccw4zmdj6,Short Sleeve T-Shirt | Crew Neck | Tall | Round Hem | Bluestone,T-Shirts,0,0,3,2024-07-01
p_6cj8gtxf2x, Long Sleeve T-Shirt | Tall | Heather Gray,Shirt,0,0,0,2024-07-01
p_6e9uas44v6,Short Sleeve T-Shirt | V-Neck | Heather Voyager,T-Shirts,0,0,0,2024-07-01
p_6hvvy94kq4,Short Sleeve Polo Shirt | White,Polos,0,0,0,2024-07-01
p_6k245nh69q,Long Sleeve T-Shirt | Crew Neck | Crimson,T-Shirts,0,0,0,2024-07-01
p_6kxr6rztwd,"Chino Shorts | Comfort | 7"" | Slate Green",Shorts,0,0,0,2024-07-01
p_6mr5zpx479,Jeans | Comfort | Straight Fit | Indigo Wash,Jeans,0,0,5,2024-07-01
p_6njreat3aq,Short Sleeve T-Shirt | Active Crew Neck | Dark Heather Cocoa,T-Shirts,0,0,0,2024-07-01
p_6q2v79acx5,Short Sleeve T-Shirt | V-Neck | Light Blue ,T-Shirts,0,0,0,2024-07-01
p_6ra9g27e7u,Shorts | Active | Quick Dry with Liner | Burgundy,Swim Shorts,0,0,0,2024-07-01
p_6sdgsje2m3,Mahogany Fleece French Terry Jogger,Sweatpants & Joggers,0,0,0,2024-07-01
p_6suxvjsvfc,Short Sleeve T-Shirt | Tall Round Hem Crew | Heather Indigo ,T-Shirts,0,0,1,2024-07-01
p_6svhrtmsn3,Bomber Jacket | Navy,Bomber Jackets,0,0,2,2024-07-01
p_6wj7x98tcn,Sweatshirt | Active Comfort | Crew | Heather Navy,Sweatshirt,0,0,0,2024-07-01
p_6wnwzma24v,Long Sleeve Button Up Shirt | Stretch Oxford | Black,Button Down Shirts,9,1,1,2024-07-01
p_6zjn28jf23,Long Sleeve T-Shirt | Crew Neck | Military Green,Shirt,0,0,0,2024-07-01
p_73kjt62een,Short Sleeve Shirt | Polo | Heather Cayenne,Polos,0,0,1,2024-07-01
p_73vqwcfbpf,Short Sleeve Active Polo Shirt | Charcoal Heather Gray,Polos,0,0,0,2024-07-01
p_74gmgsy6yv,Shorts | Fleece French Terry | Navy,Shorts,0,0,0,2024-07-01
p_75cz36rfz9,Hoodie | Sweater | Heather Gray,Hoodie,0,0,0,2024-07-01
p_76w9v5r9gp,Crew Sweater | Heather Camel Pique,Knit Sweaters,0,0,0,2024-07-01
p_77barf9kfn,Long Sleeve Shirt | Waffle Crew | Mahogany,Sweatshirt,0,0,0,2024-07-01
p_79pyfxzssb,Short Sleeve T-Shirt | V-Neck | Indigo,T-Shirts,0,0,0,2024-07-01
p_7bmuq9q6qw,Long Sleeve Shirt | Ripstop Commuter | Heather Navy ,Shirt,0,0,0,2024-07-01
p_7cvqeq727k,Long Sleeve Shirt | Polo | Heather Gray,Polos,0,0,0,2024-07-01
p_7dyz93zegj,"Shorts | Active Training | 7"" | Sapphire",Athletic Shorts,0,0,1,2024-07-01
p_7kzk6kwsxk,Sweater Hoodie | Oatmeal,Hoodie,0,0,1,2024-07-01
p_7pvp4dcq5n,Shorts | Active | Quick Dry with Liner | Carbon,Swim Shorts,0,0,2,2024-07-01
p_7rzxq9sd8n,Never Show Socks | 3-Pack | Black,Socks,0,0,0,2024-07-01
p_7tce4kfut5,Sweater | Crew Neck | Heather Oatmeal,Knit Sweaters,0,0,0,2024-07-01
p_7y7ms9wtr4,Shorts | Active Comfort | Black,Shorts,0,0,2,2024-07-01
p_82erf6xepz,Pants | Commuter | Carbon,Pants,0,0,1,2024-07-01
p_8497zwuxp3,Pullover Sweatshirt | Crew Neck | Fleece French Terry | Mahogany,Sweatshirt,0,0,0,2024-07-01
p_84w66d79b8,Pants | Comfort Chino | Black,Pants,0,0,0,2024-07-01
p_84xru5kzx9,Short Sleeve T-Shirt | Crew Neck | Heather Dusty Pink,T-Shirts,0,0,0,2024-07-01
p_85skykpy7r,Short Sleeve Button Up Shirt | Commuter | Black,Button Down Shirts,10,1,11,2024-07-01
p_8d5cs572ku,Short Sleeve T-Shirt | Crew Neck | Evergreen Heather,T-Shirts,0,0,0,2024-07-01
p_8jmz33scf8,Sweatshirt | Pullover Crew Neck | Fleece French Terry | Black,Sweatshirt,0,0,1,2024-07-01
p_8nhyuguh4z,Chino Pants | Slim | Twill | Black,Pants,0,0,0,2024-07-01
p_8nnyqj3ewe,Short Sleeve T-Shirt | Round Hem | Tall | Heather Emerald ,T-Shirts,0,0,2,2024-07-01
p_8nxyvmkrbc,Loungewear Pants | Heather Navy,Pants,0,0,0,2024-07-01
p_8p9z2j6eqt,Short Sleeve T-Shirt | V-Neck | Burgundy,T-Shirts,0,0,0,2024-07-01
p_8pczdfc69m,Short Sleeve Shirt | Active Polo | Heather Cocoa ,Polos,19,2,13,2024-07-01
p_8q3s9r6qwu,Hoodie | Active Comfort | Full Zip | Black,Hoodie,0,0,1,2024-07-01
p_8q6fwp8wgq,Short Sleeve Polo Shirt | Yellow,Polos,0,0,0,2024-07-01
p_8q6kvd32nc,Hoodie | Zip | Fleece French Terry | Military Green,Hoodie,0,0,1,2024-07-01
p_8rbvhb5tdc,Short Sleeve T-Shirt | Crew Neck | White,Shirt,0,0,0,2024-07-01
p_8tryb2ahrp,Shirt | Active Polo | Dark Heather Cocoa,Polos,0,0,0,2024-07-01
p_8v2uvftad7,Short Sleeve T-Shirt | Crew Neck | Light Heather Gray ,T-Shirts,4,1,2,2024-07-01
p_8vx6ygsmsd,Long Sleeve T-Shirt | Hooded | Heather Gray ,Hoodie,0,0,0,2024-07-01
p_8y5vsf82td,Short Sleeve T-Shirt | Crew Neck | Heather Emerald,T-Shirts,0,0,0,2024-07-01
p_92fw37ajex,Short Sleeve T-Shirt | Tall | Crew Neck | Heather Seafarer,Shirt,0,0,0,2024-07-01
p_92vf4hpdrt,Short Sleeve Button Up Shirt | Commuter | White,Button Down Shirts,0,0,2,2024-07-01
p_955cnseek9,Long Sleeve t-Shirt | Crew | Light Heather Gray,T-Shirts,0,0,1,2024-07-01
p_95axe6dfn6,Short Sleeve T-Shirt | Active | Crew Neck | Heather Navy,T-Shirts,0,0,1,2024-07-01
p_9744mpdv5n,Long Sleeve Shirt | Charcoal Heather Gray,Shirt,0,0,0,2024-07-01
p_9a5tjqerw5,"Shorts | Classic Twill | 9"" | Meadow",Shorts,0,0,0,2024-07-01
p_9absn9mpzt,Chino Pants | Comfort | Suede Brown,Pants,0,0,0,2024-07-01
p_9attt36kqt,Blazer | Black,Blazer,0,0,6,2024-07-01
p_9fu3j9tbue,Short Sleeve T-Shirt | Crew Neck | Tall | Round Hem | Military Green,T-Shirts,5,1,1,2024-07-01
p_9m3e7uj62s,Joggers | Active | Dark Heather Military Green,Sweatpants & Joggers,0,0,0,2024-07-01
p_9mtccasba9,Hoodie | Waffle | Dark Oak,Hoodie,1,1,1,2024-07-01
p_9nq4jjbkbr,Puffer Jacket | Military Green,Puffer Jackets,0,0,0,2024-07-01
p_9p8bns7rmp,Socks | Active | Crew | 3-Pack | Heather Gray ,Socks,0,0,0,2024-07-01
p_9tz4xs4maw,Long Sleeve Button Up Shirt | Commuter | Carbon,Button Down Shirts,0,0,0,2024-07-01
p_9xxg4dd5wv,Long Sleeve T-Shirt | | Crew Neck | Tall | Navy,Shirt,0,0,0,2024-07-01
p_9y7cp9jumm,"Shorts | Classic Twill | 9"" | Sandstone",Shorts,0,0,0,2024-07-01
p_9y7p8njxta,Long Sleeve T-Shirt | Crew Neck | Deep Sea Blue Heather ,T-Shirts,0,0,1,2024-07-01
p_a2wcem7cms,Short Sleeve T-Shirt | V-Neck | Heather Burgundy,T-Shirts,0,0,0,2024-07-01
p_a66qgjtv8u, Sleeveless Muscle Tee | Active | Heather Cadet,Athletic Tops,0,0,2,2024-07-01
p_a69bzurkgs,Joggers | Active | Black,Sweatpants & Joggers,0,0,1,2024-07-01
p_a6yxedr8jx, Short Sleeve  T-Shirt | V-Neck | Dark Purple,T-Shirts,0,0,0,2024-07-01
p_aaa5u2senn,Jeans | Comfort | Slim Fit | Black Wash,Jeans,0,0,0,2024-07-01
p_accagka8uw,Dress Belt | Reversible,Belt,0,0,2,2024-07-01
p_ae6rxxhgmc,Long Sleeve Chambray Shirt | Medium Indigo Wash,Shirt,0,0,0,2024-07-01
p_agkp4c43e4,Pullover Hoodie | Active Comfort | Charcoal Heather,Hoodie,0,0,0,2024-07-01
p_aj2ry7xdv9,"Chino Shorts | Comfort | 7"" | Rosewood",Shorts,0,0,0,2024-07-01
p_anqd83cjye,Long Sleeve Crew Neck | Waffle | Military Green,Sweatshirt,0,0,0,2024-07-01
p_ar4zzgjk5p,Short Sleeve T-Shirt | Crew Neck | Periwinkle Blue,T-Shirts,0,0,0,2024-07-01
p_arxdch5qcv,"Chino Shorts | Comfort | 9"" | Military Green",Shorts,0,0,0,2024-07-01
p_auux7guqn5,Sleeveless Muscle Tee | Active | Heather Forest,Athletic Tops,0,0,0,2024-07-01
p_av6ja2w28x,Sweatshirt | Active Comfort | Crew Neck | Charcoal Heather,Athletic Tops,0,0,0,2024-07-01
p_avsdr3kjaw,Boxer Briefs | Military Green | 3-Pack,Underwear,0,0,0,2024-07-01
p_awt8ehv6fc,Short Sleeve Shirt | Polo | Tall | Heather Gray ,Polos,0,0,1,2024-07-01
p_axzk47pvme,Boxer Briefs | Teal | 3-Pack,Underwear,0,0,0,2024-07-01
p_aytxzkck8x,"Shorts | Classic Twill | 7"" | Black",Shorts,0,0,1,2024-07-01
p_b2wv3hqta7,"Shorts | Classic Twill | 9"" | Centurion",Shorts,0,0,2,2024-07-01
p_b3ppfm2vay,Long Sleeve Shirt | Waffle | Crew Neck | Dark Olive,Shirt,0,0,0,2024-07-01
p_bdbtrvs35c,Joggers | Active | Charcoal Heather Gray,Sweatpants & Joggers,0,0,0,2024-07-01
p_bdybxrzhhw,Hoodie | Pullover | Fleece French Terry | Heather Gray,Hoodie,0,0,0,2024-07-01
p_behk4g2psv,Short Sleeve T-Shirt | V-Neck | Heather Gray,T-Shirts,0,0,0,2024-07-01
p_bg7f7edphc,Shorts | Active Comfort | Stone Blue,Shorts,0,0,1,2024-07-01
p_bhfd33ejhy,Short Sleeve Shirt | Polo | Indigo,Polos,0,0,1,2024-07-01
p_bj4epra3sv,Shorts | Fleece French Terry | Black,Shorts,0,0,0,2024-07-01
p_bjecaeres5,Socks | Active | Never Show | 3-Pack | Heather Gray,Socks,0,0,0,2024-07-01
p_bn49najk97,Jeans | Comfort | Straight Fit | Gray Wash ,Jeans,0,0,5,2024-07-01
p_bp7w9cp3k9,Pants | Commuter | Black,Pants,0,0,0,2024-07-01
p_bptwztkuks,Short Sleeve Polo Shirt | Active | Navy,Polos,0,0,0,2024-07-01
p_brwwn6xkwh,Long Sleeve Henley | Military Green,T-Shirts,0,0,0,2024-07-01
p_btfq53bzn6,Short Sleeve Polo Shirt | Active | White,Polos,0,0,0,2024-07-01
p_bvsv82u2jt,Hoodie | Zip | Fleece French Terry | Dark Oak,Hoodie,0,0,0,2024-07-01
p_bxnehsqcdv,Short Sleeve Shirt | Active Polo | Heather Navy ,Polos,0,0,1,2024-07-01
p_bxpjzp3q34,Sweater Hoodie | Black,Hoodie,0,0,0,2024-07-01
p_byy2kmxasx,Long Sleeve Shirt | Lightweight Flannel | Navy,Shirt,0,0,0,2024-07-01
p_bz2jmxhgzb,Joggers | Fleece French Terry | Heather Gray,Sweatpants & Joggers,0,0,2,2024-07-01
p_c4xj5zhjn2,Button Up Shirt | Sweater | Heather Navy ,Button Down Shirts,0,0,0,2024-07-01
p_cbxu2v3ntm,Short Sleeve T-Shirt | Active | Crew Neck | Military Green,T-Shirts,0,0,1,2024-07-01
p_cc9s42vn4x,Short Sleeve Tee And Pant Set | Loungewear | Charcoal Heather Gray,Sweatpants & Joggers,0,0,0,2024-07-01
p_ccse4psnan,Long Sleeve Shirt | Crew Neck | Heather Navy ,T-Shirts,0,0,0,2024-07-01
p_ce7amvu2k2,Short Sleeve T-Shirt | V-Neck | Light Heather Gray,T-Shirts,0,0,0,2024-07-01
p_cfg5xu3gvw,Short Sleeve T-Shirt | Crew Neck | Dark Olive,T-Shirts,0,0,0,2024-07-01
p_cgxstjpjhj,Short Sleeve T-Shirt | Crew Neck | Light Khaki ,T-Shirts,0,0,0,2024-07-01
p_ch6qn6a8en,Short Sleeve T-Shirt | V-Neck | Military Green,T-Shirts,0,0,0,2024-07-01
p_cje82wcjgv,Short Sleeve T-Shirt | Active | Crew Neck | Iron Gray,T-Shirts,3,1,1,2024-07-01
p_cjzvdmswjf,Hoodie | Active | White,Hoodie,0,0,0,2024-07-01
p_cn8axvjmp9,Comfort Short | Active | Charcoal Heather Gray,Athletic Shorts,0,0,2,2024-07-01
p_cnrb9yncvy,Sock | Half Crew | White | 3-Pack,Socks,0,0,0,2024-07-01
p_cpfjz5js6m,Shirt | Performance | Quarter Zip | Light Heather Gray ,Athletic Tops,0,0,0,2024-07-01
p_ct8bqyz5rd,Bomber Jacket | Black,Bomber Jackets,0,0,5,2024-07-01
p_ctw749pxad,Long Sleeve T-Shirt | Crew Neck | Heather Burgundy,T-Shirts,0,0,0,2024-07-01
p_cty4s4ehz9,Short Sleeve T-Shirt | V-Neck | Orange,T-Shirts,0,0,1,2024-07-01
p_cve5gy56m8,Short Sleeve T-Shirt | V-Neck | Heather Dark Oak,T-Shirts,0,0,0,2024-07-01
p_cvrhss99ts,hort Sleeve T-Shirt | V-Neck | Heather Dark Orchid,Shirt,0,0,0,2024-07-01
p_cz4mtzemgt,Hoodie | Zip | Fleece French Terry | Heather Gray,Hoodie,0,0,0,2024-07-01
p_d3c8r9bpvv,Jeans | Authentic Stretch | Slim | Medium Indigo Wash,Jeans,0,0,6,2024-07-01
p_dbcpnaxxzz,Boxer Briefs | Navy | 3-pack,Underwear,0,0,0,2024-07-01
p_dbg2vhd8gn, Long Sleeve T-Shirt | Crew Neck | Waffle | Navy,Sweatshirt,0,0,0,2024-07-01
p_dcfsb4qj5s,Dress Shirt | Performance Lightweight | Carbon,Button Down Shirts,0,0,2,2024-07-01
p_dcqnnrpypu,Long Sleeve Tee And Jogger Set | Loungewear | Charcoal Heather Gray,Sweatshirt,0,0,0,2024-07-01
p_dd7ynwa46b,Jacket | Coaches | Military Green,Jacket,0,0,1,2024-07-01
p_ddgsdeyzu9,Long Sleeve Shirt | Henley | Heather Gray,T-Shirts,0,0,0,2024-07-01
p_dks9q92uqc,Short Sleeve T-Shirt | Tall | Round Hem | Heather Gray ,T-Shirts,0,0,1,2024-07-01
p_dnq23rfcgu,"Shorts | Training | 7"" 2-in-1 | Carbon",Athletic Shorts,0,0,4,2024-07-01
p_dny6u2yy3n,Short Sleeve T-Shirt | Active | Crew Neck | Heather Burgundy,T-Shirts,0,0,0,2024-07-01
p_dpgtwv5dut,Short Sleeve | Polo | Tall | Heather Cayenne,Polos,0,0,0,2024-07-01
p_dqknx7njuf, Short Sleeve Shirt | Polo | Heather Slate Green,Polos,0,0,1,2024-07-01
p_dr2dsqwwjd,Dress Shirt | Performance Lightweight | Navy,Button Down Shirts,0,0,0,2024-07-01
p_drc7rrjfsv,Long Sleeve T-Shirt | Mahogany,Shirt,0,0,0,2024-07-01
p_dvj7aj4rxq,Sweatshirt | Crew | Fleece French Terry | Heather Gray ,Sweatshirt,0,0,1,2024-07-01
p_dwbw45rvge,Jacket | Hooded Puffer | Navy,Puffer Jackets,0,0,0,2024-07-01
p_dxzcer2fk8,Short Sleeve T-Shirt | Crew Neck | Heather Slate Green,T-Shirts,18,2,3,2024-07-01
p_dy7mjs4bpm,Sleeveless Muscle Tee | Active | Light Heather Gray,Tank Top,0,0,10,2024-07-01
p_e2426ac79u,Long Sleeve T-Shirt | Active | Crew | Dark Heather Tempest,Sweatshirt,0,0,0,2024-07-01
p_e34ttzx6kf,Short Sleeve T-Shirt | Crew Neck | True Red,T-Shirts,0,0,0,2024-07-01
p_e3w27784ez, Long Sleeve Shirt | Lightweight Flannel | Heather Gray,Button Down Shirts,0,0,1,2024-07-01
p_e58dmnpc9e,Joggers | Fleece French Terry | Navy,Sweatpants & Joggers,0,0,0,2024-07-01
p_e6pz5d7uh9,Sweater Fleece Jacket | Navy,Hoodie,0,0,0,2024-07-01
p_ea2gekbzfm,Long Sleeve Shirt | Crew Neck | Heather Gray,T-Shirts,0,0,0,2024-07-01
p_ef9p26sqwv,Jacket | Coaches | Navy,Jacket,0,0,3,2024-07-01
p_eg72spursx,Half Crew Sock | 3-Pack | Black,Socks,0,0,0,2024-07-01
p_egd9fym6xg,Pants | Commuter | Navy,Pants,0,0,0,2024-07-01
p_egq2tewvm7,Long Sleeve Henley | Black,T-Shirts,0,0,1,2024-07-01
p_en8vndps74,"Chino Shorts | Comfort | 9"" | Navy",Shorts,0,0,2,2024-07-01
p_encznv79zd,Loungewear Jogger | Charcoal Heather Gray,Sweatpants & Joggers,0,0,1,2024-07-01
p_enhxmmv3xa,Short Sleeve Polo Shirt | Tall | Black,Polos,0,0,0,2024-07-01
p_ens5k22dee,Jacket | Coaches | Black,Jacket,0,0,2,2024-07-01
p_epuubwwz7s,Shorts | Fleece French Terry | Military Green,Shorts,0,0,0,2024-07-01
p_erspmns4ce,Short Sleeve T-Shirt | V-Neck | Heather Seafarer,Shirt,0,0,0,2024-07-01
p_ewa8pkqm8u,Joggers | Fleece French Terry | Military Green,Sweatpants & Joggers,0,0,3,2024-07-01
p_eyc8fnh7za,Short Sleeve T-Shirt | Crew Neck | Heather Purple,T-Shirts,0,0,0,2024-07-01
p_ez9ax3esv6,Long Sleeve T-Shirt | Crew Neck | Emerald,T-Shirts,0,0,0,2024-07-01
p_ezjsg82fk7,Short Sleeve Shirt | Sweater Polo | Garnet ,Polos,0,0,2,2024-07-01
p_f3zjdpjr6y,Ankle Socks | Active | White | 3-Pack,Socks,0,0,0,2024-07-01
p_f7jft6kfqg,Long Sleeve Shirt | Chambray | Light Indigo Wash,Shirt,0,0,0,2024-07-01
p_f8nexh4476,Short Sleeve | Shirt | Active | Crew Neck | Heather Navy,T-Shirts,0,0,0,2024-07-01
p_f8rywmvjsy,"Chino Shorts | Comfort | 7"" | Sapphire",Shorts,0,0,0,2024-07-01
p_f92h3kv2cv,Short Sleeve T-Shirt | Crew Neck | Heather Pale Blue,T-Shirts,19,2,3,2024-07-01
p_fbcq86jv23,Short Sleeve T-Shirt | V-Neck | Heather Dusty Pink,T-Shirts,0,0,0,2024-07-01
p_fc9era585c,Jacket | Active | Black,Athletic Jackets,0,0,0,2024-07-01
p_fcgghnz6fh,Beanie | Sweater | Evergreen,Beanie,0,0,2,2024-07-01
p_fcv57d39m8,Short Sleeve T-Shirt | V-Neck | Carbon,T-Shirts,0,0,0,2024-07-01
p_fhdff8x3jt,"Shorts | Classic Twill | 7"" | Harbor",Shorts,0,0,5,2024-07-01
p_fpmkw85rke,Short Sleeve Polo Shirt | Black,Polos,6,1,8,2024-07-01
p_fsr8s5rfne,Short Sleeve T-Shirt | Active | Crew Neck | Tall | Navy,T-Shirts,0,0,3,2024-07-01
p_fvgyjfheyt,Shorts | Commuter | Sandstone,Shorts,0,0,1,2024-07-01
p_fx25mpavbf,Long Sleeve T-Shirt | Hooded | Black,T-Shirts,0,0,2,2024-07-01
p_fyejvaduhb,Active Joggers | Stone Blue,Sweatpants & Joggers,0,0,1,2024-07-01
p_fzwwcz6x6s,Short Sleeve T-Shirt | Crew Neck | Heather Sage,T-Shirts,0,0,0,2024-07-01
p_g2f7b4qvq8,Short Sleeve T-Shirt | Crew Neck | Kelly Green,T-Shirts,0,0,0,2024-07-01
p_g4xkdswn5e,Shorts | Active Comfort | Heather Gray,Shorts,0,0,0,2024-07-01
p_g5xjgypbqs,Long Sleeve Button Up Shirt | Black,Button Down Shirts,0,0,0,2024-07-01
p_g6dg3x3nta,Sweater | Crew | Heather Navy Pique,Knit Sweaters,0,0,1,2024-07-01
p_gawdf2gbfa,Long Sleeve Polo Shirt | Black,Polos,0,0,0,2024-07-01
p_gbd3qsz25s,Short Sleeve T-Shirt | Crew Neck | Heather Charcoal Gray,T-Shirts,0,0,2,2024-07-01
p_gbh9ypmsjv,Long Sleeve Button Up Shirt | Do-It-All Comfort Heather Gray,Button Down Shirts,0,0,0,2024-07-01
p_gf9pckvcm8,Short Sleeve Polo Shirt | Carbon,Polos,0,0,3,2024-07-01
p_ggx5q9x8xm,Short Sleeve Neck T-Shirt |  Active | Heather Military Green,Shirt,0,0,1,2024-07-01
p_gmhetj6qvj,Long Sleeve Button Up Shirt | Stretch Oxford | Banker Blue,Button Down Shirts,0,0,1,2024-07-01
p_gqfhmx28rz,Short Sleeve T-Shirt | Crew Neck | Blue Quartz,T-Shirts,0,0,1,2024-07-01
p_gqs2hwpkjy, Long Sleeve Button Up Shirt | Commuter | Navy,Shirt,0,0,0,2024-07-01
p_guzmuvmxwg,Short Sleeve T-Shirt | Crew Neck | Heather Dark Orchid,T-Shirts,0,0,0,2024-07-01
p_gv8hh5kma3,Long Sleeve Button Up Shirt | Oxford | Stone Stretch,Button Down Shirts,0,0,0,2024-07-01
p_gvy838kdy9,Long Sleeve Button Up Sweater Shirt | Black + Carbon,Button Down Shirts,1,1,3,2024-07-01
p_gxqdqumwae,Short Sleeve T-Shirt | Crew Neck | Carbon,T-Shirts,26,4,21,2024-07-01
p_gzgm33n9cz,Short Sleeve Shirt | Active | Polo | Dark Heather Tempest,Polos,5,1,5,2024-07-01
p_gzymf76rmw,Jogger | Loungewear | Heather Navy,Sweatpants & Joggers,0,0,0,2024-07-01
p_h4877neu4n,Shorts | Commuter | Sandstone,Shorts,0,0,9,2024-07-01
p_h5b94d3deu,Short Sleeve Sweater | Polo | Centurion,Polos,0,0,0,2024-07-01
p_h644hfsgj7,Sweater Beanie | Black,Beanie,0,0,1,2024-07-01
p_h75hjs7973,Short Sleeve Shirt | Active | Polo | Heather Forest,Polos,1,1,9,2024-07-01
p_h9thpv33ux,Crew Socks | Active | 3-Pack | Black,Socks,0,0,0,2024-07-01
p_h9z43a8zde,Hoodie | Zip | Fleece French Terry | Navy,Hoodie,0,0,1,2024-07-01
p_haens7aj79,Short Sleeve Polo Shirt | Tall | Sapphire,Polos,0,0,0,2024-07-01
p_hc97kv4jxf,Short Sleeve T-Shirt | Crew Neck | Deep Sea Blue ,T-Shirts,7,1,6,2024-07-01
p_hed6qt6arh,Short Sleeve Polo Shirt | Raspberry,Polos,0,0,0,2024-07-01
p_hmkhv4g497,Short Sleeve T-Shirt | Crew Neck | Heather Indigo,T-Shirts,0,0,2,2024-07-01
p_hmp7dkjce9,"Chino Shorts | Comfort | 7"" | Carbon",Shorts,0,0,2,2024-07-01
p_hrqsaa2u6g,Loungewear Pant | Charcoal Heather Gray,Pants,0,0,0,2024-07-01
p_htnnbrvvmk,Short Sleeve T-Shirt | Active | Crew Neck | Carbon,T-Shirts,0,0,1,2024-07-01
p_hun6quaf8f,Jeans | Comfort | Slim Fit | Gray Wash,Jeans,0,0,2,2024-07-01
p_hv5d9t5gb4,Boxer Trunks | Black | 3-Pack,Underwear,0,0,1,2024-07-01
p_hvfwhakq9c,Long Sleeve Dress Shirt | Performance Lightweight | White,Button Down Shirts,0,0,2,2024-07-01
p_hvyht2dd2v,Chino Pant | Slim | Twill | Dark Oak,Pants,0,0,5,2024-07-01
p_hz3svpszdm,Long Sleeve T-Shirt | Tall | Military Green,T-Shirts,0,0,0,2024-07-01
p_hzkzcd9ag9,Long Sleeve Commuter Shirt | Ripstop | Charcoal Heather Gray,Shirt,0,0,0,2024-07-01
p_j23j35syzx,Long Sleeve Chambray Shirt | Black Wash,Shirt,0,0,0,2024-07-01
p_j48puxsej5,"Shorts | Classic Twill | 7"" | Sandstone",Shorts,0,0,3,2024-07-01
p_j4bf77xx5v,"Chino Shorts | Comfort | 9"" | Black",Shorts,0,0,4,2024-07-01
p_j9ak85wp57,Shorts | Active | Quick Dry with Liner | Military Green,Shorts,1,1,3,2024-07-01
p_j9huduq2g2,Short Sleeve T-Shirt | Crew Neck | Tall | Straight Hem | White,T-Shirts,0,0,1,2024-07-01
p_ja9tudbs9q,Chino Pants | Straight | Twill | Dark Oak,Pants,0,0,5,2024-07-01
p_jc3jqkdafw,Short Sleeve Button Up Shirt | Commuter | White,Button Down Shirts,0,0,0,2024-07-01
p_jdmt24d7hn,Short Sleeve T-Shirt | Crew Neck | Pale Blue,T-Shirts,0,0,0,2024-07-01
p_jg78h55jmw,Beanie | Sweater | Heather Gray,Beanie,0,0,0,2024-07-01
p_jgnjyyepyv,Short Sleeve T-Shirt | Crew Neck | White,T-Shirts,0,0,6,2024-07-01
p_jj6vbqjbcj,Boxer Trunks | Navy | 3-Pack,Underwear,0,0,0,2024-07-01
p_jpmpa7s5yw,Short Sleeve T-Shirt | V-Neck | Heather Indigo ,T-Shirts,0,0,0,2024-07-01
p_jqam2z9s7w,"Chino Shorts | Comfort | 9"" | Ivory",Shorts,0,0,1,2024-07-01
p_jqxjnq8mc8,Straight Leg Pant | Active Comfort | Charcoal Heather,Sweatpants & Joggers,0,0,0,2024-07-01
p_jre675wesy,Short Sleeve Shirt | Polo | Tall | Heather Seafarer ,Polos,0,0,1,2024-07-01
p_juu2rq3qu8,Jeans | Straight | Authentic Stretch | Indigo Rinse,Jeans,0,0,2,2024-07-01
p_jwjqtb338j,Chino Pants | Comfort | Khaki,Pants,0,0,1,2024-07-01
p_jx3q5n329x,Chino Pants |  Straight | Twill | Khaki,Pants,0,0,2,2024-07-01
p_jybua995rp,Long Sleeve Button Up Shirt | White,Button Down Shirts,0,0,0,2024-07-01
p_jzwpw7njj6,Short Sleeve Shirt | Polo | Heather Voyager ,Polos,0,0,0,2024-07-01
p_k5hymg84ez,"Shorts | Training | 7"" | 2-in-1 Black",Athletic Shorts,0,0,13,2024-07-01
p_k6s6hftqfe,Pullover Hoodie | Fleece French Terry | Navy,Hoodie,0,0,1,2024-07-01
p_k727r3s7q8,Jogger | Fleece French Terry | Charcoal Heather Gray,Sweatpants & Joggers,0,0,0,2024-07-01
p_k8j2vzha5p,Boxer Briefs | 3-Pack | Burgundy,Underwear,0,0,0,2024-07-01
p_ka34xhhhr8,Boxer Briefs | 3-Pack | Indigo,Underwear,0,0,0,2024-07-01
p_ka5fa3ne6y,Slippers | Black,Slippers,15,1,3,2024-07-01
p_kajnxmygka,Short Sleeve T-Shirt | Crew Neck | Heather Military Green ,Shirt,0,0,0,2024-07-01
p_kaq2j39v2p,"Chino Shorts | Comfort | 7"" | Navy",Shorts,0,0,0,2024-07-01
p_katetzgtwe,Jeans | Straight | Authentic Stretch | Light Indigo Wash,Jeans,0,0,4,2024-07-01
p_kccxqadagn,Hoodie | Waffle | Navy,Hoodie,0,0,0,2024-07-01
p_kgcgy98rwb,Hoodie | Waffle | Heather Gray,Hoodie,2,1,5,2024-07-01
p_kkdff6r47e,Chino Pants | Slim Twill | Meadow,Pants,0,0,3,2024-07-01
p_krqrvpb5nk,Short Sleeve Sweater Polo Shirt | Black,Polos,0,0,1,2024-07-01
p_kv4qxkyavb,Chino Pants | Comfort | Carbon,Pants,0,0,5,2024-07-01
p_kvcynwabcy,"Chino Shorts | Comfort | 9"" | Sandstone",Shorts,0,0,0,2024-07-01
p_kvuhf7884a,Short Sleeve Shirt | Polo | Electric Blue ,Polos,0,0,0,2024-07-01
p_kzqm93unyy,Short Sleeve T-Shirt | Active | Crew Neck | Heather Cocoa,T-Shirts,0,0,7,2024-07-01
p_m26ckp2n6s,Short Sleeve T-Shirt | Tall | Crew Neck | Round Hem | Black,T-Shirts,0,0,4,2024-07-01
p_m26nune3tt,Sleeveless Muscle Tee | Active | Heather Cocoa,Tank Top,0,0,0,2024-07-01
p_m5f29n89jy,"Chino Shorts | Comfort | 9"" | Carbon",Shorts,0,0,0,2024-07-01
p_m5nrytn7g3,Boxer Briefs | Logo | 3-Pack | Black,Underwear,0,0,1,2024-07-01
p_m6x758mjvq,Short Sleeve Polo Shirt | Tall | White,Polos,0,0,0,2024-07-01
p_m753ak35t9,Long Sleeve Button Up Shirt | Stretch Oxford | Navy,Shirt,0,0,0,2024-07-01
p_m9zcd62yqy,Short Sleeve T-Shirt | Crew-Neck | Sandstone,T-Shirts,0,0,0,2024-07-01
p_mau5qbhasg,Short Sleeve Sweater Polo Shirt | Navy,Knit Sweaters,0,0,0,2024-07-01
p_mbdbf8ya5d,Long Sleeve Button Up Shirt | Sweater | Heather Gray,Button Down Shirts,1,1,2,2024-07-01
p_mdphbu2y54,Long Sleeve T-Shirt | Indigo,T-Shirts,0,0,0,2024-07-01
p_mef5fue56y,Dress Shirt | Lightweight Performance | Black,Button Down Shirts,0,0,0,2024-07-01
p_mjrxd2wgtf,Short Sleeve Polo Shirt | Active | Dark Heather Cocoa,Polos,0,0,1,2024-07-01
p_mkhh2ymk98,Sweatshirt | Active Comfort | Crew | Heather Navy,Sweatshirt,0,0,0,2024-07-01
p_mm5tbn6qza,Sweatshirt | Comfort Crew | Black,Sweatshirt,0,0,0,2024-07-01
p_mqgpa9st88,Short Sleeve T-Shirt | V-Neck | Heather Sapphire,T-Shirts,0,0,0,2024-07-01
p_mqhey6peq9,Pullover Sweatshirt | Crew Neck | French Terry,Sweatshirt,0,0,1,2024-07-01
p_msfd479sz8,Short Sleeve Button Up Shirt | Navy,Shirt,0,0,0,2024-07-01
p_mtqhyqahab,Heather Navy Active Comfort Pullover Hoodie,Hoodie,1,1,1,2024-07-01
p_mu7q5qx67m,Jeans | Comfort | Straight Fit | Black Wash,Jeans,0,0,5,2024-07-01
p_mvqwbcmhah,Short Sleeve T-Shirt | Tall Round Hem | Crew Neck | Charcoal,T-Shirts,0,0,2,2024-07-01
p_mwv4sjthwt,Short Sleeve Polo Shirt | Military Green,Polos,0,0,0,2024-07-01
p_mxpb4sqvry,Short Sleeve Shirt | Tall | Crew Neck | Charcoal Heather,T-Shirts,0,0,0,2024-07-01
p_mzcrkdhuvj,T-Shirt | Crew Neck | Tall | Round Hem | Light Heather Gray ,T-Shirts,0,0,0,2024-07-01
p_n3jnq4u8q7,Sweater | Crew Neck | Heather Gray,Knit Sweaters,0,0,0,2024-07-01
p_n6hvkgussy,Hoodie | Waffle | Carbon,Hoodie,7,2,7,2024-07-01
p_n7npmmnfq3,Bomber Jacket | Army Green,Bomber Jackets,0,0,1,2024-07-01
p_n9qtgjygdv,"Shorts | Active Training | 7"" | Sandstone",Athletic Shorts,0,0,2,2024-07-01
p_ncvpa3z4h7,Long Sleeve T-Shirt | Active | Crew | Dark Heather Cadet,T-Shirts,0,0,0,2024-07-01
p_ncwnq5usm5,"Shorts | Active Training | 7"" | Slate Green",Athletic Shorts,23,1,8,2024-07-01
p_ngbbqfwzd5,Long Sleeve Henley | Navy,Shirt,0,0,0,2024-07-01
p_nmb6y3r32b,Jogger | Fleece French Terry | Carbon,Sweatpants & Joggers,0,0,1,2024-07-01
p_npv4nzv5x2,Short Sleeve Polo Shirt | Sapphire,Polos,8,1,11,2024-07-01
p_npx42jpcmt,Shorts | Active Comfort | Dark Heather Military Green,Shorts,0,0,1,2024-07-01
p_nu9kcajw2z,"Chino Shorts | Comfort | 7"" | Black",Shorts,0,0,1,2024-07-01
p_nw97q8x9x2,Ankle Socks | 3-Pack | Heather Gray,Socks,0,0,0,2024-07-01
p_p29249kscd,Hoodie | Waffle | White,Hoodie,7,1,8,2024-07-01
p_p42j2ebh8r,Short Sleeve Button Up Shirt | White,Shirt,0,0,0,2024-07-01
p_p6zw3xeg4v,Short Sleeve T-Shirt | Crew Neck | Black,T-Shirts,33,4,26,2024-07-01
p_p7dtyf9kd8,Short Sleeve T-Shirt |  V-Neck | Heather Pale Blue,T-Shirts,0,0,0,2024-07-01
p_p8ep2jre98,Hoodie | Active | Black,Hoodie,0,0,0,2024-07-01
p_pds624ht98,Ankle Socks | Active | 3-Pack | Black,Socks,0,0,0,2024-07-01
p_pgvy4mwya6,Pullover Hoodie | Fleece French Terry | Carbon,Hoodie,1,1,2,2024-07-01
p_pjpnhtycns,Commuter Pants | Sandstone,Pants,0,0,0,2024-07-01
p_pkqtyg3hqm,Socks | Never Show | White | 3-Pack,Socks,0,0,0,2024-07-01
p_pqjyybc86f,Long Sleeve T-Shirt | Crew Neck | Waffle | Black,T-Shirts,0,0,0,2024-07-01
p_pqwkc9p2hu,Short Sleeve T-Shirt | Crew Neck | Heather Burgundy,T-Shirts,0,0,2,2024-07-01
p_pqxd5rn6d9,Short Sleeve Tee And Pant Set | Loungewear | Heather Navy,Lounge Sweatpants & Joggers,0,0,0,2024-07-01
p_prm2runmas,Long Sleeve Shirt | Henley | Carbon,T-Shirts,0,0,0,2024-07-01
p_prrc5xwre5,Shorts | Commuter | Khaki,Shorts,0,0,8,2024-07-01
p_ps2ys9u9da,Short Sleeve T-Shirt | Crew Neck | Steel,T-Shirts,0,0,1,2024-07-01
p_pxnmvcumyj,Long Sleeve Button Up Shirt | Do-It-All Comfort | Charcoal  ,Button Down Shirts,0,0,0,2024-07-01
p_pz6x448p9t,Short Sleeve Shirt | Sweater Polo | Heather Gray,Knit Tops,0,0,0,2024-07-01
p_pzg4uy9ru4,Short Sleeve Shirt | Active Polo | Heather Military Green ,Polos,0,0,0,2024-07-01
p_pznn6yemfk,Shirt | Performance | Quarter Zip | Heather Navy,Athletic Tops,0,0,0,2024-07-01
p_q2935cukf5,"Shorts | Classic Twill | 7"" | Khaki",Shorts,0,0,9,2024-07-01
p_q4h28hmd8q,Never Show Socks | Active | 3-Pack | Black,Socks,0,0,5,2024-07-01
p_q9e4tw2vgn,T-Shirt | Active | Crew Neck | Tall | Carbon,T-Shirts,0,0,2,2024-07-01
p_qcw7eb8td6,Hoodie | Active Comfort | Full Zip | Charcoal Heather Gray,Hoodie,0,0,0,2024-07-01
p_qek9etj5vj,Short Sleeve T-Shirt | Crew Neck | Heather Voyager,Shirt,6,1,0,2024-07-01
p_qhjjf5kjgd,"Chino Shorts | Comfort | 7"" | Rosewood",Shorts,0,0,0,2024-07-01
p_qr5wafyaq4,"Shorts | Classic Twill | 7"" | Moss",Shorts,0,0,1,2024-07-01
p_qsrzg2ce35,Short Sleeve T-Shirt | Crew Neck | Turquoise,T-Shirts,0,0,4,2024-07-01
p_qsxubmrtfw,Long Sleeve Tee | Loungewear | Charcoal Heather Gray,T-Shirts,0,0,0,2024-07-01
p_qtjb9pcnn3,Jacket | Active Shell | Heather Navy,Jacket,0,0,0,2024-07-01
p_qvscv7wqa7,Jogger | Fleece French Terry | Dark Oak,Sweatpants & Joggers,0,0,0,2024-07-01
p_qvxdc36tay,Bomber Jacket | Carbon,Bomber Jackets,0,0,1,2024-07-01
p_r3gbt3j2kw,Long Sleeve Button Up Shirt | Navy,Shirt,0,0,0,2024-07-01
p_r5du83g9df,Shorts | Active | Quick Dry with Liner | Black,Swim Shorts,2,1,6,2024-07-01
p_r5gttk27sm,Long Sleeve T-Shirt | Active | Crew Neck | White,Shirt,0,0,0,2024-07-01
p_r5xrp6kuxu,Short Sleeve Polo Shirt | True Red,Polos,0,0,0,2024-07-01
p_r9rn7a2dy5,"Shorts | Active Training | 7"" | Carbon",Shorts,0,0,2,2024-07-01
p_rd96dkwsx6,Boxer Trunks | 3-Pack | Carbon,Underwear,0,0,1,2024-07-01
p_rdac8nxqpc,Short Sleeve Sweater Polo | Navy,Polos,0,0,0,2024-07-01
p_rejmm7td92, Short Sleeve T-Shirt | V-Neck | Heather Mist,T-Shirts,0,0,1,2024-07-01
p_rezzg23bjy,Pullover Sweatshirt | Fleece French Terry | Navy,Sweatshirt,0,0,1,2024-07-01
p_rgamhxuwjz,Long Sleeve T-Shirt | Crew Neck | Carbon,Shirt,0,0,0,2024-07-01
p_rh632vzkvf,Short Sleeve T-Shirt | Crew Neck | Raspberry,T-Shirts,0,0,0,2024-07-01
p_rhexhysfzs,Short Sleeve Polo Shirt | Navy,Polos,8,1,6,2024-07-01
p_rhk5rdjr7y,Short Sleeve Shirt | Crew Neck | Tall | Heather Voyager,T-Shirts,0,0,0,2024-07-01
p_rhugz6jch8,Jeans | Slim | Authentic Stretch | Light Indigo Wash,Jeans,0,0,0,2024-07-01
p_rhxjthz5x8,Shorts | Active Comfort | Dark Heather Burgundy,Swim Shorts,0,0,0,2024-07-01
p_rnmhwn9kcu,Chino Pants | Slim Twill | Navy,Pants,0,0,1,2024-07-01
p_rpcku7uhxu,Short Sleeve T-Shirt | V-Neck | Mahogany,T-Shirts,0,0,0,2024-07-01
p_rpenkmstmg,Short Sleeve T-Shirt | Active | Crew | Heather Centurion,T-Shirts,0,0,4,2024-07-01
p_rpwqburrmc,Polo Shirt | Active | Dark Heather Cadet,Polos,0,0,0,2024-07-01
p_rquj6mrdex,Shorts | Active Comfort | Dark Heather Navy,Shorts,0,0,0,2024-07-01
p_rua2yj3jmt,Short Sleeve T-Shirt | Crew Neck | Heather Dark Oak,T-Shirts,0,0,1,2024-07-01
p_ryght7etrs,Short Sleeve T-Shirt | V-Neck | Bluestone,T-Shirts,1,1,0,2024-07-01
p_s49r5jxnqq,Short Sleeve T-Shirt | V-Neck | White,T-Shirts,0,0,0,2024-07-01
p_s57sjtnm4q,Chino Pants | Straight Twill | Meadow,Pants,0,0,0,2024-07-01
p_s6hq3cbp99,Short Sleeve Shirt | Polo | Heather Indigo,Polos,6,1,10,2024-07-01
p_s7c853uk5c,Puffer Jacket | Black,Puffer Jackets,0,0,2,2024-07-01
p_s7yfamyjwt,Short Sleeve T-Shirt | V-Neck | Black,T-Shirts,0,0,0,2024-07-01
p_saytmbtmak,"Shorts | Classic Twill | 9"" | Black",Shorts,0,0,1,2024-07-01
p_sfn5q4bv26,Short Sleeve Shirt | Active | Polo | Dark Heather,Polos,0,0,5,2024-07-01
p_sgut9a5tns,Polo Shirt | Light Heather Gray,Polos,0,0,5,2024-07-01
p_shc7xvk932,Long Sleeve T-Shirt | Crew Neck | Active | Evergreen Heather,T-Shirts,0,0,0,2024-07-01
p_shcbhfeqaq,Pullover Sweatshirt | Fleece French Terry | Crew Neck | Military Green,Sweatshirt,0,0,1,2024-07-01
p_shhxbvvxxp,Short Sleeve T-Shirt | Active | Crew Neck | Heather Indigo,T-Shirts,0,0,4,2024-07-01
p_spf5g5jf32,Chino Pants | Twill | Slim | Khaki,Pants,0,0,1,2024-07-01
p_spgwfvgehe,Long Sleeve Button Up Shirt | Heather Navy,Button Down Shirts,0,0,1,2024-07-01
p_sph8dsebwy,Pullover Sweatshirt | Crew | Fleece French Terry | Dark Oak,Sweatshirt,0,0,1,2024-07-01
p_srwzc2wwq6,Long Sleeve Henley Shirt | Burgundy,T-Shirts,0,0,0,2024-07-01
p_svsvrfrcb6,Long Sleeve T-Shirt | Active | Crew Neck | Black,T-Shirts,0,0,0,2024-07-01
p_szpx92nwke,Hoodie | Zip | Fleece French Terry | Carbon,Hoodie,0,0,0,2024-07-01
p_t2tpzxuynp,Joggers | Active | Dark Heather Navy ,Sweatpants & Joggers,0,0,0,2024-07-01
p_t4px9w63de,Short Sleeve T-Shirt | Crew Neck | Navy,T-Shirts,21,4,27,2024-07-01
p_t58yx24wsb, Long Sleeve T-Shirt | Hooded | Navy,Sweatshirt,0,0,0,2024-07-01
p_t83m3bqcj4,Pants | Commuter | Khaki,Pants,0,0,1,2024-07-01
p_tbp6wvu828,Short Sleeve T-Shirt | V-Neck | Heather Military Green ,T-Shirts,0,0,0,2024-07-01
p_tdz6dj3k93,Shell Jacket | Active | Charcoal Heather Gray,Jacket,0,0,0,2024-07-01
p_tfc9aqbuz4,Short Sleeve T-Shirt | Crew Neck | Military Green,T-Shirts,19,4,7,2024-07-01
p_tgudk6vxpb,Short Sleeve T-Shirt | V-Neck | Military Green,T-Shirts,0,0,0,2024-07-01
p_tjh5t8a6tw,Long Sleeve Shirt | Crew Neck | Navy,Shirt,0,0,0,2024-07-01
p_tmjb73g498,Short Sleeve Shirt |  Polo | Tall | Heather Navy ,Polos,0,0,1,2024-07-01
p_tpv8fcqeja,Ankle Socks | Active | 3-Pack | Heather Gray ,Socks,0,0,0,2024-07-01
p_tpzfdnukzs,Long Sleeve Crew Neck | Active | Navy,T-Shirts,0,0,0,2024-07-01
p_ttdapkruav,Hoodie | Pullover | Fleece French Terry | Heather Gray,Hoodie,0,0,4,2024-07-01
p_ttezb89gxf,Short Sleeve T-Shirt | Crew Neck | Heather Mauve,T-Shirts,0,0,1,2024-07-01
p_twpefb4vpq,Long Sleeve Henley | White,T-Shirts,1,1,1,2024-07-01
p_u25kmysesj,Jeans | Comfort | Straight Fit | Medium Gray Wash,Jeans,0,0,0,2024-07-01
p_u2rhgedcvp,Long Sleeve Polo Shirt | White,Polos,0,0,0,2024-07-01
p_u3ffx96ehp,Short Sleeve T-Shirt | Tall | Active Crew Neck | Black,T-Shirts,0,0,2,2024-07-01
p_u4zzshtv4s,Short Sleeve T-Shirt | V-Neck | Heather Navy,Shirt,0,0,0,2024-07-01
p_u9kx69bqms,Never Show Socks | Active | White | 3-Pack,Socks,0,0,1,2024-07-01
p_u9qz9yabud,Jeans | Comfort | Slim Fit | Indigo Wash,Jeans,0,0,7,2024-07-01
p_ubarpzrdvd,Jacket | Sweater Fleece | Gray,Knit Sweaters,0,0,1,2024-07-01
p_ucy8r4cqe3,Joggers | Active | Dark Heather Burgundy,Sweatpants & Joggers,0,0,0,2024-07-01
p_udqn8s72v2,Short Sleeve T-Shirt | Crew Neck | Tall Round Hem | Navy,T-Shirts,0,0,5,2024-07-01
p_ufjg6nn927,Long Sleeve T-Shirt | Tall | Black,T-Shirts,0,0,0,2024-07-01
p_ug6duq4hvt,Short Sleeve T-Shirt | Crew Neck | Heather Navy,Shirt,0,0,2,2024-07-01
p_ug78456eub,Pullover Hoodie | Fleece French Terry | Mahogany,Hoodie,0,0,0,2024-07-01
p_ujs2rxbwwy,Long Sleeve | Active | Crew Neck | Charcoal Heather Gray,T-Shirts,0,0,0,2024-07-01
p_ukpa96wyhm,Long Sleeve Button Up Shirt | Stretch Oxford | Light Gray ,Button Down Shirts,0,0,0,2024-07-01
p_un65wg283k,Long Sleeve Tee And Jogger Set | Loungewear | Heather Navy,Sweatshirt,0,0,0,2024-07-01
p_up97jdnnsw,Short Sleeve T-Shirt | Crew Neck | Heather Sapphire,T-Shirts,0,0,7,2024-07-01
p_uqg73gd526,Short Sleeve T-Shirt | V-Neck | Dark Olive,T-Shirts,0,0,0,2024-07-01
p_utfqrxy94f,Shorts | Commuter | Black,Shorts,0,0,2,2024-07-01
p_uwgqdnnawm, Short Sleeve Polo Shirt | Tall | Charcoal Heather Gray,Polos,0,0,0,2024-07-01
p_uwm4psyppk,Short Sleeve T-Shirt | Tall | Crew Neck | Straight Hem | Black,T-Shirts,0,0,2,2024-07-01
p_uwx92gahmk,Long Sleeve Henley Shirt | Mahogany,T-Shirts,0,0,0,2024-07-01
p_v4vw7cyjx6,Short Sleeve T-Shirt | Active | Crew Neck | Tall | White,T-Shirts,0,0,0,2024-07-01
p_v5bwyyhget,Short Sleeve Button Up Shirt | Commuter | Carbon,Button Down Shirts,0,0,4,2024-07-01
p_v8pfb5wryd,Hoodie | Waffle | Military Green,Hoodie,12,3,9,2024-07-01
p_v9vmgr3m4t,Short Sleeve Polo Shirt | Tall | Black,Polos,0,0,5,2024-07-01
p_vaexg8brvb,Short Sleeve Shirt | Tall | Crew Neck | Heather Navy,T-Shirts,0,0,2,2024-07-01
p_vdzeqmc9rs,Crew Socks | Active | White | 3-Pack,Socks,0,0,3,2024-07-01
p_vhct7fnamt,Sweater Fleece Jacket | Black,Jacket,0,0,0,2024-07-01
p_vhh2e6dge7,Short Sleeve T-Shirt | Crew Neck | Mellow Yellow,T-Shirts,0,0,0,2024-07-01
p_vjfh4zw9pd,Short Sleeve Polo Shirt | Active | Black,Polos,0,0,2,2024-07-01
p_vjgaj8nyrd,Scarf | Sweater | Heather Gray,Scarf,0,0,0,2024-07-01
p_vjj8djm98g,"Training Shorts | 2-in-1 | 7"" | Voyager",Athletic Shorts,0,0,0,2024-07-01
p_vkp29t8hpk,Sleeveless Muscle Tee | Active | Black,Athletic Tops,51,2,6,2024-07-01
p_vm4udwbmec,Ankle Socks | 3-Pack | Black,Socks,0,0,0,2024-07-01
p_vnexp6dh3m,Short Sleeve Shirt | Polo | Active | Heather Centurion,Polos,0,0,4,2024-07-01
p_vp3anzz9s3,Long Sleeve Button Up Shirt | White,Button Down Shirts,0,0,1,2024-07-01
p_vqc6jejd69,Long Sleeve Button Up Shirt | Do-It-All Comfort | Black,Button Down Shirts,0,0,3,2024-07-01
p_vrmxbznmh9,Long Sleeve Henley Shirt | Indigo,Shirt,0,0,0,2024-07-01
p_vst6extntp,Jogger | Active | Heather Gray,Sweatpants & Joggers,0,0,1,2024-07-01
p_vtkmnr87v2,Long Sleeve T-Shirt | Active | Crew Neck | Navy,T-Shirts,0,0,0,2024-07-01
p_vubwwnzvnt,Long Sleeve Shirt | Active | Crew Neck | Dark Heather Cadet,T-Shirts,0,0,0,2024-07-01
p_vvkaza7v48,Long Sleeve Button Up Shirt | Commuter | Black,Button Down Shirts,0,0,2,2024-07-01
p_vxfj55w6ma,Short Sleeve Shirt | Polo | Heather Burgundy,Polos,9,1,8,2024-07-01
p_vybqnpjdfb,Short Sleeve T-Shirt | Active | Crew | Dark Heather Tempest,T-Shirts,0,0,0,2024-07-01
p_w24fe8f3xz, Short Sleeve T-Shirt | V-Neck | Mellow Yellow,T-Shirts,0,0,0,2024-07-01
p_w7ysprckp8,Pants | Active Comfort | Straight Leg | Heather Navy,Sweatpants & Joggers,0,0,2,2024-07-01
p_w99wqwtmd8,Performance Shirt | Quarter Zip | Black,Athletic Tops,0,0,1,2024-07-01
p_wc3k5eupk3,Short Sleeve T-Shirt | V-Neck | Pale Blue,T-Shirts,0,0,0,2024-07-01
p_wctjf5cy38,Short Sleeve T-Shirt | Crew Neck | Heather Seafarer,T-Shirts,0,0,0,2024-07-01
p_wht3v5efkm, Long Sleeve Shirt | Waffle Crew | Deep Sea Blue,T-Shirts,0,0,0,2024-07-01
p_wj3u3m87yx,Short Sleeve T-Shirt | Active | Crew Neck | Black,T-Shirts,0,0,1,2024-07-01
p_wtfwp7uyps,Long Sleeve T-Shirt | Crew Neck | Heather Dark Oak,T-Shirts,0,0,0,2024-07-01
p_wtnvenruq9,Jeans | Comfort | Straight Fit | Medium indigo Wash,Jeans,0,0,11,2024-07-01
p_wue6hk6hmr,Short Sleeve T-Shirt | V-Neck | Steel,T-Shirts,0,0,0,2024-07-01
p_wungd9j4dh,"Shorts | Active Training | 7"" | Black",Shorts,0,0,6,2024-07-01
p_wvdzacyaq8,Short Sleeve T-Shirt | Crew Neck | Heather Garnet,T-Shirts,0,0,4,2024-07-01
p_wzprzguypw,Chino Pants | Comfort | Sandstone,Pants,0,0,9,2024-07-01
p_x285vx432e,Ankle Socks | White | 3-Pack,Socks,0,0,0,2024-07-01
p_x443echvnq,"Chino Shorts | Comfort | 7"" | Military Green",Shorts,0,0,1,2024-07-01
p_x525p5gyt4,Short Sleeve Sweater Polo Shirt | Moss,T-Shirts,0,0,0,2024-07-01
p_x5p88uuzy5,Joggers | Active | Dark Heather Indigo,Sweatpants & Joggers,0,0,3,2024-07-01
p_x5pshyk4q9,Short Sleeve Shirt | Polo | Heather Graphite,Polos,6,1,8,2024-07-01
p_x7cgdhmyp3,Short Sleeve Shirt | Polo | Heather Navy,Polos,21,3,12,2024-07-01
p_x8z28nbvwg,Short Sleeve T-Shirt | Crew Neck | Heather Gray,T-Shirts,0,0,0,2024-07-01
p_xa4dn5yc22,Short Sleeve Polo Shirt | Tall | Navy,Polos,0,0,5,2024-07-01
p_xafkdxwnvm,Hoodie | Waffle | Black,Hoodie,2,1,2,2024-07-01
p_xdyn8gxhhe, Long Sleeve Shirt | Waffle | Crew Neck | Dark Oak,Sweatshirt,0,0,0,2024-07-01
p_xdyq8mewrc,Short Sleeve Button Up Shirt | Black,Button Down Shirts,0,0,6,2024-07-01
p_xfct3t2vkk,Hoodie | Waffle | Mahogany,Hoodie,2,1,1,2024-07-01
p_xgzt58skmg,Jeans | Straight Authentic Stretch | Medium Indigo Wash,Jeans,0,0,6,2024-07-01
p_xhhgk2nnba,Short Sleeve T-Shirt | Crew Neck | Heather Burgundy ,Shirt,0,0,1,2024-07-01
p_xhubfpt2bh,Long Sleeve Shirt | Ripstock Commuter | Olive,Shirt,0,0,0,2024-07-01
p_xngupz8qg8,Long Sleeve Shirt | Active | Crew | Heather Military Green ,T-Shirts,0,0,1,2024-07-01
p_xnzebcgf9j,Zip Hoodie | Fleece French Terry | Black,Hoodie,0,0,1,2024-07-01
p_xpmubyp2yg,"Chino Shorts | Comfort | 9"" | Slate Green",Shorts,0,0,3,2024-07-01
p_xqcme6qpqk,Hoodie | Full Zip | Active Comfort | Heather Navy,Hoodie,0,0,1,2024-07-01
p_xqh3f9cwus,Short Sleeve T-Shirt | V-Neck | Heather Emerald,T-Shirts,0,0,0,2024-07-01
p_xrvchd55bc,Short Sleeve Shirt | Tall | Crew | Heather Military Green ,Screen Printed T-Shirts,0,0,0,2024-07-01
p_xsbj94sm6q,Shorts | Fleece French Terry | Heather Gray ,Shorts,0,0,2,2024-07-01
p_xug2xuwpqn,Long Sleeve Button Up Shirt | Stretch Oxford | White,Shirt,0,0,0,2024-07-01
p_xvg4py479t,Short Sleeve T-Shirt | V-Neck | Heather Sage,T-Shirts,0,0,0,2024-07-01
p_xx645fy2er,Short Sleeve T-Shirt | Crew Neck | Pink Opal,T-Shirts,0,0,0,2024-07-01
p_xzhwz3h8uh,Short Sleeve T-Shirt | Crew Neck | Heather Light Khaki,Sweatshirt,0,0,0,2024-07-01
p_y3r2ug2mpu,Short Sleeve T-Shirt | Crew Neck | Active | Heather Forest ,T-Shirts,0,0,2,2024-07-01
p_y5u5gs4evr,Chino Pants | Straight | Twill | Navy,Pants,0,0,0,2024-07-01
p_y6cg76w8k6,Socks | Half Crew | 3-Pack | Heather Gray,Socks,0,0,0,2024-07-01
p_yabrk8yt6y,Long Sleeve Button Up Shirt | Commuter | White,Button Down Shirts,0,0,2,2024-07-01
p_yb98yp2sqv,Jeans | Slim | Authentic Stretch | Indigo Rinse,Jeans,0,0,8,2024-07-01
p_ydptv6rbpw,Gradient Classic Polarized Sunglasses,Sunglasses,0,0,0,2024-07-01
p_yev838e3bk,Hoodie | Waffle | Dark Olive,Hoodie,0,0,0,2024-07-01
p_yg5234hu8z,Short Sleeve Sweater Polo Shirt | Centurion,Polos,0,0,0,2024-07-01
p_yhput7au44,Long Sleeve Shirt | Henley | Dark Olive,T-Shirts,0,0,0,2024-07-01
p_yjazyejt4q,T-Shirt | V-Neck | Charcoal Heather Gray,Shirt,0,0,0,2024-07-01
p_ymb5bq3vdv,Fleece Shacket | Navy,Shirt Jackets,1,1,1,2024-07-01
p_yp2v99qxbf,Classic Polarized Sunglasses | Black Mirror,Sunglasses,0,0,4,2024-07-01
p_yqusyfjxtf,Jacket | Hooded Puffer | Gunmetal,Puffer Jackets,0,0,0,2024-07-01
p_yra4pxjn2n,Hoodie | Full Zip | Fleece French Terry | Charcoal Heather,Hoodie,0,0,0,2024-07-01
p_yrp9cazs3k,Long Sleeve Shirt | Ripstop Commuter | Olive,Shirt,0,0,0,2024-07-01
p_ys335pw23m,Pants | Active Comfort | Straight Leg | Black,Sweatpants & Joggers,0,0,1,2024-07-01
p_ysyjzgmtu6,Hoodie | Active | Evergreen Heather ,Hoodie,0,0,0,2024-07-01
p_yszdpmgyju,Scarf | Evergreen Sweater,Scarf,0,0,0,2024-07-01
p_yupfqc6yfm,Short Sleeve Shirt | V-Neck | Charcoal Heather Gray,T-Shirts,0,0,0,2024-07-01
p_yw7vvn467f,Long Sleeve T-Shirt | Crew Neck | Dark Olive ,T-Shirts,0,0,0,2024-07-01
p_z7kat66jsb,Puffer Vest | Black,Outerwear Vests,0,0,0,2024-07-01
p_z7xekuufwm,Ecru Do-It-All Comfort Long Sleeve Button Up Shirt,Button Down Shirts,0,0,0,2024-07-01
p_z9gg92dcqx,Short Sleeve Polo Shirt | Charcoal Heather Gray ,Polos,0,0,5,2024-07-01
p_zc2fube8nb,Short Sleeve Polo Shirt | Periwinkle Blue,Polos,0,0,0,2024-07-01
p_zc74ftx9hy,Pique Crew Sweater | Charcoal Heather Gray,Knit Sweaters,0,0,0,2024-07-01
p_zd6gtes7qp,Chino Pants | Straight Twill | Centurion,Pants,0,0,0,2024-07-01
p_zf9muhc3as,Shorts | Active Comfort | Dark Heather Indigo,Shorts,0,0,0,2024-07-01
p_zfqbnz8zdc,Short Sleeve Shirt | Sweater Polo | Heather Gray ,Polos,0,0,0,2024-07-01
p_zm5cpgbxrk,Short Sleeve T-Shirt | Crew Neck | Sapphire,T-Shirts,0,0,2,2024-07-01
p_znfcswnte7,Hoodie | Active | Charcoal Heather Gray,Hoodie,0,0,1,2024-07-01
p_zp4vn3rtz4,Long Sleeve T-Shirt | Crew Neck | Deep Sea Blue ,T-Shirts,0,0,0,2024-07-01
p_zpj5m6rzbh,Pullover Hoodie | Fleece French Terry | Dark Oak,Hoodie,0,0,0,2024-07-01
p_zrt8e4hahp,Chino Pants | Straight | Twill | Black,Pants,0,0,2,2024-07-01
p_zscv6ea69y,Short Sleeve T-Shirt | Crew Neck | Heather Voyager,T-Shirts,0,0,1,2024-07-01
p_ztgcvk5gkn,Short Sleeve Tee | Loungewear | Heather Navy,T-Shirts,0,0,0,2024-07-01
p_zwuqmdbfnt,Short Sleeve | Active Crew Neck | Tall Charcoal Heather Gray,T-Shirts,0,0,0,2024-07-01
p_zwwudtzed5,Hoodie | Active | Deep Sea Blue Heather,Hoodie,0,0,0,2024-07-01
p_zymrwj8fj9,Short Sleeve T-Shirt | Crew Neck | Mahogany,T-Shirts,0,0,2,2024-07-01
p_zzvxdda285,Fleece Shacket | Black,Jacket,0,0,0,2024-07-01
p_2432p8f6a5,"Shorts | Active Training | 7"" | Navy",Shorts,0,0,0,2024-07-01
p_28tc85jmdq,Military Green Waffle Long Sleeve Crew Neck,Sweatshirt,0,0,0,2024-07-01
p_29aky289rv,Navy Fleece French Terry Short,Shorts,0,0,0,2024-07-01
p_2krzrc4m74,Jogger | Fleece French Terry | Carbon,Sweatpants & Joggers,0,0,0,2024-07-01
p_2mwcc7hpkx,Light Heather Gray Sleeveless Active Muscle Tee,Tank Top,0,0,0,2024-07-01
p_2rhbv3znrg,Heather Navy Active Shell Jacket,Jacket,0,0,0,2024-07-01
p_2vpu7ymaay,Commuter Short | Black,Shorts,0,0,0,2024-07-01
p_36tbyhq9p3,Navy Fleece Shacket,Shirt Jackets,0,0,0,2024-07-01
p_37z5p8b2wz,Heather Dark Orchid Short Sleeve Vee Neck T-Shirt,Shirt,0,0,0,2024-07-01
p_39acmqrp48,White Never Show Socks 3-Pack,Socks,0,0,0,2024-07-01
p_3dxryrdx2k,Medium Indigo Wash Slim Authentic Stretch Jeans,Jeans,0,0,0,2024-07-01
p_3he4jy8f99,"Shorts | Active Training | 7"" | Carbon",Shorts,0,0,0,2024-07-01
p_3kckyj2khu,Heather Navy Loungewear Short Sleeve Tee And Pant Set,Lounge Sweatpants & Joggers,0,0,0,2024-07-01
p_3mav9fu9q9,"Shorts | Active Training 7"" | Black",Shorts,0,0,0,2024-07-01
p_3rcm54jqbs,Navy Waffle Hoodie,Hoodie,0,0,0,2024-07-01
p_3t9x6drd9q,Never Show Socks | 3-Pack | Black,Socks,0,0,0,2024-07-01
p_3vtx7z4d8y,Heather Dusty Pink V-Neck T-Shirt,Screen Printed T-Shirts,0,0,0,2024-07-01
p_456rdfdknv,Navy Long Sleeve Button Up Shirt,Shirt,0,0,0,2024-07-01
p_4ssfur9upr,Pale Blue Button Up Shirt,Button Down Shirts,0,0,0,2024-07-01
p_4xegh3d2dq,Short Sleeve Polo Shirt | Active | White,Polos,0,0,0,2024-07-01
p_55tcz9qg6f,Black Boxer Briefs 3-Pack,Underwear,0,0,0,2024-07-01
p_5crt48k7v7,Navy Short Sleeve Button Up Shirt,Shirt,0,0,0,2024-07-01
p_5ez35speq8,Medium Indigo Wash Long Sleeve Chambray Shirt,Shirt,0,0,0,2024-07-01
p_5uapency29,Navy Waffle Long Sleeve Crew Neck,Sweatshirt,0,0,0,2024-07-01
p_5uvd4uv28m,Mahogany Waffle Hoodie,Hoodie,0,0,0,2024-07-01
p_5z9rynrdat,Dark Oak Long Sleeve Waffle Crew,Sweatshirt,0,0,0,2024-07-01
p_64vbv6tpdm,Heather Gray Fleece French Terry Shorts,Shorts,0,0,0,2024-07-01
p_6uh7rmkygu,Black Active Quick Dry Short with Liner,Swim Shorts,0,0,0,2024-07-01
p_75westm75x,Light Indigo Wash Straight Authentic Stretch Jeans,Jeans,0,0,0,2024-07-01
p_7bmm7jjbng,Heather Gray Long Sleeve Lightweight Flannel Shirt,Button Down Shirts,0,0,0,2024-07-01
p_7ekanr458k,Long Sleeve T-Shirt | Active | Crew Neck | Heather Burgundy,Shirt,0,0,0,2024-07-01
p_7fgbszq45t,Heather Voyager Short Sleeve Vee Neck T-Shirt,T-Shirts,0,0,0,2024-07-01
p_7nraatq97j,Steel Short Sleeve Crew Neck T-Shirt,T-Shirts,0,0,0,2024-07-01
p_7sfgw9sa4n,Medium Indigo Wash Straight Authentic Stretch Jeans,Jeans,0,0,0,2024-07-01
p_85umjtnpsy,Sweater Scarf | Black,Scarf,0,0,0,2024-07-01
p_8an2wybh3y,Charcoal Heather Gray Active Comfort Short,Athletic Shorts,0,0,0,2024-07-01
p_8fx2h79sez,Black Slippers,Slippers,0,0,0,2024-07-01
p_8hbywkfrwc,Military Green Fleece French Terry Short,Shorts,0,0,0,2024-07-01
p_9f3wn27yj9,Indigo Rinse Slim Authentic Stretch Jeans,Jeans,0,0,0,2024-07-01
p_9h2qsu97ew,Dark Heather Navy Active Comfort Short,Shorts,0,0,0,2024-07-01
p_9u87cuwg9k,Boxer Briefs | 3-Pack | Carbon,Underwear,0,0,0,2024-07-01
p_9ueremsrcn,Heather Navy Short Sleeve Loungewear Tee,T-Shirts,0,0,0,2024-07-01
p_a7p3mw83t9,Heather Military Green Active Long Sleeve Crew Neck,T-Shirts,0,0,0,2024-07-01
p_ab6dzqm4qc,Jogger | Fleece French Terry | Charcoal Heather Gray,Sweatpants & Joggers,0,0,0,2024-07-01
p_adhb2jnwk7,Military Green Tall Straight Hem Crew Neck T-Shirt,T-Shirts,0,0,0,2024-07-01
p_aj728cj6p2,Reversible Casual Belt,Belt,0,0,0,2024-07-01
p_ap2c64hjnc,Dark Olive Long Sleeve Waffle Crew,Shirt,0,0,0,2024-07-01
p_atrr9sdp25,Charcoal Heather Gray Short Sleeve Tall Polo Shirt,Polos,0,0,0,2024-07-01
p_aw48ckctp9,Shorts | Active | Quick Dry Short with Liner | Burgundy,Swim Shorts,0,0,0,2024-07-01
p_b9pagk3ugb,Shorts | Active Comfort | Black,Shorts,0,0,0,2024-07-01
p_bmga62pefz,"Chino Shorts | Comfort | 9"" | Sandstone ",Shorts,0,0,0,2024-07-01
p_bpux6v6hy3,Moss Short Sleeve Sweater Polo Shirt,T-Shirts,0,0,0,2024-07-01
p_cad333s5q5,Long Sleeve T-Shirt | Active | Crew Neck | Heather Burgundy,Sweatshirt,0,0,0,2024-07-01
p_cguvv472kt,Heather Navy Loungewear Pant,Pants,0,0,0,2024-07-01
p_ch7bwuavhv,Heather Gray Sweater Scarf,Scarf,0,0,0,2024-07-01
p_csr594d6ws,Heather Navy Loungewear Jogger,Sweatpants & Joggers,0,0,0,2024-07-01
p_cyyubbh7u4,Mahogany Fleece French Terry Jogger,Sweatpants & Joggers,0,0,0,2024-07-01
p_d47n8u8fab,Black Long Sleeve Henley,Shirt,0,0,0,2024-07-01
p_d53wqyy6nw,Oatmeal Sweater Hoodie,Hoodie,0,0,0,2024-07-01
p_e6aypq2yyn,Hoodie | Active Comfort | Full Zip | Charcoal Heather ,Hoodie,0,0,0,2024-07-01
p_eaxfgdw35q,Medium Gray Wash Slim Fit Comfort Jeans,Jeans,0,0,0,2024-07-01
p_ebtxk5mjkc,Teal Boxer Briefs 3-Pack,Underwear,0,0,0,2024-07-01
p_ejzn2bhevc,Evergreen Heather Long Sleeve Waffle Crew,Sweatshirt,0,0,0,2024-07-01
p_ex8zw8z5dh,Heather Sapphire Short Sleeve Crew Neck T-Shirt,T-Shirts,0,0,0,2024-07-01
p_f3v8s3b963,Charcoal Heather Gray Loungewear Short Sleeve Tee And Pant Set,Sweatpants & Joggers,0,0,0,2024-07-01
p_fdgw8vn8mw,Indigo Wash Straight Fit Comfort Jeans,Jeans,0,0,0,2024-07-01
p_fm6edfx4ep,Military Green Fleece French Terry Jogger,Sweatpants & Joggers,0,0,0,2024-07-01
p_fqsqmarq3k,Mahogany Long Sleeve T-Shirt,Shirt,0,0,0,2024-07-01
p_fsar8whm4b,Dark Oak Waffle Hoodie,Hoodie,0,0,0,2024-07-01
p_ga52js5nmp,White Never Show Socks 3-Pack,Socks,0,0,0,2024-07-01
p_ggkq2n25rk,Waffle Hoodie | Carbon,Hoodie,0,0,0,2024-07-01
p_gkhuhrbvc5,Light Indigo Wash Long Sleeve Chambray Shirt,Shirt,0,0,0,2024-07-01
p_gky7ujn5kk,Military Green Boxer Briefs 3-Pack,Underwear,0,0,0,2024-07-01
p_grdphsazq4,Reversible Dress Belt,Belt,0,0,0,2024-07-01
p_h4edseg6hf,Heather Navy Active Comfort Pullover Hoodie,Hoodie,0,0,0,2024-07-01
p_h8jucbuvcu,Heather Navy Pique Crew Sweater,Knit Sweaters,0,0,0,2024-07-01
p_hcstkqf7xs,Navy Boxer Briefs 3-Pack,Underwear,0,0,0,2024-07-01
p_hdbwf4s669,Heather Gray Tall Straight Hem Crew Neck T-Shirt,T-Shirts,0,0,0,2024-07-01
p_heevyaqhce,"Shorts | Classic Twill | 9"" | Sandstone",Shorts,0,0,0,2024-07-01
p_hfj965wa8c,Charcoal Heather Gray Loungewear Long Sleeve Tee And Jogger Set,Sweatshirt,0,0,0,2024-07-01
p_hj4kerceu3,Heather Gray Sweater Beanie,Beanie,0,0,0,2024-07-01
p_hubt8gp9tb,Chino Shorts | Comfort | Slate Green,Shorts,0,0,0,2024-07-01
p_jdy7juawjw,Heather Gray Pique Crew Sweater,Knit Sweaters,0,0,0,2024-07-01
p_jgj485u9gx,Heather Gray Hooded Long Sleeve T-Shirt,Hoodie,0,0,0,2024-07-01
p_jnvzcqrwxp,Khaki Commuter Short,Shorts,0,0,0,2024-07-01
p_juczmrnmtc,"Shorts | Comfort Chino | 9"" | Carbon",Shorts,0,0,0,2024-07-01
p_jw2fyemxq7,"Chino Shorts | Comfort | 9"" | Khaki",Shorts,0,0,0,2024-07-01
p_jxeh4td3j3,"Shorts | 9"" | Classic Twill | Centurion",Shorts,0,0,0,2024-07-01
p_kdjpvxj7fs,White Half Crew Sock 3-Pack,Socks,0,0,0,2024-07-01
p_kyjxexravk,Heather Gray Active Crew Socks 3-Pack,Socks,0,0,0,2024-07-01
p_mnk33hmpwg,Short Sleeve Polo | Active | White,Polos,0,0,0,2024-07-01
p_mrvwze8wph,White Ankle Socks 3-Pack,Socks,0,0,0,2024-07-01
p_mxsupz7eaq,Navy Coaches Jacket,Jacket,0,0,0,2024-07-01
p_n2cq64ucyu,"Chino Shorts | Comfort | 9"" | Sapphire",Shorts,0,0,0,2024-07-01
p_n52bwwvypc,White Active Crew Socks 3-Pack,Socks,0,0,0,2024-07-01
p_n5vm5c3nb9,"Chino Shorts | Comfort | 7"" | Black",Shorts,0,0,0,2024-07-01
p_n6kve3ddkw,Heather Navy Long Sleeve Ripstop Commuter Shirt,Shirt,0,0,0,2024-07-01
p_ne28r8hbv2,Heather Seafarer Short Sleeve Crew Neck T-Shirt,T-Shirts,0,0,0,2024-07-01
p_ngty2gftav,White Active Never Show Socks 3-Pack,Socks,0,0,0,2024-07-01
p_njb9h744v3,Indigo Rinse Straight Authentic Stretch Jeans,Jeans,0,0,0,2024-07-01
p_nqbh5bzsfh,Heather Gray Long Sleeve Polo,Polos,0,0,0,2024-07-01
p_ntuxn2s2c5,Polo Shirt | Yellow,Polos,0,0,0,2024-07-01
p_nuk7mzc8jt,Navy Active Quick Dry Short with Liner,Swim Shorts,0,0,0,2024-07-01
p_nyn3pcwdu8,Light Indigo Wash Slim Authentic Stretch Jeans,Jeans,0,0,0,2024-07-01
p_p54vvkv29d,Light Heather Gray Quarter Zip Performance Shirt,Athletic Tops,0,0,0,2024-07-01
p_p58c6d9vvb,Dark Heather Military Green Active Comfort Short,Shorts,0,0,0,2024-07-01
p_pe2azubxe8,Dark Heather Indigo Active Comfort Short,Shorts,0,0,0,2024-07-01
p_perj37fvaa,Periwinkle Blue Polo,Polos,0,0,0,2024-07-01
p_pevetyjchy,Heather Dark Oak V-Neck T-Shirt,Screen Printed T-Shirts,0,0,0,2024-07-01
p_pgq6zgcvgq,Black Fleece French Terry Short,Shorts,0,0,0,2024-07-01
p_phdjj3n8yh,Heather Gray Fleece French Terry Joggers,Sweatpants & Joggers,0,0,0,2024-07-01
p_pxj9zkmurj,Hoodie | Active Comfort | Pullover | Charcoal Heather,Hoodie,0,0,0,2024-07-01
p_pzx9wvv4qb,Heather Mauve Short Sleeve Crew Neck T-Shirt,T-Shirts,0,0,0,2024-07-01
p_qcke957864,"Chino Shorts | Comfort | 7"" | Military Green",Shorts,0,0,0,2024-07-01
p_qh5ucmcku5,Military Green Waffle Hoodie,Hoodie,0,0,0,2024-07-01
p_qj9xh26ctj,Sapphire Short Sleeve Crew Neck T-Shirt,Screen Printed T-Shirts,0,0,0,2024-07-01
p_qjxt4q7gff,Military Green Coaches Jacket,Jacket,0,0,0,2024-07-01
p_qktubda8xw,Heather Sapphire Short Sleeve V-Neck T-Shirt,T-Shirts,0,0,0,2024-07-01
p_qqk283mjjn,Navy Fleece French Terry Jogger,Sweatpants & Joggers,0,0,0,2024-07-01
p_qy223hzmfv,Short Sleeve T-Shirt | Active | Crew Neck | Tall | White,T-Shirts,0,0,0,2024-07-01
p_r2e57cmagz,Joggers | Active | Black,Sweatpants & Joggers,0,0,0,2024-07-01
p_r3b5cqykd8,Heather Gray Never Show Socks 3-Pack,Socks,0,0,0,2024-07-01
p_r6f5ekuzmt,Mahogany V-Neck T-Shirt,Shirt,0,0,0,2024-07-01
p_r6t642amsw,Short Sleeve Button Up Shirt | White,Shirt,0,0,0,2024-07-01
p_r7g7s9ued2,Dark Olive Fleece Shacket,Jacket,0,0,0,2024-07-01
p_rbz7y8npg6,Indigo Wash Slim Fit Comfort Jeans,Jeans,0,0,0,2024-07-01
p_rr9yu69cdx,Heather Mist Short Sleeve Vee Neck T-Shirt,T-Shirts,0,0,0,2024-07-01
p_rujp4wvbzv,Mahogany Long Sleeve Waffle Crew,Sweatshirt,0,0,0,2024-07-01
p_rwwrukwyz9,Charcoal Heather Gray Short Sleeve Tall Active Crew Neck,T-Shirts,0,0,0,2024-07-01
p_sdkp4ngqy8,"Shorts | Active Training | 7"" | Sandstone",Shorts,0,0,0,2024-07-01
p_svgga79dfc,"Chino Shorts | Comfort | 7"" | Slate Green",Shorts,0,0,0,2024-07-01
p_sxcevd7ww2,Heather Oatmeal Crew Neck Sweater,Knit Sweaters,0,0,0,2024-07-01
p_sy5ta2zsks,Heather Cayenne Short Sleeve Crew Neck T-Shirt,Shirt,0,0,0,2024-07-01
p_szsv98dxsn,White Active Ankle Socks 3-Pack,Socks,0,0,0,2024-07-01
p_t3995sdwge,"Shorts | Comfort Chino | 7"" | Carbon",Shorts,0,0,0,2024-07-01
p_ter2rcscz6,Heather Gray Waffle Hoodie,Hoodie,0,0,0,2024-07-01
p_tfhcx4fbf5,Heather Gray Never Show Socks 3-Pack,Socks,0,0,0,2024-07-01
p_tvdv27amhe,Heather Navy Active Comfort Straight Leg Pant,Sweatpants & Joggers,0,0,0,2024-07-01
p_u9t2zm725p,Short Sleeve Active Polo Shirt | Black,Polos,0,0,0,2024-07-01
p_ump27mtkuq,Raspberry Polo,Polos,0,0,0,2024-07-01
p_uqn6yzvkpa,"Chino Shorts | Comfort | 9"" | Navy",Shorts,0,0,0,2024-07-01
p_use9g4kaed,Black Active Never Show Socks 3-Pack,Socks,0,0,0,2024-07-01
p_uy62gqzk94,"Shorts | Comfort Chino | 7"" | Sapphire",Shorts,0,0,0,2024-07-01
p_v4pawc4ufa,Heather Gray Ankle Socks 3-Pack,Socks,0,0,0,2024-07-01
p_v6xzqb4euh,Electric Blue Polo,Polos,0,0,0,2024-07-01
p_v7655zp7an,"Chino Shorts | Comfort | 9"" | Black",Shorts,0,0,0,2024-07-01
p_v7wa7rn4tb,"Shorts | Classic Twill | 9"" | Khaki",Shorts,0,0,0,2024-07-01
p_vahhav9rn7,"Shorts | Classic Twill | 9"" | Black",Shorts,0,0,0,2024-07-01
p_vey4w66jst,Military Green Active Quick Dry Short with Liner,Shorts,0,0,0,2024-07-01
p_vjd833ph3z,Hoodie | Waffle | White,Hoodie,0,0,0,2024-07-01
p_vsyjxxtp4a,Navy Short Sleeve Active Polo Shirt,Polos,0,0,0,2024-07-01
p_vvxrx4e62u,Navy Boxer Trunks 3-Pack,Underwear,0,0,0,2024-07-01
p_wcjsyc8zup,Medium Gray Wash Straight Fit Comfort Jeans,Jeans,0,0,0,2024-07-01
p_wdbckwxtef,Shorts | Active | Quick Dry Short with Liner | Carbon,Swim Shorts,0,0,0,2024-07-01
p_wkggwhgxue,Navy Long Sleeve Lightweight Flannel Shirt,Shirt,0,0,0,2024-07-01
p_wrcbv4f2uu,Navy Hooded Long Sleeve T-Shirt,Sweatshirt,0,0,0,2024-07-01
p_wuqcj8q3tb,Heather Gray Never Show Socks 3-Pack,Socks,0,0,0,2024-07-01
p_x53atty9z2,Steel Short Sleeve V-Neck T-Shirt,T-Shirts,0,0,0,2024-07-01
p_x53vukk5e9,"Shorts | Classic Twill | 9"" | Meadow",Shorts,0,0,0,2024-07-01
p_xanpax5dbd,True Red Polo,Polos,0,0,0,2024-07-01
p_xqd85rvpxs,Black Puffer Jacket,Puffer Jackets,0,0,0,2024-07-01
p_xsa4epqty5,Mahogany Polo,Polos,0,0,0,2024-07-01
p_yacuttmhrh,"Shorts | Classic Twill | 9"" | Navy",Shorts,0,0,0,2024-07-01
p_yefeaupknw,Never Show Socks 3-Pack | White,Socks,0,0,0,2024-07-01
p_yhe8c62x9c,Heather Navy Quarter Zip Performance Shirt,Athletic Tops,0,0,0,2024-07-01
p_yn26dfj46r,Dark Heather Burgundy Active Comfort Short,Swim Shorts,0,0,0,2024-07-01
p_yptjy3dzdz,"Shorts | Classic Twill | 7"" | Navy",Shorts,0,0,0,2024-07-01
p_ys9u6f3mbt,"Chino Shorts | Comfort | 7"" | Khaki",Shorts,0,0,0,2024-07-01
p_yvahsdbd7s,Heather Seafarer Short Sleeve Polo,Polos,0,0,0,2024-07-01
p_yxq99tj7cv,Heather Slate Green Short Sleeve Crew Neck T-Shirt,Shirt,0,0,0,2024-07-01
p_zg2kz56sep,Khaki Coaches Jacket,Jacket,0,0,0,2024-07-01
p_zkfhub8juv,Indigo Boxer Briefs 3-Pack,Underwear,0,0,0,2024-07-01
p_zm7a3rkwma,Navy Tall Straight Hem Crew Neck T-Shirt,T-Shirts,0,0,0,2024-07-01
p_znadcksnfx,Reversible Casual Belt,Belt,0,0,0,2024-07-01
p_zsnvka2svc,Heather Mist Short Sleeve Crew Neck T-Shirt,T-Shirts,0,0,0,2024-07-01
p_zwzpj7gynb,Deep Sea Blue Long Sleeve Waffle Crew,T-Shirts,0,0,0,2024-07-01
